1    1    .000000000000010  .000000000000000  .294104000000000
2    2    .000000000000000  .000000000000010 -.294104000000000
3    3    .500000000000000  .500000000000000 -.205896000000000
4    4    .500000000000000 -.499999999999990  .205896000000000
5    5    .243329000000000  .243329000000010  .000000000000000
6    6   -.243329000000000 -.243329000000000  .000000000000010
7    7   -.243329000000000  .243329000000000  .000000000000010
8    8    .243329000000000 -.243328999999990  .000000000000000
9    9   -.256670999999990 -.256671000000000  .500000000000000
10   10   .256671000000010  .256671000000000  .500000000000000
11   11   .256671000000000 -.256671000000000  .500000000000000
12   12  -.256670999999990  .256671000000000  .500000000000000
13   13   .000000000000000 -.499999999999990  .250000000000000
14   14   .000000000000010  .500000000000000 -.250000000000000
15   15   .500000000000000  .000000000000010  .250000000000000
16   16   .500000000000000  .000000000000010 -.250000000000000
