T         <M>             <M^2>           <M^4>       U_{Binder}        \chi         C_v(tot)         <E>           <E_{exc}>     <E_{lsf}>
0000 1.41251013E+00 2.00532232E+00 4.09589828E+00 6.60484556E-01 3.79386809E+05 5.11334234E+10 -9.88866519E+00 -9.88866519E+00 0.00000000E+00
0010 1.61811565E+00 2.61829837E+00 6.85548737E+00 6.66666616E-01 3.69712452E-04 9.76360639E-01 -9.83324388E+00 -9.83324388E+00 0.00000000E+00
0020 1.60855984E+00 2.58746478E+00 6.69497436E+00 6.66666649E-01 6.27575690E-05 9.65425137E-01 -9.76958192E+00 -9.76958192E+00 0.00000000E+00
0040 1.58898003E+00 2.52485771E+00 6.37490820E+00 6.66666577E-01 1.59442370E-04 1.00056240E+00 -9.64156570E+00 -9.64156570E+00 0.00000000E+00
0060 1.56924290E+00 2.46252363E+00 6.06402607E+00 6.66666478E-01 2.17225457E-04 1.09955508E+00 -9.51270171E+00 -9.51270171E+00 0.00000000E+00
0080 1.54895353E+00 2.39925783E+00 5.75644568E+00 6.66666229E-01 3.68570710E-04 9.98464349E-01 -9.38283734E+00 -9.38283734E+00 0.00000000E+00
0100 1.52864670E+00 2.33676151E+00 5.46046175E+00 6.66666216E-01 2.95438879E-04 1.03277746E+00 -9.25182715E+00 -9.25182715E+00 0.00000000E+00
0120 1.50813624E+00 2.27447647E+00 5.17325731E+00 6.66665757E-01 4.84264951E-04 9.70519815E-01 -9.11993137E+00 -9.11993137E+00 0.00000000E+00
0140 1.48736500E+00 2.21225651E+00 4.89409545E+00 6.66665536E-01 5.01509519E-04 1.07746287E+00 -8.98666989E+00 -8.98666989E+00 0.00000000E+00
0160 1.46609777E+00 2.14944496E+00 4.62013340E+00 6.66665240E-01 5.38185183E-04 1.07159894E+00 -8.85197292E+00 -8.85197292E+00 0.00000000E+00
0180 1.44431356E+00 2.08604552E+00 4.35161814E+00 6.66664198E-01 8.03259953E-04 1.00917861E+00 -8.71645685E+00 -8.71645685E+00 0.00000000E+00
0200 1.42267123E+00 2.02399682E+00 4.09659057E+00 6.66664434E-01 6.34440274E-04 1.02729169E+00 -8.57908193E+00 -8.57908193E+00 0.00000000E+00
0220 1.40010366E+00 1.96029463E+00 3.84278930E+00 6.66663695E-01 7.43560828E-04 1.11272999E+00 -8.44048288E+00 -8.44048288E+00 0.00000000E+00
0240 1.37766083E+00 1.89795602E+00 3.60228757E+00 6.66661991E-01 1.03822964E-03 1.10714305E+00 -8.30060773E+00 -8.30060773E+00 0.00000000E+00
0260 1.35434742E+00 1.83426392E+00 3.36457543E+00 6.66661585E-01 1.00684207E-03 1.15097640E+00 -8.15979089E+00 -8.15979089E+00 0.00000000E+00
0280 1.33107377E+00 1.77176476E+00 3.13920263E+00 6.66661117E-01 9.86116753E-04 1.16764380E+00 -8.01779584E+00 -8.01779584E+00 0.00000000E+00
0300 1.30722808E+00 1.70885502E+00 2.92025227E+00 6.66659041E-01 1.21953604E-03 1.11590130E+00 -7.87551424E+00 -7.87551424E+00 0.00000000E+00
0320 1.28225591E+00 1.64419145E+00 2.70343931E+00 6.66657567E-01 1.31280363E-03 1.14567763E+00 -7.73222678E+00 -7.73222678E+00 0.00000000E+00
0340 1.25844402E+00 1.58369365E+00 2.50816349E+00 6.66656312E-01 1.35423261E-03 1.18504129E+00 -7.58864136E+00 -7.58864136E+00 0.00000000E+00
0360 1.23185997E+00 1.51749021E+00 2.30284459E+00 6.66656816E-01 1.16577692E-03 1.13995397E+00 -7.44486897E+00 -7.44486897E+00 0.00000000E+00
0380 1.20812682E+00 1.45958546E+00 2.13047755E+00 6.66652924E-01 1.48232203E-03 1.19877856E+00 -7.30163406E+00 -7.30163406E+00 0.00000000E+00
0400 1.18100483E+00 1.39479041E+00 1.94554068E+00 6.66649466E-01 1.68437755E-03 1.17339633E+00 -7.15824567E+00 -7.15824567E+00 0.00000000E+00
0420 1.15538206E+00 1.33493026E+00 1.78215906E+00 6.66644171E-01 2.00941453E-03 1.20215009E+00 -7.01515899E+00 -7.01515899E+00 0.00000000E+00
0440 1.12939698E+00 1.27555842E+00 1.62715580E+00 6.66644847E-01 1.77677638E-03 1.22685284E+00 -6.87262704E+00 -6.87262704E+00 0.00000000E+00
0460 1.10109248E+00 1.21243141E+00 1.47011956E+00 6.66637269E-01 2.17684571E-03 1.20520665E+00 -6.72942854E+00 -6.72942854E+00 0.00000000E+00
0480 1.07505972E+00 1.15578075E+00 1.33595547E+00 6.66635142E-01 2.13227715E-03 1.17683338E+00 -6.58633575E+00 -6.58633575E+00 0.00000000E+00
0500 1.04791759E+00 1.09816678E+00 1.20612619E+00 6.66623570E-01 2.65793664E-03 1.16614402E+00 -6.44370069E+00 -6.44370069E+00 0.00000000E+00
0520 1.01902050E+00 1.03843638E+00 1.07848927E+00 6.66623655E-01 2.41775590E-03 1.18836538E+00 -6.29933098E+00 -6.29933098E+00 0.00000000E+00
0540 9.89714773E-01 9.79599437E-01 9.59864520E-01 6.66580013E-01 4.44272097E-03 1.15396595E+00 -6.15501790E+00 -6.15501790E+00 0.00000000E+00
0560 9.58544954E-01 9.18858572E-01 8.44485333E-01 6.66593921E-01 3.35107476E-03 1.18804447E+00 -6.00892106E+00 -6.00892106E+00 0.00000000E+00
0580 9.26849339E-01 8.59109249E-01 7.38273409E-01 6.66574215E-01 3.84251464E-03 1.21529496E+00 -5.86158404E+00 -5.86158404E+00 0.00000000E+00
0600 8.91271518E-01 7.94445415E-01 6.31397884E-01 6.66532325E-01 5.02091531E-03 1.25155933E+00 -5.71090963E+00 -5.71090963E+00 0.00000000E+00
0620 8.55664047E-01 7.32244529E-01 5.36426315E-01 6.66514813E-01 5.04431947E-03 1.32352936E+00 -5.55707578E+00 -5.55707578E+00 0.00000000E+00
0640 8.15507788E-01 6.65140546E-01 4.42644021E-01 6.66491811E-01 5.12208794E-03 1.25165711E+00 -5.39867406E+00 -5.39867406E+00 0.00000000E+00
0660 7.72786172E-01 5.97278567E-01 3.56932603E-01 6.66488278E-01 4.54188455E-03 1.30970627E+00 -5.23777672E+00 -5.23777672E+00 0.00000000E+00
0680 7.21867447E-01 5.21215458E-01 2.71919620E-01 6.66354928E-01 6.76100125E-03 1.40253532E+00 -5.06859107E+00 -5.06859107E+00 0.00000000E+00
0700 6.68074352E-01 4.46476375E-01 1.99614034E-01 6.66210363E-01 8.18178340E-03 1.42628036E+00 -4.89193640E+00 -4.89193640E+00 0.00000000E+00
0720 5.92907788E-01 3.51832860E-01 1.24195998E-01 6.65563592E-01 1.52408168E-02 1.69861956E+00 -4.70361296E+00 -4.70361296E+00 0.00000000E+00
0740 5.00609430E-01 2.51018094E-01 6.34136798E-02 6.64531578E-01 2.06487315E-02 1.67378828E+00 -4.50194122E+00 -4.50194122E+00 0.00000000E+00
0760 3.47069988E-01 1.21634964E-01 1.53477425E-02 6.54214812E-01 5.79775241E-02 1.82592362E+00 -4.27668459E+00 -4.27668459E+00 0.00000000E+00
0780 1.11775252E-01 1.42074426E-02 2.89123082E-04 5.22548028E-01 8.22248380E-02 1.34521472E+00 -4.06071079E+00 -4.06071079E+00 0.00000000E+00
0800 5.61355151E-02 3.67102663E-03 2.21971471E-05 4.50963981E-01 2.43178773E-02 1.09198597E+00 -3.91010398E+00 -3.91010398E+00 0.00000000E+00
0820 4.51057499E-02 2.42209621E-03 9.65164293E-06 4.51600298E-01 1.76883519E-02 9.58757174E-01 -3.78040511E+00 -3.78040511E+00 0.00000000E+00
0840 3.48152749E-02 1.42538955E-03 3.37462027E-06 4.46348453E-01 9.50248661E-03 9.33739885E-01 -3.66216888E+00 -3.66216888E+00 0.00000000E+00
0860 2.92027405E-02 1.01829701E-03 1.76269612E-06 4.33359962E-01 7.20187197E-03 8.30252309E-01 -3.55267429E+00 -3.55267429E+00 0.00000000E+00
0880 2.66379363E-02 8.33605144E-04 1.14157793E-06 4.52399877E-01 5.27451014E-03 8.20053328E-01 -3.45074475E+00 -3.45074475E+00 0.00000000E+00
0900 2.40565647E-02 6.75655249E-04 7.34594815E-07 4.63615409E-01 4.03088716E-03 7.20955536E-01 -3.35381538E+00 -3.35381538E+00 0.00000000E+00
0920 2.20777436E-02 5.72588741E-04 5.47664436E-07 4.43189165E-01 3.46427002E-03 6.79429130E-01 -3.26286071E+00 -3.26286071E+00 0.00000000E+00
0940 2.01636529E-02 4.77606265E-04 3.80753098E-07 4.43606356E-01 2.82805847E-03 6.78826718E-01 -3.17615681E+00 -3.17615681E+00 0.00000000E+00
0960 1.95299077E-02 4.45450882E-04 3.19566314E-07 4.63165904E-01 2.49626356E-03 6.48681850E-01 -3.09446218E+00 -3.09446218E+00 0.00000000E+00
0980 1.85721534E-02 4.08501527E-04 2.86845224E-07 4.27020610E-01 2.42786961E-03 6.76932383E-01 -3.01622705E+00 -3.01622705E+00 0.00000000E+00
1000 1.72885076E-02 3.48903538E-04 2.00091147E-07 4.52106849E-01 1.87162896E-03 5.94780304E-01 -2.94122411E+00 -2.94122411E+00 0.00000000E+00
1020 1.64313649E-02 3.17348489E-04 1.68179732E-07 4.43353439E-01 1.73761587E-03 5.28808825E-01 -2.86959940E+00 -2.86959940E+00 0.00000000E+00
1040 1.53159055E-02 2.77383517E-04 1.31675630E-07 4.29543086E-01 1.54039025E-03 5.35441473E-01 -2.80154266E+00 -2.80154266E+00 0.00000000E+00
1060 1.50690687E-02 2.69347025E-04 1.21916955E-07 4.39831753E-01 1.49238956E-03 4.93883283E-01 -2.73580660E+00 -2.73580660E+00 0.00000000E+00
1080 1.47328109E-02 2.55006732E-04 1.06833057E-07 4.52377721E-01 1.31508399E-03 4.78980971E-01 -2.67277187E+00 -2.67277187E+00 0.00000000E+00
1100 1.40839723E-02 2.34880278E-04 9.45564289E-08 4.28683586E-01 1.24255532E-03 4.63413147E-01 -2.61175240E+00 -2.61175240E+00 0.00000000E+00
1120 1.36480676E-02 2.20774220E-04 8.16857319E-08 4.41364883E-01 1.15295187E-03 4.13964286E-01 -2.55345265E+00 -2.55345265E+00 0.00000000E+00
1140 1.35764987E-02 2.18178910E-04 7.91046264E-08 4.46069735E-01 1.11148867E-03 4.08768488E-01 -2.49792492E+00 -2.49792492E+00 0.00000000E+00
1160 1.28727756E-02 1.96246462E-04 6.48695631E-08 4.38543585E-01 9.85230799E-04 4.63243898E-01 -2.44406693E+00 -2.44406693E+00 0.00000000E+00
1180 1.26318778E-02 1.88792465E-04 5.99023817E-08 4.39786562E-01 9.26985251E-04 3.89696411E-01 -2.39216475E+00 -2.39216475E+00 0.00000000E+00
1200 1.21628765E-02 1.73635881E-04 4.97722429E-08 4.49715846E-01 8.01513876E-04 3.76915613E-01 -2.34241931E+00 -2.34241931E+00 0.00000000E+00
