    .    1    .    2    .    3    .    4    .    5    .    6    .    7
fftffffftffffffffffftftfffffffftfffftffffffftffffffffffffffftfffffttffff
 (/ 2i6, f6.0, 2i6, 2f6.0, 4l6, i6)
  lmax ntype  zval     . icorr     .  pmix   win   wmt f-rel sp-po     .
     8     9  106.     8     4    1.  .020     t     t     t     t     1
 LABEL
 (f12.0)
  7.14322512
 (i6)
     0
 (/ 2f12.0, i6)
       W(Ry)        dE/W     .
       0.003         24.     0
 (i6)
     1 placeholder for obsolete panel index
 (/ i6, 3x, 3i1, i6, 2f6.0, f12.0 /)
  ntls   ... nsets     .     .   log(epst)
     3   111     2    .0    .0        -38.
         T^2   ...  ?   ... sc t^2 = a/S^2         + b
 (f12.0, f5.0, i1, i3, 3i2, l3, f6.0, i3, 6f12.0)
        -0.1   .01  0 1 0 1  f    .0  0          .0
        -2.3   .01  0 1 0 1  f    .0  0          .0
        -1.5   .01  0 1 0 1  f    .0  0          .0
 (3f6.0)
    .0    1.    1.
 (/ (3f18.0))
 R transpose
  1.00000000000000  .000000000000000  .000000000000000
  .000000000000000  1.00000000000000  .000000000000000
  .000000000000000  .000000000000000  1.86203741132350
 (/ 3i6, 4x, 2i1, 2i6)
   ft1   ft2   ft3    ..  diag     .
    36    36    72    00     2     0
 (/ 3f18.0, 5x, a1 // f18.0, i24, f18.0)
                          axis                         coord
  1.00000000000000  .000000000000000  .000000000000000     l
    field(Ry/bohr)   field modulation star    spin mix ratio
              .000                       1               .10
 (// 2i8)
 TYPE 1: species: 26up
   natom   nharm  (L=   0   1   2   3   4   5   6   7   8)
       1      81  (n=   1   4   9  16  25  36  49  64  81)
 (/ (24i3))
 density exponents
  1
  1
  1
  1
 basis exponents
  5  4  3  2  1  0  0  0  0
 (/ (3f18.0, 5x, a1))
              tau1              tau2              tau3     c
 -.499999999991871  .499999999999996 -.273491008204925     l
 (/ i6, 2f12.0, 5x, a1 /)
     n           S          dx coord
   539  .705541606       0.025     v
   539  1.84913830       0.025     a
 (/f6.0, i6, f12.0, 2f6.0, 2x, 2i1, f2.0, 11x, a1//(2i6, f12.0, i12))
     Z    nc      Sinf/S     . Sws/S  ....     ScoFlag
   26.     7          1.    1.    1.  10.0           p
     n     k         occ        flag
     1    -1          2.           0
     2    -1          2.           0
     2     1          2.           0
     2    -2          4.           0
     3    -1          .0           0
     3     1          .0           0
     3    -2          .0           0
    12 Bases
     0     1     1
     0     1     2
     0     1     3
     1     1     1
     1     1     2
     1     1     3
     2     1     1
     2     1     2
     0     2     1
     0     2     2
     1     2     1
     1     2     2
     4     4     3     4     5     6     7     8     9
     0     0    -1     0     0     0     0     0     0
     4     4     3     4     5     6     7     8     9
     0     0    -1     0     0     0     0     0     0
     3     3     3     4     5     6     7     8     9
    -1    -1     0     0     0     0     0     0     0
     3     3     3     4     5     6     7     8     9
    -1    -1     0     0     0     0     0     0     0
 (// 2i8)
 TYPE 2: species: 26up
   natom   nharm  (L=   0   1   2   3   4   5   6   7   8)
       1      81  (n=   1   4   9  16  25  36  49  64  81)
 (/ (24i3))
 density exponents
  1
  1
  1
  1
 basis exponents
  5  4  3  2  1  0  0  0  0
 (/ (3f18.0, 5x, a1))
              tau1              tau2              tau3     c
 -.499999999998420  .499999999999999  .273491003421656     l
 (/ i6, 2f12.0, 5x, a1 /)
     n           S          dx coord
   539  .705541606       0.025     v
   539  1.84913830       0.025     a
 (/f6.0, i6, f12.0, 2f6.0, 2x, 2i1, f2.0, 11x, a1//(2i6, f12.0, i12))
     Z    nc      Sinf/S     . Sws/S  ....     ScoFlag
   26.     7          1.    1.    1.  10.0           p
     n     k         occ        flag
     1    -1          2.           0
     2    -1          2.           0
     2     1          2.           0
     2    -2          4.           0
     3    -1          .0           0
     3     1          .0           0
     3    -2          .0           0
    12 Bases
     0     1     1
     0     1     2
     0     1     3
     1     1     1
     1     1     2
     1     1     3
     2     1     1
     2     1     2
     0     2     1
     0     2     2
     1     2     1
     1     2     2
     4     4     3     4     5     6     7     8     9
     0     0    -1     0     0     0     0     0     0
     4     4     3     4     5     6     7     8     9
     0     0    -1     0     0     0     0     0     0
     3     3     3     4     5     6     7     8     9
    -1    -1     0     0     0     0     0     0     0
     3     3     3     4     5     6     7     8     9
    -1    -1     0     0     0     0     0     0     0
 (// 2i8)
 TYPE 3: species: 26up
   natom   nharm  (L=   0   1   2   3   4   5   6   7   8)
       1      81  (n=   1   4   9  16  25  36  49  64  81)
 (/ (24i3))
 density exponents
  1
  1
  1
  1
 basis exponents
  5  4  3  2  1  0  0  0  0
 (/ (3f18.0, 5x, a1))
              tau1              tau2              tau3     c
  .499999999999976  .000000000000000 -.000000004479413     l
 (/ i6, 2f12.0, 5x, a1 /)
     n           S          dx coord
   539  .705541606       0.025     v
   539  1.84913830       0.025     a
 (/f6.0, i6, f12.0, 2f6.0, 2x, 2i1, f2.0, 11x, a1//(2i6, f12.0, i12))
     Z    nc      Sinf/S     . Sws/S  ....     ScoFlag
   26.     7          1.    1.    1.  10.0           p
     n     k         occ        flag
     1    -1          2.           0
     2    -1          2.           0
     2     1          2.           0
     2    -2          4.           0
     3    -1          .0           0
     3     1          .0           0
     3    -2          .0           0
    12 Bases
     0     1     1
     0     1     2
     0     1     3
     1     1     1
     1     1     2
     1     1     3
     2     1     1
     2     1     2
     0     2     1
     0     2     2
     1     2     1
     1     2     2
     4     4     3     4     5     6     7     8     9
     0     0    -1     0     0     0     0     0     0
     4     4     3     4     5     6     7     8     9
     0     0    -1     0     0     0     0     0     0
     3     3     3     4     5     6     7     8     9
    -1    -1     0     0     0     0     0     0     0
     3     3     3     4     5     6     7     8     9
    -1    -1     0     0     0     0     0     0     0
 (// 2i8)
 TYPE 4: species: 26up
   natom   nharm  (L=   0   1   2   3   4   5   6   7   8)
       1      81  (n=   1   4   9  16  25  36  49  64  81)
 (/ (24i3))
 density exponents
  1
  1
  1
  1
 basis exponents
  5  4  3  2  1  0  0  0  0
 (/ (3f18.0, 5x, a1))
              tau1              tau2              tau3     c
 -.499999999999506  .000000000000000 -.499999997209913     l
 (/ i6, 2f12.0, 5x, a1 /)
     n           S          dx coord
   539  .705541606       0.025     v
   539  1.84913830       0.025     a
 (/f6.0, i6, f12.0, 2f6.0, 2x, 2i1, f2.0, 11x, a1//(2i6, f12.0, i12))
     Z    nc      Sinf/S     . Sws/S  ....     ScoFlag
   26.     7          1.    1.    1.  10.0           p
     n     k         occ        flag
     1    -1          2.           0
     2    -1          2.           0
     2     1          2.           0
     2    -2          4.           0
     3    -1          .0           0
     3     1          .0           0
     3    -2          .0           0
    12 Bases
     0     1     1
     0     1     2
     0     1     3
     1     1     1
     1     1     2
     1     1     3
     2     1     1
     2     1     2
     0     2     1
     0     2     2
     1     2     1
     1     2     2
     4     4     3     4     5     6     7     8     9
     0     0    -1     0     0     0     0     0     0
     4     4     3     4     5     6     7     8     9
     0     0    -1     0     0     0     0     0     0
     3     3     3     4     5     6     7     8     9
    -1    -1     0     0     0     0     0     0     0
     3     3     3     4     5     6     7     8     9
    -1    -1     0     0     0     0     0     0     0
 (// 2i8)
 TYPE 5: species: 26up
   natom   nharm  (L=   0   1   2   3   4   5   6   7   8)
       1      81  (n=   1   4   9  16  25  36  49  64  81)
 (/ (24i3))
 density exponents
  1
  1
  1
  1
 basis exponents
  5  4  3  2  1  0  0  0  0
 (/ (3f18.0, 5x, a1))
              tau1              tau2              tau3     c
  .000000000000695  .500000000000000 -.000000001950557     l
 (/ i6, 2f12.0, 5x, a1 /)
     n           S          dx coord
   539  .705541606       0.025     v
   539  1.84913830       0.025     a
 (/f6.0, i6, f12.0, 2f6.0, 2x, 2i1, f2.0, 11x, a1//(2i6, f12.0, i12))
     Z    nc      Sinf/S     . Sws/S  ....     ScoFlag
   26.     7          1.    1.    1.  10.0           p
     n     k         occ        flag
     1    -1          2.           0
     2    -1          2.           0
     2     1          2.           0
     2    -2          4.           0
     3    -1          .0           0
     3     1          .0           0
     3    -2          .0           0
    12 Bases
     0     1     1
     0     1     2
     0     1     3
     1     1     1
     1     1     2
     1     1     3
     2     1     1
     2     1     2
     0     2     1
     0     2     2
     1     2     1
     1     2     2
     4     4     3     4     5     6     7     8     9
     0     0    -1     0     0     0     0     0     0
     4     4     3     4     5     6     7     8     9
     0     0    -1     0     0     0     0     0     0
     3     3     3     4     5     6     7     8     9
    -1    -1     0     0     0     0     0     0     0
     3     3     3     4     5     6     7     8     9
    -1    -1     0     0     0     0     0     0     0
 (// 2i8)
 TYPE 6: species: 26up
   natom   nharm  (L=   0   1   2   3   4   5   6   7   8)
       1      81  (n=   1   4   9  16  25  36  49  64  81)
 (/ (24i3))
 density exponents
  1
  1
  1
  1
 basis exponents
  5  4  3  2  1  0  0  0  0
 (/ (3f18.0, 5x, a1))
              tau1              tau2              tau3     c
  .000000000000716 -.499999999999999  .499999999020434     l
 (/ i6, 2f12.0, 5x, a1 /)
     n           S          dx coord
   539  .705541606       0.025     v
   539  1.84913830       0.025     a
 (/f6.0, i6, f12.0, 2f6.0, 2x, 2i1, f2.0, 11x, a1//(2i6, f12.0, i12))
     Z    nc      Sinf/S     . Sws/S  ....     ScoFlag
   26.     7          1.    1.    1.  10.0           p
     n     k         occ        flag
     1    -1          2.           0
     2    -1          2.           0
     2     1          2.           0
     2    -2          4.           0
     3    -1          .0           0
     3     1          .0           0
     3    -2          .0           0
    12 Bases
     0     1     1
     0     1     2
     0     1     3
     1     1     1
     1     1     2
     1     1     3
     2     1     1
     2     1     2
     0     2     1
     0     2     2
     1     2     1
     1     2     2
     4     4     3     4     5     6     7     8     9
     0     0    -1     0     0     0     0     0     0
     4     4     3     4     5     6     7     8     9
     0     0    -1     0     0     0     0     0     0
     3     3     3     4     5     6     7     8     9
    -1    -1     0     0     0     0     0     0     0
     3     3     3     4     5     6     7     8     9
    -1    -1     0     0     0     0     0     0     0
 (// 2i8)
 TYPE 7: species: 13a
   natom   nharm  (L=   0   1   2   3   4   5   6   7   8)
       1      81  (n=   1   4   9  16  25  36  49  64  81)
 (/ (24i3))
 density exponents
  1
  1
  1
  1
 basis exponents
  5  4  3  2  1  0  0  0  0
 (/ (3f18.0, 5x, a1))
              tau1              tau2              tau3     c
  .000000000000015  .000000000000000 -.249968002984109     l
 (/ i6, 2f12.0, 5x, a1 /)
     n           S          dx coord
   502  .643609825       0.025     v
   502  1.68682267       0.025     a
 (/f6.0, i6, f12.0, 2f6.0, 2x, 2i1, f2.0, 11x, a1//(2i6, f12.0, i12))
     Z    nc      Sinf/S     . Sws/S  ....     ScoFlag
   13.     4          1.    1.    1.  10.0           p
     n     k         occ        flag
     1    -1          2.           0
     2    -1          2.           0
     2     1          2.           0
     2    -2          4.           0
     8 Bases
     0     1     1
     0     1     2
     0     1     3
     1     1     1
     1     1     2
     1     1     3
     2     1     1
     2     1     2
     3     3     3     4     5     6     7     8     9
     0     0     0     0     0     0     0     0     0
     3     3     3     4     5     6     7     8     9
     0     0     0     0     0     0     0     0     0
     3     3     3     4     5     6     7     8     9
     0     0     0     0     0     0     0     0     0
     3     3     3     4     5     6     7     8     9
     0     0     0     0     0     0     0     0     0
 (// 2i8)
 TYPE 8: species: 13a
   natom   nharm  (L=   0   1   2   3   4   5   6   7   8)
       1      81  (n=   1   4   9  16  25  36  49  64  81)
 (/ (24i3))
 density exponents
  1
  1
  1
  1
 basis exponents
  5  4  3  2  1  0  0  0  0
 (/ (3f18.0, 5x, a1))
              tau1              tau2              tau3     c
  .000000000011193 -.000000000000008  .249967989527671     l
 (/ i6, 2f12.0, 5x, a1 /)
     n           S          dx coord
   502  .643609825       0.025     v
   502  1.68682267       0.025     a
 (/f6.0, i6, f12.0, 2f6.0, 2x, 2i1, f2.0, 11x, a1//(2i6, f12.0, i12))
     Z    nc      Sinf/S     . Sws/S  ....     ScoFlag
   13.     4          1.    1.    1.  10.0           p
     n     k         occ        flag
     1    -1          2.           0
     2    -1          2.           0
     2     1          2.           0
     2    -2          4.           0
     8 Bases
     0     1     1
     0     1     2
     0     1     3
     1     1     1
     1     1     2
     1     1     3
     2     1     1
     2     1     2
     3     3     3     4     5     6     7     8     9
     0     0     0     0     0     0     0     0     0
     3     3     3     4     5     6     7     8     9
     0     0     0     0     0     0     0     0     0
     3     3     3     4     5     6     7     8     9
     0     0     0     0     0     0     0     0     0
     3     3     3     4     5     6     7     8     9
     0     0     0     0     0     0     0     0     0
 (// 2i8)
 TYPE 9: species: 6a
   natom   nharm  (L=   0   1   2   3   4   5   6   7   8)
       1      81  (n=   1   4   9  16  25  36  49  64  81)
 (/ (24i3))
 density exponents
  1
  1
  1
  1
 basis exponents
  5  4  3  2  1  0  0  0  0
 (/ (3f18.0, 5x, a1))
              tau1              tau2              tau3     c
 -.499999999999726  .500000000000000  .000000004742766     l
 (/ i6, 2f12.0, 5x, a1 /)
     n           S          dx coord
   442  .589475465       0.025     v
   442  1.54494313       0.025     a
 (/f6.0, i6, f12.0, 2f6.0, 2x, 2i1, f2.0, 11x, a1//(2i6, f12.0, i12))
     Z    nc      Sinf/S     . Sws/S  ....     ScoFlag
    6.     1          1.    1.    1.  10.0           p
     n     k         occ        flag
     1    -1          2.           0
     8 Bases
     0     1     1
     0     1     2
     0     1     3
     1     1     1
     1     1     2
     1     1     3
     2     1     1
     2     1     2
     2     2     3     4     5     6     7     8     9
     0     0     0     0     0     0     0     0     0
     2     2     3     4     5     6     7     8     9
     0     0     0     0     0     0     0     0     0
     2     2     3     4     5     6     7     8     9
     0     0     0     0     0     0     0     0     0
     2     2     3     4     5     6     7     8     9
     0     0     0     0     0     0     0     0     0
