1    1    .000000000000000  .000000000000010  .294454000000000
2    2    .000000000000000  .000000000000000 -.294454000000000
3    3   -.499999999999990  .500000000000000 -.205546000000000
4    4    .500000000000000  .500000000000000  .205546000000000
5    5    .240666000000010  .240666000000000  .000000000000000
6    6   -.240666000000000 -.240666000000000  .000000000000000
7    7   -.240666000000000  .240666000000010  .000000000000000
8    8    .240666000000000 -.240666000000000  .000000000000000
9    9   -.259334000000000 -.259333999999990  .500000000000000
10   10   .259334000000000  .259334000000000  .500000000000000
11   11   .259334000000000 -.259334000000000 -.499999999999990
12   12  -.259334000000000  .259334000000000  .500000000000000
13   13   .000000000000000  .500000000000000  .250000000000010
14   14   .000000000000000  .500000000000000 -.250000000000000
15   15   .500000000000000  .000000000000010  .250000000000000
16   16   .500000000000000  .000000000000000 -.250000000000000
