T         <M>             <M^2>           <M^4>       U_{Binder}        \chi         C_v(tot)         <E>           <E_{exc}>     <E_{lsf}>
0000 7.54587937E-01 5.69402955E-01 3.24219725E-01 6.66666667E-01 5.07294098E-03 8.64898063E+03 -5.22115998E+00 -5.22115998E+00 0.00000000E+00
0010 7.47680216E-01 5.59025707E-01 3.12509743E-01 6.66666665E-01 8.71257614E-06 1.01472992E+00 -5.15765418E+00 -5.15765418E+00 0.00000000E+00
0030 7.33572255E-01 5.38128259E-01 2.89582038E-01 6.66666650E-01 2.19501766E-05 1.05605328E+00 -5.02943649E+00 -5.02943649E+00 0.00000000E+00
0050 7.19182770E-01 5.17223874E-01 2.67520573E-01 6.66666620E-01 3.60509786E-05 1.04757183E+00 -4.89958119E+00 -4.89958119E+00 0.00000000E+00
0070 7.04476385E-01 4.96287014E-01 2.46300876E-01 6.66666565E-01 5.39377133E-05 1.08549125E+00 -4.76798922E+00 -4.76798922E+00 0.00000000E+00
0090 6.89355502E-01 4.75211075E-01 2.25825692E-01 6.66666479E-01 7.40270454E-05 1.08214292E+00 -4.63436194E+00 -4.63436194E+00 0.00000000E+00
0110 6.73882229E-01 4.54117360E-01 2.06222762E-01 6.66666367E-01 9.24818759E-05 1.04336375E+00 -4.49858885E+00 -4.49858885E+00 0.00000000E+00
0130 6.57901993E-01 4.32835187E-01 1.87346567E-01 6.66666190E-01 1.18865894E-04 1.08649415E+00 -4.36033359E+00 -4.36033359E+00 0.00000000E+00
0150 6.41416983E-01 4.11415981E-01 1.69263495E-01 6.66665907E-01 1.55864396E-04 1.08945776E+00 -4.21935319E+00 -4.21935319E+00 0.00000000E+00
0170 6.24405180E-01 3.89882157E-01 1.52008608E-01 6.66665546E-01 1.92436379E-04 1.12495503E+00 -4.07544651E+00 -4.07544651E+00 0.00000000E+00
0190 6.06682341E-01 3.68063892E-01 1.35471661E-01 6.66665112E-01 2.25515367E-04 1.22650647E+00 -3.92815047E+00 -3.92815047E+00 0.00000000E+00
0210 5.88319013E-01 3.46119756E-01 1.19799572E-01 6.66664758E-01 2.35459090E-04 1.16296643E+00 -3.77695910E+00 -3.77695910E+00 0.00000000E+00
0230 5.69079631E-01 3.23852329E-01 1.04881240E-01 6.66663777E-01 3.04699885E-04 1.18689056E+00 -3.62183027E+00 -3.62183027E+00 0.00000000E+00
0250 5.49108585E-01 3.01520954E-01 9.09157494E-02 6.66663500E-01 2.85884005E-04 1.35520396E+00 -3.46172592E+00 -3.46172592E+00 0.00000000E+00
0270 5.28206100E-01 2.79002660E-01 7.78435728E-02 6.66662005E-01 3.60565103E-04 1.30294849E+00 -3.29691211E+00 -3.29691211E+00 0.00000000E+00
0290 5.05987540E-01 2.56024469E-01 6.55496326E-02 6.66661053E-01 3.70978352E-04 1.33625459E+00 -3.12622587E+00 -3.12622587E+00 0.00000000E+00
0310 4.82693643E-01 2.32994506E-01 5.42877008E-02 6.66658923E-01 4.35601304E-04 1.39355021E+00 -2.94926446E+00 -2.94926446E+00 0.00000000E+00
0330 4.57824908E-01 2.09605281E-01 4.39357436E-02 6.66656273E-01 4.94208232E-04 1.44397265E+00 -2.76560070E+00 -2.76560070E+00 0.00000000E+00
0350 4.31401552E-01 1.86109202E-01 3.46380514E-02 6.66653035E-01 5.42466918E-04 1.55824833E+00 -2.57398650E+00 -2.57398650E+00 0.00000000E+00
0370 4.02717231E-01 1.62183528E-01 2.63050284E-02 6.66647258E-01 6.36689344E-04 1.66131624E+00 -2.37335955E+00 -2.37335955E+00 0.00000000E+00
0390 3.71111739E-01 1.37727095E-01 1.89704985E-02 6.66635988E-01 8.11686391E-04 1.71111570E+00 -2.16289659E+00 -2.16289659E+00 0.00000000E+00
0410 3.36584776E-01 1.13292928E-01 1.28369247E-02 6.66624151E-01 8.80264468E-04 1.76963594E+00 -1.94139565E+00 -1.94139565E+00 0.00000000E+00
0430 2.97112685E-01 8.82803546E-02 7.79497678E-03 6.66600124E-01 1.02287458E-03 1.85851996E+00 -1.70726288E+00 -1.70726288E+00 0.00000000E+00
0450 2.49971023E-01 6.24929433E-02 3.90722334E-03 6.66508305E-01 1.64801942E-03 2.02528836E+00 -1.45696415E+00 -1.45696415E+00 0.00000000E+00
0470 1.86445923E-01 3.47754373E-02 1.21118921E-03 6.66154491E-01 2.83577985E-03 2.16558803E+00 -1.18388401E+00 -1.18388401E+00 0.00000000E+00
0490 4.22808304E-02 1.95624403E-03 5.02984411E-06 5.61885921E-01 3.43337088E-02 1.83486314E+00 -8.73095060E-01 -8.73095060E-01 0.00000000E+00
0510 8.38823795E-03 8.35015986E-05 1.18771451E-08 4.32192366E-01 2.57108701E-03 6.41226561E-01 -7.53310833E-01 -7.53310833E-01 0.00000000E+00
0530 5.86398998E-03 4.09452604E-05 2.87196035E-09 4.28981853E-01 1.23502715E-03 4.71001784E-01 -6.86255849E-01 -6.86255849E-01 0.00000000E+00
0550 4.76887613E-03 2.67138477E-05 1.19480550E-09 4.41911512E-01 7.20664012E-04 3.53192703E-01 -6.36480859E-01 -6.36480859E-01 0.00000000E+00
0570 4.22858845E-03 2.10133532E-05 7.30517212E-10 4.48534335E-01 5.48433457E-04 3.08750485E-01 -5.96449032E-01 -5.96449032E-01 0.00000000E+00
0590 3.85085026E-03 1.74299580E-05 5.02390815E-10 4.48776464E-01 4.39942511E-04 2.56468394E-01 -5.62757107E-01 -5.62757107E-01 0.00000000E+00
0610 3.62706431E-03 1.54067436E-05 3.86275885E-10 4.57556349E-01 3.68295828E-04 2.09453695E-01 -5.33908694E-01 -5.33908694E-01 0.00000000E+00
0630 3.37623020E-03 1.34557268E-05 3.07481311E-10 4.33913042E-01 3.25816683E-04 1.94241922E-01 -5.08268869E-01 -5.08268869E-01 0.00000000E+00
0650 3.31675520E-03 1.29889503E-05 2.79282652E-10 4.48209021E-01 3.05241936E-04 1.72003921E-01 -4.85863561E-01 -4.85863561E-01 0.00000000E+00
0670 3.15877231E-03 1.16562194E-05 2.18802160E-10 4.63197011E-01 2.49998407E-04 1.49127356E-01 -4.65485647E-01 -4.65485647E-01 0.00000000E+00
0690 2.99361751E-03 1.05223023E-05 1.81343501E-10 4.54042058E-01 2.25711132E-04 1.45866597E-01 -4.47110200E-01 -4.47110200E-01 0.00000000E+00
0710 2.92608603E-03 1.01212672E-05 1.68342272E-10 4.52225070E-01 2.19174727E-04 1.34732477E-01 -4.30373634E-01 -4.30373634E-01 0.00000000E+00
0730 2.95094964E-03 1.02398992E-05 1.73733745E-10 4.47704428E-01 2.09411471E-04 1.14416224E-01 -4.14946690E-01 -4.14946690E-01 0.00000000E+00
0750 2.89570947E-03 9.84015571E-06 1.62372239E-10 4.41032467E-01 1.93611420E-04 9.97622293E-02 -4.00693662E-01 -4.00693662E-01 0.00000000E+00
0770 2.83941934E-03 9.49762332E-06 1.48429063E-10 4.51511142E-01 1.86029113E-04 1.01043459E-01 -3.87552006E-01 -3.87552006E-01 0.00000000E+00
0790 2.76275426E-03 8.97967527E-06 1.35124277E-10 4.41412947E-01 1.70145034E-04 1.09200031E-01 -3.75322062E-01 -3.75322062E-01 0.00000000E+00
0810 2.69685572E-03 8.68409322E-06 1.29601683E-10 4.27150638E-01 1.73853634E-04 9.08632458E-02 -3.63856305E-01 -3.63856305E-01 0.00000000E+00
0830 2.65990903E-03 8.35819454E-06 1.19979161E-10 4.27520928E-01 1.54275759E-04 8.22004509E-02 -3.53210609E-01 -3.53210609E-01 0.00000000E+00
0850 2.65964641E-03 8.23243895E-06 1.06311817E-10 4.77118532E-01 1.36044849E-04 7.99283957E-02 -3.43168260E-01 -3.43168260E-01 0.00000000E+00
0870 2.63158735E-03 8.16628718E-06 1.12141710E-10 4.39472892E-01 1.42359811E-04 7.25334115E-02 -3.33626925E-01 -3.33626925E-01 0.00000000E+00
0890 2.59762420E-03 7.97526721E-06 1.06325135E-10 4.42783198E-01 1.37655951E-04 7.08428799E-02 -3.24739051E-01 -3.24739051E-01 0.00000000E+00
0910 2.59687681E-03 7.85356561E-06 9.91853343E-11 4.63965856E-01 1.21709508E-04 6.54161812E-02 -3.16471456E-01 -3.16471456E-01 0.00000000E+00
0930 2.57771964E-03 7.85561138E-06 1.04521923E-10 4.35419134E-01 1.29949321E-04 6.25502746E-02 -3.08403488E-01 -3.08403488E-01 0.00000000E+00
0950 2.58319161E-03 7.82625859E-06 9.94435360E-11 4.58813547E-01 1.21163348E-04 6.00328018E-02 -3.00886411E-01 -3.00886411E-01 0.00000000E+00
0970 2.54212699E-03 7.62826356E-06 9.76176866E-11 4.40814532E-01 1.19948541E-04 5.34217154E-02 -2.93688120E-01 -2.93688120E-01 0.00000000E+00
0990 2.50297987E-03 7.33222356E-06 8.75821348E-11 4.56971185E-01 1.07592032E-04 5.42860016E-02 -2.86895002E-01 -2.86895002E-01 0.00000000E+00
1010 2.52798226E-03 7.51465572E-06 9.37395638E-11 4.46670918E-01 1.11058704E-04 5.01537990E-02 -2.80247028E-01 -2.80247028E-01 0.00000000E+00
1030 2.50424195E-03 7.32218579E-06 8.68342341E-11 4.60131193E-01 1.01828821E-04 5.22695594E-02 -2.74108523E-01 -2.74108523E-01 0.00000000E+00
1050 2.52070501E-03 7.37163749E-06 8.62559613E-11 4.70897364E-01 9.67266382E-05 4.44991427E-02 -2.68089604E-01 -2.68089604E-01 0.00000000E+00
1070 2.48201011E-03 7.24928576E-06 8.62762814E-11 4.52757619E-01 1.01562035E-04 4.50997633E-02 -2.62563810E-01 -2.62563810E-01 0.00000000E+00
1090 2.50635118E-03 7.31002037E-06 8.53522341E-11 4.67577421E-01 9.41420957E-05 4.54336679E-02 -2.57072734E-01 -2.57072734E-01 0.00000000E+00
1110 2.46911715E-03 7.13058326E-06 8.40026276E-11 4.49291847E-01 9.29690715E-05 4.33921305E-02 -2.51995261E-01 -2.51995261E-01 0.00000000E+00
1130 2.49042849E-03 7.31910862E-06 8.96113038E-11 4.42396930E-01 9.86389697E-05 3.84573005E-02 -2.47018202E-01 -2.47018202E-01 0.00000000E+00
1150 2.47558073E-03 7.23509527E-06 8.75883864E-11 4.42253617E-01 9.60314663E-05 3.95260612E-02 -2.42168760E-01 -2.42168760E-01 0.00000000E+00
1170 2.47443824E-03 7.24262874E-06 8.75709241E-11 4.43524266E-01 9.55148735E-05 3.68282065E-02 -2.37592942E-01 -2.37592942E-01 0.00000000E+00
1190 2.43826392E-03 7.02795173E-06 8.31571337E-11 4.38796053E-01 9.08096905E-05 3.76079038E-02 -2.33150837E-01 -2.33150837E-01 0.00000000E+00
1210 2.46459114E-03 7.11311765E-06 8.25567462E-11 4.56109681E-01 8.56868827E-05 3.33453089E-02 -2.29038960E-01 -2.29038960E-01 0.00000000E+00
1230 2.39697261E-03 6.74747294E-06 7.51038261E-11 4.50131926E-01 8.12986066E-05 3.13055769E-02 -2.24880345E-01 -2.24880345E-01 0.00000000E+00
1250 2.38748972E-03 6.76037018E-06 7.66552903E-11 4.40912318E-01 8.46498421E-05 3.20798893E-02 -2.20835157E-01 -2.20835157E-01 0.00000000E+00
1270 2.43406685E-03 6.96159058E-06 8.01392755E-11 4.48802549E-01 8.14816004E-05 3.14144156E-02 -2.16984197E-01 -2.16984197E-01 0.00000000E+00
1290 2.42612438E-03 6.92202093E-06 7.88502500E-11 4.51450272E-01 8.01434544E-05 2.73483970E-02 -2.13439763E-01 -2.13439763E-01 0.00000000E+00
1310 2.43789028E-03 7.05264576E-06 8.56542325E-11 4.25984748E-01 8.45112761E-05 2.85470673E-02 -2.09902292E-01 -2.09902292E-01 0.00000000E+00
1330 2.44392663E-03 7.05488109E-06 8.40973115E-11 4.36775600E-01 8.11969667E-05 2.81766832E-02 -2.06495350E-01 -2.06495350E-01 0.00000000E+00
1350 2.41405297E-03 6.89239274E-06 7.98064892E-11 4.40014323E-01 7.87105194E-05 2.78884053E-02 -2.03180043E-01 -2.03180043E-01 0.00000000E+00
1370 2.40842224E-03 6.82448768E-06 7.76833116E-11 4.44010783E-01 7.45929363E-05 2.61549659E-02 -1.99884628E-01 -1.99884628E-01 0.00000000E+00
1390 2.41144090E-03 6.86930216E-06 7.84153054E-11 4.46070693E-01 7.56925985E-05 2.62463222E-02 -1.96725791E-01 -1.96725791E-01 0.00000000E+00
1410 2.43410211E-03 6.96201518E-06 7.93083296E-11 4.54584324E-01 7.34091332E-05 2.36294362E-02 -1.93785900E-01 -1.93785900E-01 0.00000000E+00
1430 2.39423189E-03 6.71283233E-06 7.44318749E-11 4.49412807E-01 6.84270662E-05 2.23453556E-02 -1.90801193E-01 -1.90801193E-01 0.00000000E+00
1450 2.36909048E-03 6.59187364E-06 7.08454390E-11 4.56533357E-01 6.74005129E-05 2.20366320E-02 -1.88017247E-01 -1.88017247E-01 0.00000000E+00
1470 2.41646848E-03 6.85286958E-06 7.77964673E-11 4.47803450E-01 6.88097933E-05 2.14616330E-02 -1.85233601E-01 -1.85233601E-01 0.00000000E+00
1490 2.42222593E-03 6.90338787E-06 7.97081301E-11 4.42484667E-01 6.94038912E-05 2.06454381E-02 -1.82537780E-01 -1.82537780E-01 0.00000000E+00
1510 2.37309582E-03 6.65485690E-06 7.36622881E-11 4.45570273E-01 6.76296575E-05 2.12908638E-02 -1.79915502E-01 -1.79915502E-01 0.00000000E+00
1530 2.40863695E-03 6.81437703E-06 7.54329596E-11 4.58513573E-01 6.60654132E-05 1.95236022E-02 -1.77509229E-01 -1.77509229E-01 0.00000000E+00
1550 2.38795842E-03 6.71938278E-06 7.56591838E-11 4.41424822E-01 6.54828791E-05 1.97733535E-02 -1.74971631E-01 -1.74971631E-01 0.00000000E+00
1570 2.39255789E-03 6.75628600E-06 7.73927328E-11 4.34851113E-01 6.55968090E-05 2.00085056E-02 -1.72616084E-01 -1.72616084E-01 0.00000000E+00
1600 2.30528001E-03 6.24224070E-06 6.35495779E-11 4.56361264E-01 5.78782440E-05 1.68722895E-02 -1.69249230E-01 -1.69249230E-01 0.00000000E+00
