# k(0:nx, 0:ny, 0:nz) <= 6912
# nx, ny, nz
 24 24 12
#
     1   289   577   865  1153  1441  1729  2017  2305  2593  2881  3169
  3457  3745  4033  4321  4609  4897  5185  5473  5761  6049  6337  6625
     1    13   301   589   877  1165  1453  1741  2029  2317  2605  2893
  3181  3469  3757  4045  4333  4621  4909  5197  5485  5773  6061  6349
  6637    13    25   313   601   889  1177  1465  1753  2041  2329  2617
  2905  3193  3481  3769  4057  4345  4633  4921  5209  5497  5785  6073
  6361  6649    25    37   325   613   901  1189  1477  1765  2053  2341
  2629  2917  3205  3493  3781  4069  4357  4645  4933  5221  5509  5797
  6085  6373  6661    37    49   337   625   913  1201  1489  1777  2065
  2353  2641  2929  3217  3505  3793  4081  4369  4657  4945  5233  5521
  5809  6097  6385  6673    49    61   349   637   925  1213  1501  1789
  2077  2365  2653  2941  3229  3517  3805  4093  4381  4669  4957  5245
  5533  5821  6109  6397  6685    61    73   361   649   937  1225  1513
  1801  2089  2377  2665  2953  3241  3529  3817  4105  4393  4681  4969
  5257  5545  5833  6121  6409  6697    73    85   373   661   949  1237
  1525  1813  2101  2389  2677  2965  3253  3541  3829  4117  4405  4693
  4981  5269  5557  5845  6133  6421  6709    85    97   385   673   961
  1249  1537  1825  2113  2401  2689  2977  3265  3553  3841  4129  4417
  4705  4993  5281  5569  5857  6145  6433  6721    97   109   397   685
   973  1261  1549  1837  2125  2413  2701  2989  3277  3565  3853  4141
  4429  4717  5005  5293  5581  5869  6157  6445  6733   109   121   409
   697   985  1273  1561  1849  2137  2425  2713  3001  3289  3577  3865
  4153  4441  4729  5017  5305  5593  5881  6169  6457  6745   121   133
   421   709   997  1285  1573  1861  2149  2437  2725  3013  3301  3589
  3877  4165  4453  4741  5029  5317  5605  5893  6181  6469  6757   133
   145   433   721  1009  1297  1585  1873  2161  2449  2737  3025  3313
  3601  3889  4177  4465  4753  5041  5329  5617  5905  6193  6481  6769
   145   157   445   733  1021  1309  1597  1885  2173  2461  2749  3037
  3325  3613  3901  4189  4477  4765  5053  5341  5629  5917  6205  6493
  6781   157   169   457   745  1033  1321  1609  1897  2185  2473  2761
  3049  3337  3625  3913  4201  4489  4777  5065  5353  5641  5929  6217
  6505  6793   169   181   469   757  1045  1333  1621  1909  2197  2485
  2773  3061  3349  3637  3925  4213  4501  4789  5077  5365  5653  5941
  6229  6517  6805   181   193   481   769  1057  1345  1633  1921  2209
  2497  2785  3073  3361  3649  3937  4225  4513  4801  5089  5377  5665
  5953  6241  6529  6817   193   205   493   781  1069  1357  1645  1933
  2221  2509  2797  3085  3373  3661  3949  4237  4525  4813  5101  5389
  5677  5965  6253  6541  6829   205   217   505   793  1081  1369  1657
  1945  2233  2521  2809  3097  3385  3673  3961  4249  4537  4825  5113
  5401  5689  5977  6265  6553  6841   217   229   517   805  1093  1381
  1669  1957  2245  2533  2821  3109  3397  3685  3973  4261  4549  4837
  5125  5413  5701  5989  6277  6565  6853   229   241   529   817  1105
  1393  1681  1969  2257  2545  2833  3121  3409  3697  3985  4273  4561
  4849  5137  5425  5713  6001  6289  6577  6865   241   253   541   829
  1117  1405  1693  1981  2269  2557  2845  3133  3421  3709  3997  4285
  4573  4861  5149  5437  5725  6013  6301  6589  6877   253   265   553
   841  1129  1417  1705  1993  2281  2569  2857  3145  3433  3721  4009
  4297  4585  4873  5161  5449  5737  6025  6313  6601  6889   265   277
   565   853  1141  1429  1717  2005  2293  2581  2869  3157  3445  3733
  4021  4309  4597  4885  5173  5461  5749  6037  6325  6613  6901   277
     1   289   577   865  1153  1441  1729  2017  2305  2593  2881  3169
  3457  3745  4033  4321  4609  4897  5185  5473  5761  6049  6337  6625
     1     2   290   578   866  1154  1442  1730  2018  2306  2594  2882
  3170  3458  3746  4034  4322  4610  4898  5186  5474  5762  6050  6338
  6626     2    14   302   590   878  1166  1454  1742  2030  2318  2606
  2894  3182  3470  3758  4046  4334  4622  4910  5198  5486  5774  6062
  6350  6638    14    26   314   602   890  1178  1466  1754  2042  2330
  2618  2906  3194  3482  3770  4058  4346  4634  4922  5210  5498  5786
  6074  6362  6650    26    38   326   614   902  1190  1478  1766  2054
  2342  2630  2918  3206  3494  3782  4070  4358  4646  4934  5222  5510
  5798  6086  6374  6662    38    50   338   626   914  1202  1490  1778
  2066  2354  2642  2930  3218  3506  3794  4082  4370  4658  4946  5234
  5522  5810  6098  6386  6674    50    62   350   638   926  1214  1502
  1790  2078  2366  2654  2942  3230  3518  3806  4094  4382  4670  4958
  5246  5534  5822  6110  6398  6686    62    74   362   650   938  1226
  1514  1802  2090  2378  2666  2954  3242  3530  3818  4106  4394  4682
  4970  5258  5546  5834  6122  6410  6698    74    86   374   662   950
  1238  1526  1814  2102  2390  2678  2966  3254  3542  3830  4118  4406
  4694  4982  5270  5558  5846  6134  6422  6710    86    98   386   674
   962  1250  1538  1826  2114  2402  2690  2978  3266  3554  3842  4130
  4418  4706  4994  5282  5570  5858  6146  6434  6722    98   110   398
   686   974  1262  1550  1838  2126  2414  2702  2990  3278  3566  3854
  4142  4430  4718  5006  5294  5582  5870  6158  6446  6734   110   122
   410   698   986  1274  1562  1850  2138  2426  2714  3002  3290  3578
  3866  4154  4442  4730  5018  5306  5594  5882  6170  6458  6746   122
   134   422   710   998  1286  1574  1862  2150  2438  2726  3014  3302
  3590  3878  4166  4454  4742  5030  5318  5606  5894  6182  6470  6758
   134   146   434   722  1010  1298  1586  1874  2162  2450  2738  3026
  3314  3602  3890  4178  4466  4754  5042  5330  5618  5906  6194  6482
  6770   146   158   446   734  1022  1310  1598  1886  2174  2462  2750
  3038  3326  3614  3902  4190  4478  4766  5054  5342  5630  5918  6206
  6494  6782   158   170   458   746  1034  1322  1610  1898  2186  2474
  2762  3050  3338  3626  3914  4202  4490  4778  5066  5354  5642  5930
  6218  6506  6794   170   182   470   758  1046  1334  1622  1910  2198
  2486  2774  3062  3350  3638  3926  4214  4502  4790  5078  5366  5654
  5942  6230  6518  6806   182   194   482   770  1058  1346  1634  1922
  2210  2498  2786  3074  3362  3650  3938  4226  4514  4802  5090  5378
  5666  5954  6242  6530  6818   194   206   494   782  1070  1358  1646
  1934  2222  2510  2798  3086  3374  3662  3950  4238  4526  4814  5102
  5390  5678  5966  6254  6542  6830   206   218   506   794  1082  1370
  1658  1946  2234  2522  2810  3098  3386  3674  3962  4250  4538  4826
  5114  5402  5690  5978  6266  6554  6842   218   230   518   806  1094
  1382  1670  1958  2246  2534  2822  3110  3398  3686  3974  4262  4550
  4838  5126  5414  5702  5990  6278  6566  6854   230   242   530   818
  1106  1394  1682  1970  2258  2546  2834  3122  3410  3698  3986  4274
  4562  4850  5138  5426  5714  6002  6290  6578  6866   242   254   542
   830  1118  1406  1694  1982  2270  2558  2846  3134  3422  3710  3998
  4286  4574  4862  5150  5438  5726  6014  6302  6590  6878   254   266
   554   842  1130  1418  1706  1994  2282  2570  2858  3146  3434  3722
  4010  4298  4586  4874  5162  5450  5738  6026  6314  6602  6890   266
   278   566   854  1142  1430  1718  2006  2294  2582  2870  3158  3446
  3734  4022  4310  4598  4886  5174  5462  5750  6038  6326  6614  6902
   278     2   290   578   866  1154  1442  1730  2018  2306  2594  2882
  3170  3458  3746  4034  4322  4610  4898  5186  5474  5762  6050  6338
  6626     2     3   291   579   867  1155  1443  1731  2019  2307  2595
  2883  3171  3459  3747  4035  4323  4611  4899  5187  5475  5763  6051
  6339  6627     3    15   303   591   879  1167  1455  1743  2031  2319
  2607  2895  3183  3471  3759  4047  4335  4623  4911  5199  5487  5775
  6063  6351  6639    15    27   315   603   891  1179  1467  1755  2043
  2331  2619  2907  3195  3483  3771  4059  4347  4635  4923  5211  5499
  5787  6075  6363  6651    27    39   327   615   903  1191  1479  1767
  2055  2343  2631  2919  3207  3495  3783  4071  4359  4647  4935  5223
  5511  5799  6087  6375  6663    39    51   339   627   915  1203  1491
  1779  2067  2355  2643  2931  3219  3507  3795  4083  4371  4659  4947
  5235  5523  5811  6099  6387  6675    51    63   351   639   927  1215
  1503  1791  2079  2367  2655  2943  3231  3519  3807  4095  4383  4671
  4959  5247  5535  5823  6111  6399  6687    63    75   363   651   939
  1227  1515  1803  2091  2379  2667  2955  3243  3531  3819  4107  4395
  4683  4971  5259  5547  5835  6123  6411  6699    75    87   375   663
   951  1239  1527  1815  2103  2391  2679  2967  3255  3543  3831  4119
  4407  4695  4983  5271  5559  5847  6135  6423  6711    87    99   387
   675   963  1251  1539  1827  2115  2403  2691  2979  3267  3555  3843
  4131  4419  4707  4995  5283  5571  5859  6147  6435  6723    99   111
   399   687   975  1263  1551  1839  2127  2415  2703  2991  3279  3567
  3855  4143  4431  4719  5007  5295  5583  5871  6159  6447  6735   111
   123   411   699   987  1275  1563  1851  2139  2427  2715  3003  3291
  3579  3867  4155  4443  4731  5019  5307  5595  5883  6171  6459  6747
   123   135   423   711   999  1287  1575  1863  2151  2439  2727  3015
  3303  3591  3879  4167  4455  4743  5031  5319  5607  5895  6183  6471
  6759   135   147   435   723  1011  1299  1587  1875  2163  2451  2739
  3027  3315  3603  3891  4179  4467  4755  5043  5331  5619  5907  6195
  6483  6771   147   159   447   735  1023  1311  1599  1887  2175  2463
  2751  3039  3327  3615  3903  4191  4479  4767  5055  5343  5631  5919
  6207  6495  6783   159   171   459   747  1035  1323  1611  1899  2187
  2475  2763  3051  3339  3627  3915  4203  4491  4779  5067  5355  5643
  5931  6219  6507  6795   171   183   471   759  1047  1335  1623  1911
  2199  2487  2775  3063  3351  3639  3927  4215  4503  4791  5079  5367
  5655  5943  6231  6519  6807   183   195   483   771  1059  1347  1635
  1923  2211  2499  2787  3075  3363  3651  3939  4227  4515  4803  5091
  5379  5667  5955  6243  6531  6819   195   207   495   783  1071  1359
  1647  1935  2223  2511  2799  3087  3375  3663  3951  4239  4527  4815
  5103  5391  5679  5967  6255  6543  6831   207   219   507   795  1083
  1371  1659  1947  2235  2523  2811  3099  3387  3675  3963  4251  4539
  4827  5115  5403  5691  5979  6267  6555  6843   219   231   519   807
  1095  1383  1671  1959  2247  2535  2823  3111  3399  3687  3975  4263
  4551  4839  5127  5415  5703  5991  6279  6567  6855   231   243   531
   819  1107  1395  1683  1971  2259  2547  2835  3123  3411  3699  3987
  4275  4563  4851  5139  5427  5715  6003  6291  6579  6867   243   255
   543   831  1119  1407  1695  1983  2271  2559  2847  3135  3423  3711
  3999  4287  4575  4863  5151  5439  5727  6015  6303  6591  6879   255
   267   555   843  1131  1419  1707  1995  2283  2571  2859  3147  3435
  3723  4011  4299  4587  4875  5163  5451  5739  6027  6315  6603  6891
   267   279   567   855  1143  1431  1719  2007  2295  2583  2871  3159
  3447  3735  4023  4311  4599  4887  5175  5463  5751  6039  6327  6615
  6903   279     3   291   579   867  1155  1443  1731  2019  2307  2595
  2883  3171  3459  3747  4035  4323  4611  4899  5187  5475  5763  6051
  6339  6627     3     4   292   580   868  1156  1444  1732  2020  2308
  2596  2884  3172  3460  3748  4036  4324  4612  4900  5188  5476  5764
  6052  6340  6628     4    16   304   592   880  1168  1456  1744  2032
  2320  2608  2896  3184  3472  3760  4048  4336  4624  4912  5200  5488
  5776  6064  6352  6640    16    28   316   604   892  1180  1468  1756
  2044  2332  2620  2908  3196  3484  3772  4060  4348  4636  4924  5212
  5500  5788  6076  6364  6652    28    40   328   616   904  1192  1480
  1768  2056  2344  2632  2920  3208  3496  3784  4072  4360  4648  4936
  5224  5512  5800  6088  6376  6664    40    52   340   628   916  1204
  1492  1780  2068  2356  2644  2932  3220  3508  3796  4084  4372  4660
  4948  5236  5524  5812  6100  6388  6676    52    64   352   640   928
  1216  1504  1792  2080  2368  2656  2944  3232  3520  3808  4096  4384
  4672  4960  5248  5536  5824  6112  6400  6688    64    76   364   652
   940  1228  1516  1804  2092  2380  2668  2956  3244  3532  3820  4108
  4396  4684  4972  5260  5548  5836  6124  6412  6700    76    88   376
   664   952  1240  1528  1816  2104  2392  2680  2968  3256  3544  3832
  4120  4408  4696  4984  5272  5560  5848  6136  6424  6712    88   100
   388   676   964  1252  1540  1828  2116  2404  2692  2980  3268  3556
  3844  4132  4420  4708  4996  5284  5572  5860  6148  6436  6724   100
   112   400   688   976  1264  1552  1840  2128  2416  2704  2992  3280
  3568  3856  4144  4432  4720  5008  5296  5584  5872  6160  6448  6736
   112   124   412   700   988  1276  1564  1852  2140  2428  2716  3004
  3292  3580  3868  4156  4444  4732  5020  5308  5596  5884  6172  6460
  6748   124   136   424   712  1000  1288  1576  1864  2152  2440  2728
  3016  3304  3592  3880  4168  4456  4744  5032  5320  5608  5896  6184
  6472  6760   136   148   436   724  1012  1300  1588  1876  2164  2452
  2740  3028  3316  3604  3892  4180  4468  4756  5044  5332  5620  5908
  6196  6484  6772   148   160   448   736  1024  1312  1600  1888  2176
  2464  2752  3040  3328  3616  3904  4192  4480  4768  5056  5344  5632
  5920  6208  6496  6784   160   172   460   748  1036  1324  1612  1900
  2188  2476  2764  3052  3340  3628  3916  4204  4492  4780  5068  5356
  5644  5932  6220  6508  6796   172   184   472   760  1048  1336  1624
  1912  2200  2488  2776  3064  3352  3640  3928  4216  4504  4792  5080
  5368  5656  5944  6232  6520  6808   184   196   484   772  1060  1348
  1636  1924  2212  2500  2788  3076  3364  3652  3940  4228  4516  4804
  5092  5380  5668  5956  6244  6532  6820   196   208   496   784  1072
  1360  1648  1936  2224  2512  2800  3088  3376  3664  3952  4240  4528
  4816  5104  5392  5680  5968  6256  6544  6832   208   220   508   796
  1084  1372  1660  1948  2236  2524  2812  3100  3388  3676  3964  4252
  4540  4828  5116  5404  5692  5980  6268  6556  6844   220   232   520
   808  1096  1384  1672  1960  2248  2536  2824  3112  3400  3688  3976
  4264  4552  4840  5128  5416  5704  5992  6280  6568  6856   232   244
   532   820  1108  1396  1684  1972  2260  2548  2836  3124  3412  3700
  3988  4276  4564  4852  5140  5428  5716  6004  6292  6580  6868   244
   256   544   832  1120  1408  1696  1984  2272  2560  2848  3136  3424
  3712  4000  4288  4576  4864  5152  5440  5728  6016  6304  6592  6880
   256   268   556   844  1132  1420  1708  1996  2284  2572  2860  3148
  3436  3724  4012  4300  4588  4876  5164  5452  5740  6028  6316  6604
  6892   268   280   568   856  1144  1432  1720  2008  2296  2584  2872
  3160  3448  3736  4024  4312  4600  4888  5176  5464  5752  6040  6328
  6616  6904   280     4   292   580   868  1156  1444  1732  2020  2308
  2596  2884  3172  3460  3748  4036  4324  4612  4900  5188  5476  5764
  6052  6340  6628     4     5   293   581   869  1157  1445  1733  2021
  2309  2597  2885  3173  3461  3749  4037  4325  4613  4901  5189  5477
  5765  6053  6341  6629     5    17   305   593   881  1169  1457  1745
  2033  2321  2609  2897  3185  3473  3761  4049  4337  4625  4913  5201
  5489  5777  6065  6353  6641    17    29   317   605   893  1181  1469
  1757  2045  2333  2621  2909  3197  3485  3773  4061  4349  4637  4925
  5213  5501  5789  6077  6365  6653    29    41   329   617   905  1193
  1481  1769  2057  2345  2633  2921  3209  3497  3785  4073  4361  4649
  4937  5225  5513  5801  6089  6377  6665    41    53   341   629   917
  1205  1493  1781  2069  2357  2645  2933  3221  3509  3797  4085  4373
  4661  4949  5237  5525  5813  6101  6389  6677    53    65   353   641
   929  1217  1505  1793  2081  2369  2657  2945  3233  3521  3809  4097
  4385  4673  4961  5249  5537  5825  6113  6401  6689    65    77   365
   653   941  1229  1517  1805  2093  2381  2669  2957  3245  3533  3821
  4109  4397  4685  4973  5261  5549  5837  6125  6413  6701    77    89
   377   665   953  1241  1529  1817  2105  2393  2681  2969  3257  3545
  3833  4121  4409  4697  4985  5273  5561  5849  6137  6425  6713    89
   101   389   677   965  1253  1541  1829  2117  2405  2693  2981  3269
  3557  3845  4133  4421  4709  4997  5285  5573  5861  6149  6437  6725
   101   113   401   689   977  1265  1553  1841  2129  2417  2705  2993
  3281  3569  3857  4145  4433  4721  5009  5297  5585  5873  6161  6449
  6737   113   125   413   701   989  1277  1565  1853  2141  2429  2717
  3005  3293  3581  3869  4157  4445  4733  5021  5309  5597  5885  6173
  6461  6749   125   137   425   713  1001  1289  1577  1865  2153  2441
  2729  3017  3305  3593  3881  4169  4457  4745  5033  5321  5609  5897
  6185  6473  6761   137   149   437   725  1013  1301  1589  1877  2165
  2453  2741  3029  3317  3605  3893  4181  4469  4757  5045  5333  5621
  5909  6197  6485  6773   149   161   449   737  1025  1313  1601  1889
  2177  2465  2753  3041  3329  3617  3905  4193  4481  4769  5057  5345
  5633  5921  6209  6497  6785   161   173   461   749  1037  1325  1613
  1901  2189  2477  2765  3053  3341  3629  3917  4205  4493  4781  5069
  5357  5645  5933  6221  6509  6797   173   185   473   761  1049  1337
  1625  1913  2201  2489  2777  3065  3353  3641  3929  4217  4505  4793
  5081  5369  5657  5945  6233  6521  6809   185   197   485   773  1061
  1349  1637  1925  2213  2501  2789  3077  3365  3653  3941  4229  4517
  4805  5093  5381  5669  5957  6245  6533  6821   197   209   497   785
  1073  1361  1649  1937  2225  2513  2801  3089  3377  3665  3953  4241
  4529  4817  5105  5393  5681  5969  6257  6545  6833   209   221   509
   797  1085  1373  1661  1949  2237  2525  2813  3101  3389  3677  3965
  4253  4541  4829  5117  5405  5693  5981  6269  6557  6845   221   233
   521   809  1097  1385  1673  1961  2249  2537  2825  3113  3401  3689
  3977  4265  4553  4841  5129  5417  5705  5993  6281  6569  6857   233
   245   533   821  1109  1397  1685  1973  2261  2549  2837  3125  3413
  3701  3989  4277  4565  4853  5141  5429  5717  6005  6293  6581  6869
   245   257   545   833  1121  1409  1697  1985  2273  2561  2849  3137
  3425  3713  4001  4289  4577  4865  5153  5441  5729  6017  6305  6593
  6881   257   269   557   845  1133  1421  1709  1997  2285  2573  2861
  3149  3437  3725  4013  4301  4589  4877  5165  5453  5741  6029  6317
  6605  6893   269   281   569   857  1145  1433  1721  2009  2297  2585
  2873  3161  3449  3737  4025  4313  4601  4889  5177  5465  5753  6041
  6329  6617  6905   281     5   293   581   869  1157  1445  1733  2021
  2309  2597  2885  3173  3461  3749  4037  4325  4613  4901  5189  5477
  5765  6053  6341  6629     5     6   294   582   870  1158  1446  1734
  2022  2310  2598  2886  3174  3462  3750  4038  4326  4614  4902  5190
  5478  5766  6054  6342  6630     6    18   306   594   882  1170  1458
  1746  2034  2322  2610  2898  3186  3474  3762  4050  4338  4626  4914
  5202  5490  5778  6066  6354  6642    18    30   318   606   894  1182
  1470  1758  2046  2334  2622  2910  3198  3486  3774  4062  4350  4638
  4926  5214  5502  5790  6078  6366  6654    30    42   330   618   906
  1194  1482  1770  2058  2346  2634  2922  3210  3498  3786  4074  4362
  4650  4938  5226  5514  5802  6090  6378  6666    42    54   342   630
   918  1206  1494  1782  2070  2358  2646  2934  3222  3510  3798  4086
  4374  4662  4950  5238  5526  5814  6102  6390  6678    54    66   354
   642   930  1218  1506  1794  2082  2370  2658  2946  3234  3522  3810
  4098  4386  4674  4962  5250  5538  5826  6114  6402  6690    66    78
   366   654   942  1230  1518  1806  2094  2382  2670  2958  3246  3534
  3822  4110  4398  4686  4974  5262  5550  5838  6126  6414  6702    78
    90   378   666   954  1242  1530  1818  2106  2394  2682  2970  3258
  3546  3834  4122  4410  4698  4986  5274  5562  5850  6138  6426  6714
    90   102   390   678   966  1254  1542  1830  2118  2406  2694  2982
  3270  3558  3846  4134  4422  4710  4998  5286  5574  5862  6150  6438
  6726   102   114   402   690   978  1266  1554  1842  2130  2418  2706
  2994  3282  3570  3858  4146  4434  4722  5010  5298  5586  5874  6162
  6450  6738   114   126   414   702   990  1278  1566  1854  2142  2430
  2718  3006  3294  3582  3870  4158  4446  4734  5022  5310  5598  5886
  6174  6462  6750   126   138   426   714  1002  1290  1578  1866  2154
  2442  2730  3018  3306  3594  3882  4170  4458  4746  5034  5322  5610
  5898  6186  6474  6762   138   150   438   726  1014  1302  1590  1878
  2166  2454  2742  3030  3318  3606  3894  4182  4470  4758  5046  5334
  5622  5910  6198  6486  6774   150   162   450   738  1026  1314  1602
  1890  2178  2466  2754  3042  3330  3618  3906  4194  4482  4770  5058
  5346  5634  5922  6210  6498  6786   162   174   462   750  1038  1326
  1614  1902  2190  2478  2766  3054  3342  3630  3918  4206  4494  4782
  5070  5358  5646  5934  6222  6510  6798   174   186   474   762  1050
  1338  1626  1914  2202  2490  2778  3066  3354  3642  3930  4218  4506
  4794  5082  5370  5658  5946  6234  6522  6810   186   198   486   774
  1062  1350  1638  1926  2214  2502  2790  3078  3366  3654  3942  4230
  4518  4806  5094  5382  5670  5958  6246  6534  6822   198   210   498
   786  1074  1362  1650  1938  2226  2514  2802  3090  3378  3666  3954
  4242  4530  4818  5106  5394  5682  5970  6258  6546  6834   210   222
   510   798  1086  1374  1662  1950  2238  2526  2814  3102  3390  3678
  3966  4254  4542  4830  5118  5406  5694  5982  6270  6558  6846   222
   234   522   810  1098  1386  1674  1962  2250  2538  2826  3114  3402
  3690  3978  4266  4554  4842  5130  5418  5706  5994  6282  6570  6858
   234   246   534   822  1110  1398  1686  1974  2262  2550  2838  3126
  3414  3702  3990  4278  4566  4854  5142  5430  5718  6006  6294  6582
  6870   246   258   546   834  1122  1410  1698  1986  2274  2562  2850
  3138  3426  3714  4002  4290  4578  4866  5154  5442  5730  6018  6306
  6594  6882   258   270   558   846  1134  1422  1710  1998  2286  2574
  2862  3150  3438  3726  4014  4302  4590  4878  5166  5454  5742  6030
  6318  6606  6894   270   282   570   858  1146  1434  1722  2010  2298
  2586  2874  3162  3450  3738  4026  4314  4602  4890  5178  5466  5754
  6042  6330  6618  6906   282     6   294   582   870  1158  1446  1734
  2022  2310  2598  2886  3174  3462  3750  4038  4326  4614  4902  5190
  5478  5766  6054  6342  6630     6     7   295   583   871  1159  1447
  1735  2023  2311  2599  2887  3175  3463  3751  4039  4327  4615  4903
  5191  5479  5767  6055  6343  6631     7    19   307   595   883  1171
  1459  1747  2035  2323  2611  2899  3187  3475  3763  4051  4339  4627
  4915  5203  5491  5779  6067  6355  6643    19    31   319   607   895
  1183  1471  1759  2047  2335  2623  2911  3199  3487  3775  4063  4351
  4639  4927  5215  5503  5791  6079  6367  6655    31    43   331   619
   907  1195  1483  1771  2059  2347  2635  2923  3211  3499  3787  4075
  4363  4651  4939  5227  5515  5803  6091  6379  6667    43    55   343
   631   919  1207  1495  1783  2071  2359  2647  2935  3223  3511  3799
  4087  4375  4663  4951  5239  5527  5815  6103  6391  6679    55    67
   355   643   931  1219  1507  1795  2083  2371  2659  2947  3235  3523
  3811  4099  4387  4675  4963  5251  5539  5827  6115  6403  6691    67
    79   367   655   943  1231  1519  1807  2095  2383  2671  2959  3247
  3535  3823  4111  4399  4687  4975  5263  5551  5839  6127  6415  6703
    79    91   379   667   955  1243  1531  1819  2107  2395  2683  2971
  3259  3547  3835  4123  4411  4699  4987  5275  5563  5851  6139  6427
  6715    91   103   391   679   967  1255  1543  1831  2119  2407  2695
  2983  3271  3559  3847  4135  4423  4711  4999  5287  5575  5863  6151
  6439  6727   103   115   403   691   979  1267  1555  1843  2131  2419
  2707  2995  3283  3571  3859  4147  4435  4723  5011  5299  5587  5875
  6163  6451  6739   115   127   415   703   991  1279  1567  1855  2143
  2431  2719  3007  3295  3583  3871  4159  4447  4735  5023  5311  5599
  5887  6175  6463  6751   127   139   427   715  1003  1291  1579  1867
  2155  2443  2731  3019  3307  3595  3883  4171  4459  4747  5035  5323
  5611  5899  6187  6475  6763   139   151   439   727  1015  1303  1591
  1879  2167  2455  2743  3031  3319  3607  3895  4183  4471  4759  5047
  5335  5623  5911  6199  6487  6775   151   163   451   739  1027  1315
  1603  1891  2179  2467  2755  3043  3331  3619  3907  4195  4483  4771
  5059  5347  5635  5923  6211  6499  6787   163   175   463   751  1039
  1327  1615  1903  2191  2479  2767  3055  3343  3631  3919  4207  4495
  4783  5071  5359  5647  5935  6223  6511  6799   175   187   475   763
  1051  1339  1627  1915  2203  2491  2779  3067  3355  3643  3931  4219
  4507  4795  5083  5371  5659  5947  6235  6523  6811   187   199   487
   775  1063  1351  1639  1927  2215  2503  2791  3079  3367  3655  3943
  4231  4519  4807  5095  5383  5671  5959  6247  6535  6823   199   211
   499   787  1075  1363  1651  1939  2227  2515  2803  3091  3379  3667
  3955  4243  4531  4819  5107  5395  5683  5971  6259  6547  6835   211
   223   511   799  1087  1375  1663  1951  2239  2527  2815  3103  3391
  3679  3967  4255  4543  4831  5119  5407  5695  5983  6271  6559  6847
   223   235   523   811  1099  1387  1675  1963  2251  2539  2827  3115
  3403  3691  3979  4267  4555  4843  5131  5419  5707  5995  6283  6571
  6859   235   247   535   823  1111  1399  1687  1975  2263  2551  2839
  3127  3415  3703  3991  4279  4567  4855  5143  5431  5719  6007  6295
  6583  6871   247   259   547   835  1123  1411  1699  1987  2275  2563
  2851  3139  3427  3715  4003  4291  4579  4867  5155  5443  5731  6019
  6307  6595  6883   259   271   559   847  1135  1423  1711  1999  2287
  2575  2863  3151  3439  3727  4015  4303  4591  4879  5167  5455  5743
  6031  6319  6607  6895   271   283   571   859  1147  1435  1723  2011
  2299  2587  2875  3163  3451  3739  4027  4315  4603  4891  5179  5467
  5755  6043  6331  6619  6907   283     7   295   583   871  1159  1447
  1735  2023  2311  2599  2887  3175  3463  3751  4039  4327  4615  4903
  5191  5479  5767  6055  6343  6631     7     8   296   584   872  1160
  1448  1736  2024  2312  2600  2888  3176  3464  3752  4040  4328  4616
  4904  5192  5480  5768  6056  6344  6632     8    20   308   596   884
  1172  1460  1748  2036  2324  2612  2900  3188  3476  3764  4052  4340
  4628  4916  5204  5492  5780  6068  6356  6644    20    32   320   608
   896  1184  1472  1760  2048  2336  2624  2912  3200  3488  3776  4064
  4352  4640  4928  5216  5504  5792  6080  6368  6656    32    44   332
   620   908  1196  1484  1772  2060  2348  2636  2924  3212  3500  3788
  4076  4364  4652  4940  5228  5516  5804  6092  6380  6668    44    56
   344   632   920  1208  1496  1784  2072  2360  2648  2936  3224  3512
  3800  4088  4376  4664  4952  5240  5528  5816  6104  6392  6680    56
    68   356   644   932  1220  1508  1796  2084  2372  2660  2948  3236
  3524  3812  4100  4388  4676  4964  5252  5540  5828  6116  6404  6692
    68    80   368   656   944  1232  1520  1808  2096  2384  2672  2960
  3248  3536  3824  4112  4400  4688  4976  5264  5552  5840  6128  6416
  6704    80    92   380   668   956  1244  1532  1820  2108  2396  2684
  2972  3260  3548  3836  4124  4412  4700  4988  5276  5564  5852  6140
  6428  6716    92   104   392   680   968  1256  1544  1832  2120  2408
  2696  2984  3272  3560  3848  4136  4424  4712  5000  5288  5576  5864
  6152  6440  6728   104   116   404   692   980  1268  1556  1844  2132
  2420  2708  2996  3284  3572  3860  4148  4436  4724  5012  5300  5588
  5876  6164  6452  6740   116   128   416   704   992  1280  1568  1856
  2144  2432  2720  3008  3296  3584  3872  4160  4448  4736  5024  5312
  5600  5888  6176  6464  6752   128   140   428   716  1004  1292  1580
  1868  2156  2444  2732  3020  3308  3596  3884  4172  4460  4748  5036
  5324  5612  5900  6188  6476  6764   140   152   440   728  1016  1304
  1592  1880  2168  2456  2744  3032  3320  3608  3896  4184  4472  4760
  5048  5336  5624  5912  6200  6488  6776   152   164   452   740  1028
  1316  1604  1892  2180  2468  2756  3044  3332  3620  3908  4196  4484
  4772  5060  5348  5636  5924  6212  6500  6788   164   176   464   752
  1040  1328  1616  1904  2192  2480  2768  3056  3344  3632  3920  4208
  4496  4784  5072  5360  5648  5936  6224  6512  6800   176   188   476
   764  1052  1340  1628  1916  2204  2492  2780  3068  3356  3644  3932
  4220  4508  4796  5084  5372  5660  5948  6236  6524  6812   188   200
   488   776  1064  1352  1640  1928  2216  2504  2792  3080  3368  3656
  3944  4232  4520  4808  5096  5384  5672  5960  6248  6536  6824   200
   212   500   788  1076  1364  1652  1940  2228  2516  2804  3092  3380
  3668  3956  4244  4532  4820  5108  5396  5684  5972  6260  6548  6836
   212   224   512   800  1088  1376  1664  1952  2240  2528  2816  3104
  3392  3680  3968  4256  4544  4832  5120  5408  5696  5984  6272  6560
  6848   224   236   524   812  1100  1388  1676  1964  2252  2540  2828
  3116  3404  3692  3980  4268  4556  4844  5132  5420  5708  5996  6284
  6572  6860   236   248   536   824  1112  1400  1688  1976  2264  2552
  2840  3128  3416  3704  3992  4280  4568  4856  5144  5432  5720  6008
  6296  6584  6872   248   260   548   836  1124  1412  1700  1988  2276
  2564  2852  3140  3428  3716  4004  4292  4580  4868  5156  5444  5732
  6020  6308  6596  6884   260   272   560   848  1136  1424  1712  2000
  2288  2576  2864  3152  3440  3728  4016  4304  4592  4880  5168  5456
  5744  6032  6320  6608  6896   272   284   572   860  1148  1436  1724
  2012  2300  2588  2876  3164  3452  3740  4028  4316  4604  4892  5180
  5468  5756  6044  6332  6620  6908   284     8   296   584   872  1160
  1448  1736  2024  2312  2600  2888  3176  3464  3752  4040  4328  4616
  4904  5192  5480  5768  6056  6344  6632     8     9   297   585   873
  1161  1449  1737  2025  2313  2601  2889  3177  3465  3753  4041  4329
  4617  4905  5193  5481  5769  6057  6345  6633     9    21   309   597
   885  1173  1461  1749  2037  2325  2613  2901  3189  3477  3765  4053
  4341  4629  4917  5205  5493  5781  6069  6357  6645    21    33   321
   609   897  1185  1473  1761  2049  2337  2625  2913  3201  3489  3777
  4065  4353  4641  4929  5217  5505  5793  6081  6369  6657    33    45
   333   621   909  1197  1485  1773  2061  2349  2637  2925  3213  3501
  3789  4077  4365  4653  4941  5229  5517  5805  6093  6381  6669    45
    57   345   633   921  1209  1497  1785  2073  2361  2649  2937  3225
  3513  3801  4089  4377  4665  4953  5241  5529  5817  6105  6393  6681
    57    69   357   645   933  1221  1509  1797  2085  2373  2661  2949
  3237  3525  3813  4101  4389  4677  4965  5253  5541  5829  6117  6405
  6693    69    81   369   657   945  1233  1521  1809  2097  2385  2673
  2961  3249  3537  3825  4113  4401  4689  4977  5265  5553  5841  6129
  6417  6705    81    93   381   669   957  1245  1533  1821  2109  2397
  2685  2973  3261  3549  3837  4125  4413  4701  4989  5277  5565  5853
  6141  6429  6717    93   105   393   681   969  1257  1545  1833  2121
  2409  2697  2985  3273  3561  3849  4137  4425  4713  5001  5289  5577
  5865  6153  6441  6729   105   117   405   693   981  1269  1557  1845
  2133  2421  2709  2997  3285  3573  3861  4149  4437  4725  5013  5301
  5589  5877  6165  6453  6741   117   129   417   705   993  1281  1569
  1857  2145  2433  2721  3009  3297  3585  3873  4161  4449  4737  5025
  5313  5601  5889  6177  6465  6753   129   141   429   717  1005  1293
  1581  1869  2157  2445  2733  3021  3309  3597  3885  4173  4461  4749
  5037  5325  5613  5901  6189  6477  6765   141   153   441   729  1017
  1305  1593  1881  2169  2457  2745  3033  3321  3609  3897  4185  4473
  4761  5049  5337  5625  5913  6201  6489  6777   153   165   453   741
  1029  1317  1605  1893  2181  2469  2757  3045  3333  3621  3909  4197
  4485  4773  5061  5349  5637  5925  6213  6501  6789   165   177   465
   753  1041  1329  1617  1905  2193  2481  2769  3057  3345  3633  3921
  4209  4497  4785  5073  5361  5649  5937  6225  6513  6801   177   189
   477   765  1053  1341  1629  1917  2205  2493  2781  3069  3357  3645
  3933  4221  4509  4797  5085  5373  5661  5949  6237  6525  6813   189
   201   489   777  1065  1353  1641  1929  2217  2505  2793  3081  3369
  3657  3945  4233  4521  4809  5097  5385  5673  5961  6249  6537  6825
   201   213   501   789  1077  1365  1653  1941  2229  2517  2805  3093
  3381  3669  3957  4245  4533  4821  5109  5397  5685  5973  6261  6549
  6837   213   225   513   801  1089  1377  1665  1953  2241  2529  2817
  3105  3393  3681  3969  4257  4545  4833  5121  5409  5697  5985  6273
  6561  6849   225   237   525   813  1101  1389  1677  1965  2253  2541
  2829  3117  3405  3693  3981  4269  4557  4845  5133  5421  5709  5997
  6285  6573  6861   237   249   537   825  1113  1401  1689  1977  2265
  2553  2841  3129  3417  3705  3993  4281  4569  4857  5145  5433  5721
  6009  6297  6585  6873   249   261   549   837  1125  1413  1701  1989
  2277  2565  2853  3141  3429  3717  4005  4293  4581  4869  5157  5445
  5733  6021  6309  6597  6885   261   273   561   849  1137  1425  1713
  2001  2289  2577  2865  3153  3441  3729  4017  4305  4593  4881  5169
  5457  5745  6033  6321  6609  6897   273   285   573   861  1149  1437
  1725  2013  2301  2589  2877  3165  3453  3741  4029  4317  4605  4893
  5181  5469  5757  6045  6333  6621  6909   285     9   297   585   873
  1161  1449  1737  2025  2313  2601  2889  3177  3465  3753  4041  4329
  4617  4905  5193  5481  5769  6057  6345  6633     9    10   298   586
   874  1162  1450  1738  2026  2314  2602  2890  3178  3466  3754  4042
  4330  4618  4906  5194  5482  5770  6058  6346  6634    10    22   310
   598   886  1174  1462  1750  2038  2326  2614  2902  3190  3478  3766
  4054  4342  4630  4918  5206  5494  5782  6070  6358  6646    22    34
   322   610   898  1186  1474  1762  2050  2338  2626  2914  3202  3490
  3778  4066  4354  4642  4930  5218  5506  5794  6082  6370  6658    34
    46   334   622   910  1198  1486  1774  2062  2350  2638  2926  3214
  3502  3790  4078  4366  4654  4942  5230  5518  5806  6094  6382  6670
    46    58   346   634   922  1210  1498  1786  2074  2362  2650  2938
  3226  3514  3802  4090  4378  4666  4954  5242  5530  5818  6106  6394
  6682    58    70   358   646   934  1222  1510  1798  2086  2374  2662
  2950  3238  3526  3814  4102  4390  4678  4966  5254  5542  5830  6118
  6406  6694    70    82   370   658   946  1234  1522  1810  2098  2386
  2674  2962  3250  3538  3826  4114  4402  4690  4978  5266  5554  5842
  6130  6418  6706    82    94   382   670   958  1246  1534  1822  2110
  2398  2686  2974  3262  3550  3838  4126  4414  4702  4990  5278  5566
  5854  6142  6430  6718    94   106   394   682   970  1258  1546  1834
  2122  2410  2698  2986  3274  3562  3850  4138  4426  4714  5002  5290
  5578  5866  6154  6442  6730   106   118   406   694   982  1270  1558
  1846  2134  2422  2710  2998  3286  3574  3862  4150  4438  4726  5014
  5302  5590  5878  6166  6454  6742   118   130   418   706   994  1282
  1570  1858  2146  2434  2722  3010  3298  3586  3874  4162  4450  4738
  5026  5314  5602  5890  6178  6466  6754   130   142   430   718  1006
  1294  1582  1870  2158  2446  2734  3022  3310  3598  3886  4174  4462
  4750  5038  5326  5614  5902  6190  6478  6766   142   154   442   730
  1018  1306  1594  1882  2170  2458  2746  3034  3322  3610  3898  4186
  4474  4762  5050  5338  5626  5914  6202  6490  6778   154   166   454
   742  1030  1318  1606  1894  2182  2470  2758  3046  3334  3622  3910
  4198  4486  4774  5062  5350  5638  5926  6214  6502  6790   166   178
   466   754  1042  1330  1618  1906  2194  2482  2770  3058  3346  3634
  3922  4210  4498  4786  5074  5362  5650  5938  6226  6514  6802   178
   190   478   766  1054  1342  1630  1918  2206  2494  2782  3070  3358
  3646  3934  4222  4510  4798  5086  5374  5662  5950  6238  6526  6814
   190   202   490   778  1066  1354  1642  1930  2218  2506  2794  3082
  3370  3658  3946  4234  4522  4810  5098  5386  5674  5962  6250  6538
  6826   202   214   502   790  1078  1366  1654  1942  2230  2518  2806
  3094  3382  3670  3958  4246  4534  4822  5110  5398  5686  5974  6262
  6550  6838   214   226   514   802  1090  1378  1666  1954  2242  2530
  2818  3106  3394  3682  3970  4258  4546  4834  5122  5410  5698  5986
  6274  6562  6850   226   238   526   814  1102  1390  1678  1966  2254
  2542  2830  3118  3406  3694  3982  4270  4558  4846  5134  5422  5710
  5998  6286  6574  6862   238   250   538   826  1114  1402  1690  1978
  2266  2554  2842  3130  3418  3706  3994  4282  4570  4858  5146  5434
  5722  6010  6298  6586  6874   250   262   550   838  1126  1414  1702
  1990  2278  2566  2854  3142  3430  3718  4006  4294  4582  4870  5158
  5446  5734  6022  6310  6598  6886   262   274   562   850  1138  1426
  1714  2002  2290  2578  2866  3154  3442  3730  4018  4306  4594  4882
  5170  5458  5746  6034  6322  6610  6898   274   286   574   862  1150
  1438  1726  2014  2302  2590  2878  3166  3454  3742  4030  4318  4606
  4894  5182  5470  5758  6046  6334  6622  6910   286    10   298   586
   874  1162  1450  1738  2026  2314  2602  2890  3178  3466  3754  4042
  4330  4618  4906  5194  5482  5770  6058  6346  6634    10    11   299
   587   875  1163  1451  1739  2027  2315  2603  2891  3179  3467  3755
  4043  4331  4619  4907  5195  5483  5771  6059  6347  6635    11    23
   311   599   887  1175  1463  1751  2039  2327  2615  2903  3191  3479
  3767  4055  4343  4631  4919  5207  5495  5783  6071  6359  6647    23
    35   323   611   899  1187  1475  1763  2051  2339  2627  2915  3203
  3491  3779  4067  4355  4643  4931  5219  5507  5795  6083  6371  6659
    35    47   335   623   911  1199  1487  1775  2063  2351  2639  2927
  3215  3503  3791  4079  4367  4655  4943  5231  5519  5807  6095  6383
  6671    47    59   347   635   923  1211  1499  1787  2075  2363  2651
  2939  3227  3515  3803  4091  4379  4667  4955  5243  5531  5819  6107
  6395  6683    59    71   359   647   935  1223  1511  1799  2087  2375
  2663  2951  3239  3527  3815  4103  4391  4679  4967  5255  5543  5831
  6119  6407  6695    71    83   371   659   947  1235  1523  1811  2099
  2387  2675  2963  3251  3539  3827  4115  4403  4691  4979  5267  5555
  5843  6131  6419  6707    83    95   383   671   959  1247  1535  1823
  2111  2399  2687  2975  3263  3551  3839  4127  4415  4703  4991  5279
  5567  5855  6143  6431  6719    95   107   395   683   971  1259  1547
  1835  2123  2411  2699  2987  3275  3563  3851  4139  4427  4715  5003
  5291  5579  5867  6155  6443  6731   107   119   407   695   983  1271
  1559  1847  2135  2423  2711  2999  3287  3575  3863  4151  4439  4727
  5015  5303  5591  5879  6167  6455  6743   119   131   419   707   995
  1283  1571  1859  2147  2435  2723  3011  3299  3587  3875  4163  4451
  4739  5027  5315  5603  5891  6179  6467  6755   131   143   431   719
  1007  1295  1583  1871  2159  2447  2735  3023  3311  3599  3887  4175
  4463  4751  5039  5327  5615  5903  6191  6479  6767   143   155   443
   731  1019  1307  1595  1883  2171  2459  2747  3035  3323  3611  3899
  4187  4475  4763  5051  5339  5627  5915  6203  6491  6779   155   167
   455   743  1031  1319  1607  1895  2183  2471  2759  3047  3335  3623
  3911  4199  4487  4775  5063  5351  5639  5927  6215  6503  6791   167
   179   467   755  1043  1331  1619  1907  2195  2483  2771  3059  3347
  3635  3923  4211  4499  4787  5075  5363  5651  5939  6227  6515  6803
   179   191   479   767  1055  1343  1631  1919  2207  2495  2783  3071
  3359  3647  3935  4223  4511  4799  5087  5375  5663  5951  6239  6527
  6815   191   203   491   779  1067  1355  1643  1931  2219  2507  2795
  3083  3371  3659  3947  4235  4523  4811  5099  5387  5675  5963  6251
  6539  6827   203   215   503   791  1079  1367  1655  1943  2231  2519
  2807  3095  3383  3671  3959  4247  4535  4823  5111  5399  5687  5975
  6263  6551  6839   215   227   515   803  1091  1379  1667  1955  2243
  2531  2819  3107  3395  3683  3971  4259  4547  4835  5123  5411  5699
  5987  6275  6563  6851   227   239   527   815  1103  1391  1679  1967
  2255  2543  2831  3119  3407  3695  3983  4271  4559  4847  5135  5423
  5711  5999  6287  6575  6863   239   251   539   827  1115  1403  1691
  1979  2267  2555  2843  3131  3419  3707  3995  4283  4571  4859  5147
  5435  5723  6011  6299  6587  6875   251   263   551   839  1127  1415
  1703  1991  2279  2567  2855  3143  3431  3719  4007  4295  4583  4871
  5159  5447  5735  6023  6311  6599  6887   263   275   563   851  1139
  1427  1715  2003  2291  2579  2867  3155  3443  3731  4019  4307  4595
  4883  5171  5459  5747  6035  6323  6611  6899   275   287   575   863
  1151  1439  1727  2015  2303  2591  2879  3167  3455  3743  4031  4319
  4607  4895  5183  5471  5759  6047  6335  6623  6911   287    11   299
   587   875  1163  1451  1739  2027  2315  2603  2891  3179  3467  3755
  4043  4331  4619  4907  5195  5483  5771  6059  6347  6635    11    12
   300   588   876  1164  1452  1740  2028  2316  2604  2892  3180  3468
  3756  4044  4332  4620  4908  5196  5484  5772  6060  6348  6636    12
    24   312   600   888  1176  1464  1752  2040  2328  2616  2904  3192
  3480  3768  4056  4344  4632  4920  5208  5496  5784  6072  6360  6648
    24    36   324   612   900  1188  1476  1764  2052  2340  2628  2916
  3204  3492  3780  4068  4356  4644  4932  5220  5508  5796  6084  6372
  6660    36    48   336   624   912  1200  1488  1776  2064  2352  2640
  2928  3216  3504  3792  4080  4368  4656  4944  5232  5520  5808  6096
  6384  6672    48    60   348   636   924  1212  1500  1788  2076  2364
  2652  2940  3228  3516  3804  4092  4380  4668  4956  5244  5532  5820
  6108  6396  6684    60    72   360   648   936  1224  1512  1800  2088
  2376  2664  2952  3240  3528  3816  4104  4392  4680  4968  5256  5544
  5832  6120  6408  6696    72    84   372   660   948  1236  1524  1812
  2100  2388  2676  2964  3252  3540  3828  4116  4404  4692  4980  5268
  5556  5844  6132  6420  6708    84    96   384   672   960  1248  1536
  1824  2112  2400  2688  2976  3264  3552  3840  4128  4416  4704  4992
  5280  5568  5856  6144  6432  6720    96   108   396   684   972  1260
  1548  1836  2124  2412  2700  2988  3276  3564  3852  4140  4428  4716
  5004  5292  5580  5868  6156  6444  6732   108   120   408   696   984
  1272  1560  1848  2136  2424  2712  3000  3288  3576  3864  4152  4440
  4728  5016  5304  5592  5880  6168  6456  6744   120   132   420   708
   996  1284  1572  1860  2148  2436  2724  3012  3300  3588  3876  4164
  4452  4740  5028  5316  5604  5892  6180  6468  6756   132   144   432
   720  1008  1296  1584  1872  2160  2448  2736  3024  3312  3600  3888
  4176  4464  4752  5040  5328  5616  5904  6192  6480  6768   144   156
   444   732  1020  1308  1596  1884  2172  2460  2748  3036  3324  3612
  3900  4188  4476  4764  5052  5340  5628  5916  6204  6492  6780   156
   168   456   744  1032  1320  1608  1896  2184  2472  2760  3048  3336
  3624  3912  4200  4488  4776  5064  5352  5640  5928  6216  6504  6792
   168   180   468   756  1044  1332  1620  1908  2196  2484  2772  3060
  3348  3636  3924  4212  4500  4788  5076  5364  5652  5940  6228  6516
  6804   180   192   480   768  1056  1344  1632  1920  2208  2496  2784
  3072  3360  3648  3936  4224  4512  4800  5088  5376  5664  5952  6240
  6528  6816   192   204   492   780  1068  1356  1644  1932  2220  2508
  2796  3084  3372  3660  3948  4236  4524  4812  5100  5388  5676  5964
  6252  6540  6828   204   216   504   792  1080  1368  1656  1944  2232
  2520  2808  3096  3384  3672  3960  4248  4536  4824  5112  5400  5688
  5976  6264  6552  6840   216   228   516   804  1092  1380  1668  1956
  2244  2532  2820  3108  3396  3684  3972  4260  4548  4836  5124  5412
  5700  5988  6276  6564  6852   228   240   528   816  1104  1392  1680
  1968  2256  2544  2832  3120  3408  3696  3984  4272  4560  4848  5136
  5424  5712  6000  6288  6576  6864   240   252   540   828  1116  1404
  1692  1980  2268  2556  2844  3132  3420  3708  3996  4284  4572  4860
  5148  5436  5724  6012  6300  6588  6876   252   264   552   840  1128
  1416  1704  1992  2280  2568  2856  3144  3432  3720  4008  4296  4584
  4872  5160  5448  5736  6024  6312  6600  6888   264   276   564   852
  1140  1428  1716  2004  2292  2580  2868  3156  3444  3732  4020  4308
  4596  4884  5172  5460  5748  6036  6324  6612  6900   276   288   576
   864  1152  1440  1728  2016  2304  2592  2880  3168  3456  3744  4032
  4320  4608  4896  5184  5472  5760  6048  6336  6624  6912   288    12
   300   588   876  1164  1452  1740  2028  2316  2604  2892  3180  3468
  3756  4044  4332  4620  4908  5196  5484  5772  6060  6348  6636    12
     1   289   577   865  1153  1441  1729  2017  2305  2593  2881  3169
  3457  3745  4033  4321  4609  4897  5185  5473  5761  6049  6337  6625
     1    13   301   589   877  1165  1453  1741  2029  2317  2605  2893
  3181  3469  3757  4045  4333  4621  4909  5197  5485  5773  6061  6349
  6637    13    25   313   601   889  1177  1465  1753  2041  2329  2617
  2905  3193  3481  3769  4057  4345  4633  4921  5209  5497  5785  6073
  6361  6649    25    37   325   613   901  1189  1477  1765  2053  2341
  2629  2917  3205  3493  3781  4069  4357  4645  4933  5221  5509  5797
  6085  6373  6661    37    49   337   625   913  1201  1489  1777  2065
  2353  2641  2929  3217  3505  3793  4081  4369  4657  4945  5233  5521
  5809  6097  6385  6673    49    61   349   637   925  1213  1501  1789
  2077  2365  2653  2941  3229  3517  3805  4093  4381  4669  4957  5245
  5533  5821  6109  6397  6685    61    73   361   649   937  1225  1513
  1801  2089  2377  2665  2953  3241  3529  3817  4105  4393  4681  4969
  5257  5545  5833  6121  6409  6697    73    85   373   661   949  1237
  1525  1813  2101  2389  2677  2965  3253  3541  3829  4117  4405  4693
  4981  5269  5557  5845  6133  6421  6709    85    97   385   673   961
  1249  1537  1825  2113  2401  2689  2977  3265  3553  3841  4129  4417
  4705  4993  5281  5569  5857  6145  6433  6721    97   109   397   685
   973  1261  1549  1837  2125  2413  2701  2989  3277  3565  3853  4141
  4429  4717  5005  5293  5581  5869  6157  6445  6733   109   121   409
   697   985  1273  1561  1849  2137  2425  2713  3001  3289  3577  3865
  4153  4441  4729  5017  5305  5593  5881  6169  6457  6745   121   133
   421   709   997  1285  1573  1861  2149  2437  2725  3013  3301  3589
  3877  4165  4453  4741  5029  5317  5605  5893  6181  6469  6757   133
   145   433   721  1009  1297  1585  1873  2161  2449  2737  3025  3313
  3601  3889  4177  4465  4753  5041  5329  5617  5905  6193  6481  6769
   145   157   445   733  1021  1309  1597  1885  2173  2461  2749  3037
  3325  3613  3901  4189  4477  4765  5053  5341  5629  5917  6205  6493
  6781   157   169   457   745  1033  1321  1609  1897  2185  2473  2761
  3049  3337  3625  3913  4201  4489  4777  5065  5353  5641  5929  6217
  6505  6793   169   181   469   757  1045  1333  1621  1909  2197  2485
  2773  3061  3349  3637  3925  4213  4501  4789  5077  5365  5653  5941
  6229  6517  6805   181   193   481   769  1057  1345  1633  1921  2209
  2497  2785  3073  3361  3649  3937  4225  4513  4801  5089  5377  5665
  5953  6241  6529  6817   193   205   493   781  1069  1357  1645  1933
  2221  2509  2797  3085  3373  3661  3949  4237  4525  4813  5101  5389
  5677  5965  6253  6541  6829   205   217   505   793  1081  1369  1657
  1945  2233  2521  2809  3097  3385  3673  3961  4249  4537  4825  5113
  5401  5689  5977  6265  6553  6841   217   229   517   805  1093  1381
  1669  1957  2245  2533  2821  3109  3397  3685  3973  4261  4549  4837
  5125  5413  5701  5989  6277  6565  6853   229   241   529   817  1105
  1393  1681  1969  2257  2545  2833  3121  3409  3697  3985  4273  4561
  4849  5137  5425  5713  6001  6289  6577  6865   241   253   541   829
  1117  1405  1693  1981  2269  2557  2845  3133  3421  3709  3997  4285
  4573  4861  5149  5437  5725  6013  6301  6589  6877   253   265   553
   841  1129  1417  1705  1993  2281  2569  2857  3145  3433  3721  4009
  4297  4585  4873  5161  5449  5737  6025  6313  6601  6889   265   277
   565   853  1141  1429  1717  2005  2293  2581  2869  3157  3445  3733
  4021  4309  4597  4885  5173  5461  5749  6037  6325  6613  6901   277
     1   289   577   865  1153  1441  1729  2017  2305  2593  2881  3169
  3457  3745  4033  4321  4609  4897  5185  5473  5761  6049  6337  6625
     1
