    .    1    .    2    .    3    .    4    .    5    .    6    .    7
fftffffftffffffffffftftfffffffftfffftffffffftffffffffffffffftfffffttffff
 (/ 2i6, f6.0, 2i6, 2f6.0, 4l6, i6)
  lmax ntype  zval     . icorr     .  pmix   win   wmt f-rel sp-po     .
     8     4  70.0     8    24    1.  .050     t     t     f     t     1
 LABEL
 (f12.0)
  1.88972598
 (i6)
     0
 (/ 2f12.0, i6)
       W(Ry)        dE/W     .
      0.0025         64.     0
 (i6)
     1 placeholder for obsolete panel index
 (/ i6, 3x, 3i1, i6, 2f6.0, f12.0 /)
  ntls   ... nsets     .     .   log(epst)
     3   111     2    .0    .0        -38.
         T^2   ...  ?   ... sc t^2 = a/S^2         + b
 (f12.0, f5.0, i1, i3, 3i2, l3, f6.0, i3, 6f12.0)
        -0.2   .01  0 0 0 1  f    .0  0          .0
        -1.1   .01  0 0 0 1  f    .0  0          .0
        -2.0   .01  0 0 0 1  f    .0  0          .0
 (3f6.0)
    .0    1.    1.
 (/ (3f18.0))
 R transpose
  3.86670151129850  .000000000000000  .000000000000001
  .000000000000001  3.86670151129851  .000000000000000
  .000000000000000  .000000000001000  3.68430042425517
 (/ 3i6, 4x, 2i1, 2i6)
   ft1   ft2   ft3    ..  diag     .
    32    32    30    00     2     0
 (/ 3f18.0, 5x, a1 // f18.0, i24, f18.0)
                          axis                         coord
  .000000000000000  .000000000000000  .000000000000000     l
    field(Ry/bohr)   field modulation star    spin mix ratio
              .000                       1               .10
 (// 2i8)
 TYPE 1: species: 78a
   natom   nharm  (L=   0   1   2   3   4   5   6   7   8)
       1      81  (n=   1   4   9  16  25  36  49  64  81)
 (/ (24i3))
 density exponents
  1
  1
  1
  1
 basis exponents
  5  4  3  2  1  0  0  0  0
 (/ (3f18.0, 5x, a1))
              tau1              tau2              tau3     c
  .000000000000010 -.500000000000000  .500000000000000     l
 (/ i6, 2f12.0, 5x, a1 /)
     n           S          dx coord
   608  .912099053       0.025     v
   608  2.59102929       0.025     a
 (/f6.0, i6, f12.0, 2f6.0, 2x, 2i1, f2.0, 11x, a1//(2i6, f12.0, i12))
     Z    nc      Sinf/S     . Sws/S  ....     ScoFlag
   78.    19          1.    1.    1.  10.0           p
     n     k         occ        flag
     1    -1          2.           0
     2    -1          2.           0
     2     1          2.           0
     2    -2          4.           0
     3    -1          2.           0
     3     1          2.           0
     3    -2          4.           0
     3     2          4.           0
     3    -3          6.           0
     4    -1          2.           0
     4     1          2.           0
     4    -2          4.           0
     4     2          4.           0
     4    -3          6.           0
     4     3          6.           0
     4    -4          8.           0
     5    -1          .0           0
     5     1          .0           0
     5    -2          .0           0
    12 Bases
     0     1     1
     0     1     2
     0     1     3
     1     1     1
     1     1     2
     1     1     3
     2     1     1
     2     1     2
     0     2     1
     0     2     2
     1     2     1
     1     2     2
     6     6     5     5     5     6     7     8     9
    20    21     0     0     0     0     0     0     0
     6     6     5     5     5     6     7     8     9
    20    21     0     0     0     0     0     0     0
     5     5     5     5     5     6     7     8     9
     0     0     0     0     0     0     0     0     0
     5     5     5     5     5     6     7     8     9
     0     0     0     0     0     0     0     0     0
 (// 2i8)
 TYPE 2: species: 78a
   natom   nharm  (L=   0   1   2   3   4   5   6   7   8)
       1      81  (n=   1   4   9  16  25  36  49  64  81)
 (/ (24i3))
 density exponents
  1
  1
  1
  1
 basis exponents
  5  4  3  2  1  0  0  0  0
 (/ (3f18.0, 5x, a1))
              tau1              tau2              tau3     c
 -.499999999999999  .000000000000000 -.499999999999999     l
 (/ i6, 2f12.0, 5x, a1 /)
     n           S          dx coord
   608  .912099053       0.025     v
   608  2.59102929       0.025     a
 (/f6.0, i6, f12.0, 2f6.0, 2x, 2i1, f2.0, 11x, a1//(2i6, f12.0, i12))
     Z    nc      Sinf/S     . Sws/S  ....     ScoFlag
   78.    19          1.    1.    1.  10.0           p
     n     k         occ        flag
     1    -1          2.           0
     2    -1          2.           0
     2     1          2.           0
     2    -2          4.           0
     3    -1          2.           0
     3     1          2.           0
     3    -2          4.           0
     3     2          4.           0
     3    -3          6.           0
     4    -1          2.           0
     4     1          2.           0
     4    -2          4.           0
     4     2          4.           0
     4    -3          6.           0
     4     3          6.           0
     4    -4          8.           0
     5    -1          .0           0
     5     1          .0           0
     5    -2          .0           0
    12 Bases
     0     1     1
     0     1     2
     0     1     3
     1     1     1
     1     1     2
     1     1     3
     2     1     1
     2     1     2
     0     2     1
     0     2     2
     1     2     1
     1     2     2
     6     6     5     5     5     6     7     8     9
    20    21     0     0     0     0     0     0     0
     6     6     5     5     5     6     7     8     9
    20    21     0     0     0     0     0     0     0
     5     5     5     5     5     6     7     8     9
     0     0     0     0     0     0     0     0     0
     5     5     5     5     5     6     7     8     9
     0     0     0     0     0     0     0     0     0
 (// 2i8)
 TYPE 3: species: 28up
   natom   nharm  (L=   0   1   2   3   4   5   6   7   8)
       1      81  (n=   1   4   9  16  25  36  49  64  81)
 (/ (24i3))
 density exponents
  1
  1
  1
  1
 basis exponents
  5  4  3  2  1  0  0  0  0
 (/ (3f18.0, 5x, a1))
              tau1              tau2              tau3     c
  .500000000000000 -.499999999999999  .000000000000000     l
 (/ i6, 2f12.0, 5x, a1 /)
     n           S          dx coord
   543  .784322463       0.025     v
   543  2.20388738       0.025     a
 (/f6.0, i6, f12.0, 2f6.0, 2x, 2i1, f2.0, 11x, a1//(2i6, f12.0, i12))
     Z    nc      Sinf/S     . Sws/S  ....     ScoFlag
   28.     7          1.    1.    1.  10.0           p
     n     k         occ        flag
     1    -1          2.           0
     2    -1          2.           0
     2     1          2.           0
     2    -2          4.           0
     3    -1          .0           0
     3     1          .0           0
     3    -2          .0           0
    12 Bases
     0     1     1
     0     1     2
     0     1     3
     1     1     1
     1     1     2
     1     1     3
     2     1     1
     2     1     2
     0     2     1
     0     2     2
     1     2     1
     1     2     2
     4     4     3     4     5     6     7     8     9
    20    21    -1     0     0     0     0     0     0
     4     4     3     4     5     6     7     8     9
    20    21    -1     0     0     0     0     0     0
     3     3     3     4     5     6     7     8     9
    -1    -1     0     0     0     0     0     0     0
     3     3     3     4     5     6     7     8     9
    -1    -1     0     0     0     0     0     0     0
 (// 2i8)
 TYPE 4: species: 26up
   natom   nharm  (L=   0   1   2   3   4   5   6   7   8)
       1      81  (n=   1   4   9  16  25  36  49  64  81)
 (/ (24i3))
 density exponents
  1
  1
  1
  1
 basis exponents
  5  4  3  2  1  0  0  0  0
 (/ (3f18.0, 5x, a1))
              tau1              tau2              tau3     c
  .000000000000002  .000000000000000  .000000000000010     l
 (/ i6, 2f12.0, 5x, a1 /)
     n           S          dx coord
   539  .776063812       0.025     v
   539  2.18068119       0.025     a
 (/f6.0, i6, f12.0, 2f6.0, 2x, 2i1, f2.0, 11x, a1//(2i6, f12.0, i12))
     Z    nc      Sinf/S     . Sws/S  ....     ScoFlag
   26.     7          1.    1.    1.  10.0           p
     n     k         occ        flag
     1    -1          2.           0
     2    -1          2.           0
     2     1          2.           0
     2    -2          4.           0
     3    -1          .0           0
     3     1          .0           0
     3    -2          .0           0
    12 Bases
     0     1     1
     0     1     2
     0     1     3
     1     1     1
     1     1     2
     1     1     3
     2     1     1
     2     1     2
     0     2     1
     0     2     2
     1     2     1
     1     2     2
     4     4     3     4     5     6     7     8     9
    20    21    -1     0     0     0     0     0     0
     4     4     3     4     5     6     7     8     9
    20    21    -1     0     0     0     0     0     0
     3     3     3     4     5     6     7     8     9
    -1    -1     0     0     0     0     0     0     0
     3     3     3     4     5     6     7     8     9
    -1    -1     0     0     0     0     0     0     0
