# k(0:nx, 0:ny, 0:nz) <= 8748
# nx, ny, nz
 18 18 27
#
     1   487   973  1459  1945  2431  2917  3403  3889  4375  4861  5347
  5833  6319  6805  7291  7777  8263     1    28   514  1000  1486  1972
  2458  2944  3430  3916  4402  4888  5374  5860  6346  6832  7318  7804
  8290    28    55   541  1027  1513  1999  2485  2971  3457  3943  4429
  4915  5401  5887  6373  6859  7345  7831  8317    55    82   568  1054
  1540  2026  2512  2998  3484  3970  4456  4942  5428  5914  6400  6886
  7372  7858  8344    82   109   595  1081  1567  2053  2539  3025  3511
  3997  4483  4969  5455  5941  6427  6913  7399  7885  8371   109   136
   622  1108  1594  2080  2566  3052  3538  4024  4510  4996  5482  5968
  6454  6940  7426  7912  8398   136   163   649  1135  1621  2107  2593
  3079  3565  4051  4537  5023  5509  5995  6481  6967  7453  7939  8425
   163   190   676  1162  1648  2134  2620  3106  3592  4078  4564  5050
  5536  6022  6508  6994  7480  7966  8452   190   217   703  1189  1675
  2161  2647  3133  3619  4105  4591  5077  5563  6049  6535  7021  7507
  7993  8479   217   244   730  1216  1702  2188  2674  3160  3646  4132
  4618  5104  5590  6076  6562  7048  7534  8020  8506   244   271   757
  1243  1729  2215  2701  3187  3673  4159  4645  5131  5617  6103  6589
  7075  7561  8047  8533   271   298   784  1270  1756  2242  2728  3214
  3700  4186  4672  5158  5644  6130  6616  7102  7588  8074  8560   298
   325   811  1297  1783  2269  2755  3241  3727  4213  4699  5185  5671
  6157  6643  7129  7615  8101  8587   325   352   838  1324  1810  2296
  2782  3268  3754  4240  4726  5212  5698  6184  6670  7156  7642  8128
  8614   352   379   865  1351  1837  2323  2809  3295  3781  4267  4753
  5239  5725  6211  6697  7183  7669  8155  8641   379   406   892  1378
  1864  2350  2836  3322  3808  4294  4780  5266  5752  6238  6724  7210
  7696  8182  8668   406   433   919  1405  1891  2377  2863  3349  3835
  4321  4807  5293  5779  6265  6751  7237  7723  8209  8695   433   460
   946  1432  1918  2404  2890  3376  3862  4348  4834  5320  5806  6292
  6778  7264  7750  8236  8722   460     1   487   973  1459  1945  2431
  2917  3403  3889  4375  4861  5347  5833  6319  6805  7291  7777  8263
     1     2   488   974  1460  1946  2432  2918  3404  3890  4376  4862
  5348  5834  6320  6806  7292  7778  8264     2    29   515  1001  1487
  1973  2459  2945  3431  3917  4403  4889  5375  5861  6347  6833  7319
  7805  8291    29    56   542  1028  1514  2000  2486  2972  3458  3944
  4430  4916  5402  5888  6374  6860  7346  7832  8318    56    83   569
  1055  1541  2027  2513  2999  3485  3971  4457  4943  5429  5915  6401
  6887  7373  7859  8345    83   110   596  1082  1568  2054  2540  3026
  3512  3998  4484  4970  5456  5942  6428  6914  7400  7886  8372   110
   137   623  1109  1595  2081  2567  3053  3539  4025  4511  4997  5483
  5969  6455  6941  7427  7913  8399   137   164   650  1136  1622  2108
  2594  3080  3566  4052  4538  5024  5510  5996  6482  6968  7454  7940
  8426   164   191   677  1163  1649  2135  2621  3107  3593  4079  4565
  5051  5537  6023  6509  6995  7481  7967  8453   191   218   704  1190
  1676  2162  2648  3134  3620  4106  4592  5078  5564  6050  6536  7022
  7508  7994  8480   218   245   731  1217  1703  2189  2675  3161  3647
  4133  4619  5105  5591  6077  6563  7049  7535  8021  8507   245   272
   758  1244  1730  2216  2702  3188  3674  4160  4646  5132  5618  6104
  6590  7076  7562  8048  8534   272   299   785  1271  1757  2243  2729
  3215  3701  4187  4673  5159  5645  6131  6617  7103  7589  8075  8561
   299   326   812  1298  1784  2270  2756  3242  3728  4214  4700  5186
  5672  6158  6644  7130  7616  8102  8588   326   353   839  1325  1811
  2297  2783  3269  3755  4241  4727  5213  5699  6185  6671  7157  7643
  8129  8615   353   380   866  1352  1838  2324  2810  3296  3782  4268
  4754  5240  5726  6212  6698  7184  7670  8156  8642   380   407   893
  1379  1865  2351  2837  3323  3809  4295  4781  5267  5753  6239  6725
  7211  7697  8183  8669   407   434   920  1406  1892  2378  2864  3350
  3836  4322  4808  5294  5780  6266  6752  7238  7724  8210  8696   434
   461   947  1433  1919  2405  2891  3377  3863  4349  4835  5321  5807
  6293  6779  7265  7751  8237  8723   461     2   488   974  1460  1946
  2432  2918  3404  3890  4376  4862  5348  5834  6320  6806  7292  7778
  8264     2     3   489   975  1461  1947  2433  2919  3405  3891  4377
  4863  5349  5835  6321  6807  7293  7779  8265     3    30   516  1002
  1488  1974  2460  2946  3432  3918  4404  4890  5376  5862  6348  6834
  7320  7806  8292    30    57   543  1029  1515  2001  2487  2973  3459
  3945  4431  4917  5403  5889  6375  6861  7347  7833  8319    57    84
   570  1056  1542  2028  2514  3000  3486  3972  4458  4944  5430  5916
  6402  6888  7374  7860  8346    84   111   597  1083  1569  2055  2541
  3027  3513  3999  4485  4971  5457  5943  6429  6915  7401  7887  8373
   111   138   624  1110  1596  2082  2568  3054  3540  4026  4512  4998
  5484  5970  6456  6942  7428  7914  8400   138   165   651  1137  1623
  2109  2595  3081  3567  4053  4539  5025  5511  5997  6483  6969  7455
  7941  8427   165   192   678  1164  1650  2136  2622  3108  3594  4080
  4566  5052  5538  6024  6510  6996  7482  7968  8454   192   219   705
  1191  1677  2163  2649  3135  3621  4107  4593  5079  5565  6051  6537
  7023  7509  7995  8481   219   246   732  1218  1704  2190  2676  3162
  3648  4134  4620  5106  5592  6078  6564  7050  7536  8022  8508   246
   273   759  1245  1731  2217  2703  3189  3675  4161  4647  5133  5619
  6105  6591  7077  7563  8049  8535   273   300   786  1272  1758  2244
  2730  3216  3702  4188  4674  5160  5646  6132  6618  7104  7590  8076
  8562   300   327   813  1299  1785  2271  2757  3243  3729  4215  4701
  5187  5673  6159  6645  7131  7617  8103  8589   327   354   840  1326
  1812  2298  2784  3270  3756  4242  4728  5214  5700  6186  6672  7158
  7644  8130  8616   354   381   867  1353  1839  2325  2811  3297  3783
  4269  4755  5241  5727  6213  6699  7185  7671  8157  8643   381   408
   894  1380  1866  2352  2838  3324  3810  4296  4782  5268  5754  6240
  6726  7212  7698  8184  8670   408   435   921  1407  1893  2379  2865
  3351  3837  4323  4809  5295  5781  6267  6753  7239  7725  8211  8697
   435   462   948  1434  1920  2406  2892  3378  3864  4350  4836  5322
  5808  6294  6780  7266  7752  8238  8724   462     3   489   975  1461
  1947  2433  2919  3405  3891  4377  4863  5349  5835  6321  6807  7293
  7779  8265     3     4   490   976  1462  1948  2434  2920  3406  3892
  4378  4864  5350  5836  6322  6808  7294  7780  8266     4    31   517
  1003  1489  1975  2461  2947  3433  3919  4405  4891  5377  5863  6349
  6835  7321  7807  8293    31    58   544  1030  1516  2002  2488  2974
  3460  3946  4432  4918  5404  5890  6376  6862  7348  7834  8320    58
    85   571  1057  1543  2029  2515  3001  3487  3973  4459  4945  5431
  5917  6403  6889  7375  7861  8347    85   112   598  1084  1570  2056
  2542  3028  3514  4000  4486  4972  5458  5944  6430  6916  7402  7888
  8374   112   139   625  1111  1597  2083  2569  3055  3541  4027  4513
  4999  5485  5971  6457  6943  7429  7915  8401   139   166   652  1138
  1624  2110  2596  3082  3568  4054  4540  5026  5512  5998  6484  6970
  7456  7942  8428   166   193   679  1165  1651  2137  2623  3109  3595
  4081  4567  5053  5539  6025  6511  6997  7483  7969  8455   193   220
   706  1192  1678  2164  2650  3136  3622  4108  4594  5080  5566  6052
  6538  7024  7510  7996  8482   220   247   733  1219  1705  2191  2677
  3163  3649  4135  4621  5107  5593  6079  6565  7051  7537  8023  8509
   247   274   760  1246  1732  2218  2704  3190  3676  4162  4648  5134
  5620  6106  6592  7078  7564  8050  8536   274   301   787  1273  1759
  2245  2731  3217  3703  4189  4675  5161  5647  6133  6619  7105  7591
  8077  8563   301   328   814  1300  1786  2272  2758  3244  3730  4216
  4702  5188  5674  6160  6646  7132  7618  8104  8590   328   355   841
  1327  1813  2299  2785  3271  3757  4243  4729  5215  5701  6187  6673
  7159  7645  8131  8617   355   382   868  1354  1840  2326  2812  3298
  3784  4270  4756  5242  5728  6214  6700  7186  7672  8158  8644   382
   409   895  1381  1867  2353  2839  3325  3811  4297  4783  5269  5755
  6241  6727  7213  7699  8185  8671   409   436   922  1408  1894  2380
  2866  3352  3838  4324  4810  5296  5782  6268  6754  7240  7726  8212
  8698   436   463   949  1435  1921  2407  2893  3379  3865  4351  4837
  5323  5809  6295  6781  7267  7753  8239  8725   463     4   490   976
  1462  1948  2434  2920  3406  3892  4378  4864  5350  5836  6322  6808
  7294  7780  8266     4     5   491   977  1463  1949  2435  2921  3407
  3893  4379  4865  5351  5837  6323  6809  7295  7781  8267     5    32
   518  1004  1490  1976  2462  2948  3434  3920  4406  4892  5378  5864
  6350  6836  7322  7808  8294    32    59   545  1031  1517  2003  2489
  2975  3461  3947  4433  4919  5405  5891  6377  6863  7349  7835  8321
    59    86   572  1058  1544  2030  2516  3002  3488  3974  4460  4946
  5432  5918  6404  6890  7376  7862  8348    86   113   599  1085  1571
  2057  2543  3029  3515  4001  4487  4973  5459  5945  6431  6917  7403
  7889  8375   113   140   626  1112  1598  2084  2570  3056  3542  4028
  4514  5000  5486  5972  6458  6944  7430  7916  8402   140   167   653
  1139  1625  2111  2597  3083  3569  4055  4541  5027  5513  5999  6485
  6971  7457  7943  8429   167   194   680  1166  1652  2138  2624  3110
  3596  4082  4568  5054  5540  6026  6512  6998  7484  7970  8456   194
   221   707  1193  1679  2165  2651  3137  3623  4109  4595  5081  5567
  6053  6539  7025  7511  7997  8483   221   248   734  1220  1706  2192
  2678  3164  3650  4136  4622  5108  5594  6080  6566  7052  7538  8024
  8510   248   275   761  1247  1733  2219  2705  3191  3677  4163  4649
  5135  5621  6107  6593  7079  7565  8051  8537   275   302   788  1274
  1760  2246  2732  3218  3704  4190  4676  5162  5648  6134  6620  7106
  7592  8078  8564   302   329   815  1301  1787  2273  2759  3245  3731
  4217  4703  5189  5675  6161  6647  7133  7619  8105  8591   329   356
   842  1328  1814  2300  2786  3272  3758  4244  4730  5216  5702  6188
  6674  7160  7646  8132  8618   356   383   869  1355  1841  2327  2813
  3299  3785  4271  4757  5243  5729  6215  6701  7187  7673  8159  8645
   383   410   896  1382  1868  2354  2840  3326  3812  4298  4784  5270
  5756  6242  6728  7214  7700  8186  8672   410   437   923  1409  1895
  2381  2867  3353  3839  4325  4811  5297  5783  6269  6755  7241  7727
  8213  8699   437   464   950  1436  1922  2408  2894  3380  3866  4352
  4838  5324  5810  6296  6782  7268  7754  8240  8726   464     5   491
   977  1463  1949  2435  2921  3407  3893  4379  4865  5351  5837  6323
  6809  7295  7781  8267     5     6   492   978  1464  1950  2436  2922
  3408  3894  4380  4866  5352  5838  6324  6810  7296  7782  8268     6
    33   519  1005  1491  1977  2463  2949  3435  3921  4407  4893  5379
  5865  6351  6837  7323  7809  8295    33    60   546  1032  1518  2004
  2490  2976  3462  3948  4434  4920  5406  5892  6378  6864  7350  7836
  8322    60    87   573  1059  1545  2031  2517  3003  3489  3975  4461
  4947  5433  5919  6405  6891  7377  7863  8349    87   114   600  1086
  1572  2058  2544  3030  3516  4002  4488  4974  5460  5946  6432  6918
  7404  7890  8376   114   141   627  1113  1599  2085  2571  3057  3543
  4029  4515  5001  5487  5973  6459  6945  7431  7917  8403   141   168
   654  1140  1626  2112  2598  3084  3570  4056  4542  5028  5514  6000
  6486  6972  7458  7944  8430   168   195   681  1167  1653  2139  2625
  3111  3597  4083  4569  5055  5541  6027  6513  6999  7485  7971  8457
   195   222   708  1194  1680  2166  2652  3138  3624  4110  4596  5082
  5568  6054  6540  7026  7512  7998  8484   222   249   735  1221  1707
  2193  2679  3165  3651  4137  4623  5109  5595  6081  6567  7053  7539
  8025  8511   249   276   762  1248  1734  2220  2706  3192  3678  4164
  4650  5136  5622  6108  6594  7080  7566  8052  8538   276   303   789
  1275  1761  2247  2733  3219  3705  4191  4677  5163  5649  6135  6621
  7107  7593  8079  8565   303   330   816  1302  1788  2274  2760  3246
  3732  4218  4704  5190  5676  6162  6648  7134  7620  8106  8592   330
   357   843  1329  1815  2301  2787  3273  3759  4245  4731  5217  5703
  6189  6675  7161  7647  8133  8619   357   384   870  1356  1842  2328
  2814  3300  3786  4272  4758  5244  5730  6216  6702  7188  7674  8160
  8646   384   411   897  1383  1869  2355  2841  3327  3813  4299  4785
  5271  5757  6243  6729  7215  7701  8187  8673   411   438   924  1410
  1896  2382  2868  3354  3840  4326  4812  5298  5784  6270  6756  7242
  7728  8214  8700   438   465   951  1437  1923  2409  2895  3381  3867
  4353  4839  5325  5811  6297  6783  7269  7755  8241  8727   465     6
   492   978  1464  1950  2436  2922  3408  3894  4380  4866  5352  5838
  6324  6810  7296  7782  8268     6     7   493   979  1465  1951  2437
  2923  3409  3895  4381  4867  5353  5839  6325  6811  7297  7783  8269
     7    34   520  1006  1492  1978  2464  2950  3436  3922  4408  4894
  5380  5866  6352  6838  7324  7810  8296    34    61   547  1033  1519
  2005  2491  2977  3463  3949  4435  4921  5407  5893  6379  6865  7351
  7837  8323    61    88   574  1060  1546  2032  2518  3004  3490  3976
  4462  4948  5434  5920  6406  6892  7378  7864  8350    88   115   601
  1087  1573  2059  2545  3031  3517  4003  4489  4975  5461  5947  6433
  6919  7405  7891  8377   115   142   628  1114  1600  2086  2572  3058
  3544  4030  4516  5002  5488  5974  6460  6946  7432  7918  8404   142
   169   655  1141  1627  2113  2599  3085  3571  4057  4543  5029  5515
  6001  6487  6973  7459  7945  8431   169   196   682  1168  1654  2140
  2626  3112  3598  4084  4570  5056  5542  6028  6514  7000  7486  7972
  8458   196   223   709  1195  1681  2167  2653  3139  3625  4111  4597
  5083  5569  6055  6541  7027  7513  7999  8485   223   250   736  1222
  1708  2194  2680  3166  3652  4138  4624  5110  5596  6082  6568  7054
  7540  8026  8512   250   277   763  1249  1735  2221  2707  3193  3679
  4165  4651  5137  5623  6109  6595  7081  7567  8053  8539   277   304
   790  1276  1762  2248  2734  3220  3706  4192  4678  5164  5650  6136
  6622  7108  7594  8080  8566   304   331   817  1303  1789  2275  2761
  3247  3733  4219  4705  5191  5677  6163  6649  7135  7621  8107  8593
   331   358   844  1330  1816  2302  2788  3274  3760  4246  4732  5218
  5704  6190  6676  7162  7648  8134  8620   358   385   871  1357  1843
  2329  2815  3301  3787  4273  4759  5245  5731  6217  6703  7189  7675
  8161  8647   385   412   898  1384  1870  2356  2842  3328  3814  4300
  4786  5272  5758  6244  6730  7216  7702  8188  8674   412   439   925
  1411  1897  2383  2869  3355  3841  4327  4813  5299  5785  6271  6757
  7243  7729  8215  8701   439   466   952  1438  1924  2410  2896  3382
  3868  4354  4840  5326  5812  6298  6784  7270  7756  8242  8728   466
     7   493   979  1465  1951  2437  2923  3409  3895  4381  4867  5353
  5839  6325  6811  7297  7783  8269     7     8   494   980  1466  1952
  2438  2924  3410  3896  4382  4868  5354  5840  6326  6812  7298  7784
  8270     8    35   521  1007  1493  1979  2465  2951  3437  3923  4409
  4895  5381  5867  6353  6839  7325  7811  8297    35    62   548  1034
  1520  2006  2492  2978  3464  3950  4436  4922  5408  5894  6380  6866
  7352  7838  8324    62    89   575  1061  1547  2033  2519  3005  3491
  3977  4463  4949  5435  5921  6407  6893  7379  7865  8351    89   116
   602  1088  1574  2060  2546  3032  3518  4004  4490  4976  5462  5948
  6434  6920  7406  7892  8378   116   143   629  1115  1601  2087  2573
  3059  3545  4031  4517  5003  5489  5975  6461  6947  7433  7919  8405
   143   170   656  1142  1628  2114  2600  3086  3572  4058  4544  5030
  5516  6002  6488  6974  7460  7946  8432   170   197   683  1169  1655
  2141  2627  3113  3599  4085  4571  5057  5543  6029  6515  7001  7487
  7973  8459   197   224   710  1196  1682  2168  2654  3140  3626  4112
  4598  5084  5570  6056  6542  7028  7514  8000  8486   224   251   737
  1223  1709  2195  2681  3167  3653  4139  4625  5111  5597  6083  6569
  7055  7541  8027  8513   251   278   764  1250  1736  2222  2708  3194
  3680  4166  4652  5138  5624  6110  6596  7082  7568  8054  8540   278
   305   791  1277  1763  2249  2735  3221  3707  4193  4679  5165  5651
  6137  6623  7109  7595  8081  8567   305   332   818  1304  1790  2276
  2762  3248  3734  4220  4706  5192  5678  6164  6650  7136  7622  8108
  8594   332   359   845  1331  1817  2303  2789  3275  3761  4247  4733
  5219  5705  6191  6677  7163  7649  8135  8621   359   386   872  1358
  1844  2330  2816  3302  3788  4274  4760  5246  5732  6218  6704  7190
  7676  8162  8648   386   413   899  1385  1871  2357  2843  3329  3815
  4301  4787  5273  5759  6245  6731  7217  7703  8189  8675   413   440
   926  1412  1898  2384  2870  3356  3842  4328  4814  5300  5786  6272
  6758  7244  7730  8216  8702   440   467   953  1439  1925  2411  2897
  3383  3869  4355  4841  5327  5813  6299  6785  7271  7757  8243  8729
   467     8   494   980  1466  1952  2438  2924  3410  3896  4382  4868
  5354  5840  6326  6812  7298  7784  8270     8     9   495   981  1467
  1953  2439  2925  3411  3897  4383  4869  5355  5841  6327  6813  7299
  7785  8271     9    36   522  1008  1494  1980  2466  2952  3438  3924
  4410  4896  5382  5868  6354  6840  7326  7812  8298    36    63   549
  1035  1521  2007  2493  2979  3465  3951  4437  4923  5409  5895  6381
  6867  7353  7839  8325    63    90   576  1062  1548  2034  2520  3006
  3492  3978  4464  4950  5436  5922  6408  6894  7380  7866  8352    90
   117   603  1089  1575  2061  2547  3033  3519  4005  4491  4977  5463
  5949  6435  6921  7407  7893  8379   117   144   630  1116  1602  2088
  2574  3060  3546  4032  4518  5004  5490  5976  6462  6948  7434  7920
  8406   144   171   657  1143  1629  2115  2601  3087  3573  4059  4545
  5031  5517  6003  6489  6975  7461  7947  8433   171   198   684  1170
  1656  2142  2628  3114  3600  4086  4572  5058  5544  6030  6516  7002
  7488  7974  8460   198   225   711  1197  1683  2169  2655  3141  3627
  4113  4599  5085  5571  6057  6543  7029  7515  8001  8487   225   252
   738  1224  1710  2196  2682  3168  3654  4140  4626  5112  5598  6084
  6570  7056  7542  8028  8514   252   279   765  1251  1737  2223  2709
  3195  3681  4167  4653  5139  5625  6111  6597  7083  7569  8055  8541
   279   306   792  1278  1764  2250  2736  3222  3708  4194  4680  5166
  5652  6138  6624  7110  7596  8082  8568   306   333   819  1305  1791
  2277  2763  3249  3735  4221  4707  5193  5679  6165  6651  7137  7623
  8109  8595   333   360   846  1332  1818  2304  2790  3276  3762  4248
  4734  5220  5706  6192  6678  7164  7650  8136  8622   360   387   873
  1359  1845  2331  2817  3303  3789  4275  4761  5247  5733  6219  6705
  7191  7677  8163  8649   387   414   900  1386  1872  2358  2844  3330
  3816  4302  4788  5274  5760  6246  6732  7218  7704  8190  8676   414
   441   927  1413  1899  2385  2871  3357  3843  4329  4815  5301  5787
  6273  6759  7245  7731  8217  8703   441   468   954  1440  1926  2412
  2898  3384  3870  4356  4842  5328  5814  6300  6786  7272  7758  8244
  8730   468     9   495   981  1467  1953  2439  2925  3411  3897  4383
  4869  5355  5841  6327  6813  7299  7785  8271     9    10   496   982
  1468  1954  2440  2926  3412  3898  4384  4870  5356  5842  6328  6814
  7300  7786  8272    10    37   523  1009  1495  1981  2467  2953  3439
  3925  4411  4897  5383  5869  6355  6841  7327  7813  8299    37    64
   550  1036  1522  2008  2494  2980  3466  3952  4438  4924  5410  5896
  6382  6868  7354  7840  8326    64    91   577  1063  1549  2035  2521
  3007  3493  3979  4465  4951  5437  5923  6409  6895  7381  7867  8353
    91   118   604  1090  1576  2062  2548  3034  3520  4006  4492  4978
  5464  5950  6436  6922  7408  7894  8380   118   145   631  1117  1603
  2089  2575  3061  3547  4033  4519  5005  5491  5977  6463  6949  7435
  7921  8407   145   172   658  1144  1630  2116  2602  3088  3574  4060
  4546  5032  5518  6004  6490  6976  7462  7948  8434   172   199   685
  1171  1657  2143  2629  3115  3601  4087  4573  5059  5545  6031  6517
  7003  7489  7975  8461   199   226   712  1198  1684  2170  2656  3142
  3628  4114  4600  5086  5572  6058  6544  7030  7516  8002  8488   226
   253   739  1225  1711  2197  2683  3169  3655  4141  4627  5113  5599
  6085  6571  7057  7543  8029  8515   253   280   766  1252  1738  2224
  2710  3196  3682  4168  4654  5140  5626  6112  6598  7084  7570  8056
  8542   280   307   793  1279  1765  2251  2737  3223  3709  4195  4681
  5167  5653  6139  6625  7111  7597  8083  8569   307   334   820  1306
  1792  2278  2764  3250  3736  4222  4708  5194  5680  6166  6652  7138
  7624  8110  8596   334   361   847  1333  1819  2305  2791  3277  3763
  4249  4735  5221  5707  6193  6679  7165  7651  8137  8623   361   388
   874  1360  1846  2332  2818  3304  3790  4276  4762  5248  5734  6220
  6706  7192  7678  8164  8650   388   415   901  1387  1873  2359  2845
  3331  3817  4303  4789  5275  5761  6247  6733  7219  7705  8191  8677
   415   442   928  1414  1900  2386  2872  3358  3844  4330  4816  5302
  5788  6274  6760  7246  7732  8218  8704   442   469   955  1441  1927
  2413  2899  3385  3871  4357  4843  5329  5815  6301  6787  7273  7759
  8245  8731   469    10   496   982  1468  1954  2440  2926  3412  3898
  4384  4870  5356  5842  6328  6814  7300  7786  8272    10    11   497
   983  1469  1955  2441  2927  3413  3899  4385  4871  5357  5843  6329
  6815  7301  7787  8273    11    38   524  1010  1496  1982  2468  2954
  3440  3926  4412  4898  5384  5870  6356  6842  7328  7814  8300    38
    65   551  1037  1523  2009  2495  2981  3467  3953  4439  4925  5411
  5897  6383  6869  7355  7841  8327    65    92   578  1064  1550  2036
  2522  3008  3494  3980  4466  4952  5438  5924  6410  6896  7382  7868
  8354    92   119   605  1091  1577  2063  2549  3035  3521  4007  4493
  4979  5465  5951  6437  6923  7409  7895  8381   119   146   632  1118
  1604  2090  2576  3062  3548  4034  4520  5006  5492  5978  6464  6950
  7436  7922  8408   146   173   659  1145  1631  2117  2603  3089  3575
  4061  4547  5033  5519  6005  6491  6977  7463  7949  8435   173   200
   686  1172  1658  2144  2630  3116  3602  4088  4574  5060  5546  6032
  6518  7004  7490  7976  8462   200   227   713  1199  1685  2171  2657
  3143  3629  4115  4601  5087  5573  6059  6545  7031  7517  8003  8489
   227   254   740  1226  1712  2198  2684  3170  3656  4142  4628  5114
  5600  6086  6572  7058  7544  8030  8516   254   281   767  1253  1739
  2225  2711  3197  3683  4169  4655  5141  5627  6113  6599  7085  7571
  8057  8543   281   308   794  1280  1766  2252  2738  3224  3710  4196
  4682  5168  5654  6140  6626  7112  7598  8084  8570   308   335   821
  1307  1793  2279  2765  3251  3737  4223  4709  5195  5681  6167  6653
  7139  7625  8111  8597   335   362   848  1334  1820  2306  2792  3278
  3764  4250  4736  5222  5708  6194  6680  7166  7652  8138  8624   362
   389   875  1361  1847  2333  2819  3305  3791  4277  4763  5249  5735
  6221  6707  7193  7679  8165  8651   389   416   902  1388  1874  2360
  2846  3332  3818  4304  4790  5276  5762  6248  6734  7220  7706  8192
  8678   416   443   929  1415  1901  2387  2873  3359  3845  4331  4817
  5303  5789  6275  6761  7247  7733  8219  8705   443   470   956  1442
  1928  2414  2900  3386  3872  4358  4844  5330  5816  6302  6788  7274
  7760  8246  8732   470    11   497   983  1469  1955  2441  2927  3413
  3899  4385  4871  5357  5843  6329  6815  7301  7787  8273    11    12
   498   984  1470  1956  2442  2928  3414  3900  4386  4872  5358  5844
  6330  6816  7302  7788  8274    12    39   525  1011  1497  1983  2469
  2955  3441  3927  4413  4899  5385  5871  6357  6843  7329  7815  8301
    39    66   552  1038  1524  2010  2496  2982  3468  3954  4440  4926
  5412  5898  6384  6870  7356  7842  8328    66    93   579  1065  1551
  2037  2523  3009  3495  3981  4467  4953  5439  5925  6411  6897  7383
  7869  8355    93   120   606  1092  1578  2064  2550  3036  3522  4008
  4494  4980  5466  5952  6438  6924  7410  7896  8382   120   147   633
  1119  1605  2091  2577  3063  3549  4035  4521  5007  5493  5979  6465
  6951  7437  7923  8409   147   174   660  1146  1632  2118  2604  3090
  3576  4062  4548  5034  5520  6006  6492  6978  7464  7950  8436   174
   201   687  1173  1659  2145  2631  3117  3603  4089  4575  5061  5547
  6033  6519  7005  7491  7977  8463   201   228   714  1200  1686  2172
  2658  3144  3630  4116  4602  5088  5574  6060  6546  7032  7518  8004
  8490   228   255   741  1227  1713  2199  2685  3171  3657  4143  4629
  5115  5601  6087  6573  7059  7545  8031  8517   255   282   768  1254
  1740  2226  2712  3198  3684  4170  4656  5142  5628  6114  6600  7086
  7572  8058  8544   282   309   795  1281  1767  2253  2739  3225  3711
  4197  4683  5169  5655  6141  6627  7113  7599  8085  8571   309   336
   822  1308  1794  2280  2766  3252  3738  4224  4710  5196  5682  6168
  6654  7140  7626  8112  8598   336   363   849  1335  1821  2307  2793
  3279  3765  4251  4737  5223  5709  6195  6681  7167  7653  8139  8625
   363   390   876  1362  1848  2334  2820  3306  3792  4278  4764  5250
  5736  6222  6708  7194  7680  8166  8652   390   417   903  1389  1875
  2361  2847  3333  3819  4305  4791  5277  5763  6249  6735  7221  7707
  8193  8679   417   444   930  1416  1902  2388  2874  3360  3846  4332
  4818  5304  5790  6276  6762  7248  7734  8220  8706   444   471   957
  1443  1929  2415  2901  3387  3873  4359  4845  5331  5817  6303  6789
  7275  7761  8247  8733   471    12   498   984  1470  1956  2442  2928
  3414  3900  4386  4872  5358  5844  6330  6816  7302  7788  8274    12
    13   499   985  1471  1957  2443  2929  3415  3901  4387  4873  5359
  5845  6331  6817  7303  7789  8275    13    40   526  1012  1498  1984
  2470  2956  3442  3928  4414  4900  5386  5872  6358  6844  7330  7816
  8302    40    67   553  1039  1525  2011  2497  2983  3469  3955  4441
  4927  5413  5899  6385  6871  7357  7843  8329    67    94   580  1066
  1552  2038  2524  3010  3496  3982  4468  4954  5440  5926  6412  6898
  7384  7870  8356    94   121   607  1093  1579  2065  2551  3037  3523
  4009  4495  4981  5467  5953  6439  6925  7411  7897  8383   121   148
   634  1120  1606  2092  2578  3064  3550  4036  4522  5008  5494  5980
  6466  6952  7438  7924  8410   148   175   661  1147  1633  2119  2605
  3091  3577  4063  4549  5035  5521  6007  6493  6979  7465  7951  8437
   175   202   688  1174  1660  2146  2632  3118  3604  4090  4576  5062
  5548  6034  6520  7006  7492  7978  8464   202   229   715  1201  1687
  2173  2659  3145  3631  4117  4603  5089  5575  6061  6547  7033  7519
  8005  8491   229   256   742  1228  1714  2200  2686  3172  3658  4144
  4630  5116  5602  6088  6574  7060  7546  8032  8518   256   283   769
  1255  1741  2227  2713  3199  3685  4171  4657  5143  5629  6115  6601
  7087  7573  8059  8545   283   310   796  1282  1768  2254  2740  3226
  3712  4198  4684  5170  5656  6142  6628  7114  7600  8086  8572   310
   337   823  1309  1795  2281  2767  3253  3739  4225  4711  5197  5683
  6169  6655  7141  7627  8113  8599   337   364   850  1336  1822  2308
  2794  3280  3766  4252  4738  5224  5710  6196  6682  7168  7654  8140
  8626   364   391   877  1363  1849  2335  2821  3307  3793  4279  4765
  5251  5737  6223  6709  7195  7681  8167  8653   391   418   904  1390
  1876  2362  2848  3334  3820  4306  4792  5278  5764  6250  6736  7222
  7708  8194  8680   418   445   931  1417  1903  2389  2875  3361  3847
  4333  4819  5305  5791  6277  6763  7249  7735  8221  8707   445   472
   958  1444  1930  2416  2902  3388  3874  4360  4846  5332  5818  6304
  6790  7276  7762  8248  8734   472    13   499   985  1471  1957  2443
  2929  3415  3901  4387  4873  5359  5845  6331  6817  7303  7789  8275
    13    14   500   986  1472  1958  2444  2930  3416  3902  4388  4874
  5360  5846  6332  6818  7304  7790  8276    14    41   527  1013  1499
  1985  2471  2957  3443  3929  4415  4901  5387  5873  6359  6845  7331
  7817  8303    41    68   554  1040  1526  2012  2498  2984  3470  3956
  4442  4928  5414  5900  6386  6872  7358  7844  8330    68    95   581
  1067  1553  2039  2525  3011  3497  3983  4469  4955  5441  5927  6413
  6899  7385  7871  8357    95   122   608  1094  1580  2066  2552  3038
  3524  4010  4496  4982  5468  5954  6440  6926  7412  7898  8384   122
   149   635  1121  1607  2093  2579  3065  3551  4037  4523  5009  5495
  5981  6467  6953  7439  7925  8411   149   176   662  1148  1634  2120
  2606  3092  3578  4064  4550  5036  5522  6008  6494  6980  7466  7952
  8438   176   203   689  1175  1661  2147  2633  3119  3605  4091  4577
  5063  5549  6035  6521  7007  7493  7979  8465   203   230   716  1202
  1688  2174  2660  3146  3632  4118  4604  5090  5576  6062  6548  7034
  7520  8006  8492   230   257   743  1229  1715  2201  2687  3173  3659
  4145  4631  5117  5603  6089  6575  7061  7547  8033  8519   257   284
   770  1256  1742  2228  2714  3200  3686  4172  4658  5144  5630  6116
  6602  7088  7574  8060  8546   284   311   797  1283  1769  2255  2741
  3227  3713  4199  4685  5171  5657  6143  6629  7115  7601  8087  8573
   311   338   824  1310  1796  2282  2768  3254  3740  4226  4712  5198
  5684  6170  6656  7142  7628  8114  8600   338   365   851  1337  1823
  2309  2795  3281  3767  4253  4739  5225  5711  6197  6683  7169  7655
  8141  8627   365   392   878  1364  1850  2336  2822  3308  3794  4280
  4766  5252  5738  6224  6710  7196  7682  8168  8654   392   419   905
  1391  1877  2363  2849  3335  3821  4307  4793  5279  5765  6251  6737
  7223  7709  8195  8681   419   446   932  1418  1904  2390  2876  3362
  3848  4334  4820  5306  5792  6278  6764  7250  7736  8222  8708   446
   473   959  1445  1931  2417  2903  3389  3875  4361  4847  5333  5819
  6305  6791  7277  7763  8249  8735   473    14   500   986  1472  1958
  2444  2930  3416  3902  4388  4874  5360  5846  6332  6818  7304  7790
  8276    14    15   501   987  1473  1959  2445  2931  3417  3903  4389
  4875  5361  5847  6333  6819  7305  7791  8277    15    42   528  1014
  1500  1986  2472  2958  3444  3930  4416  4902  5388  5874  6360  6846
  7332  7818  8304    42    69   555  1041  1527  2013  2499  2985  3471
  3957  4443  4929  5415  5901  6387  6873  7359  7845  8331    69    96
   582  1068  1554  2040  2526  3012  3498  3984  4470  4956  5442  5928
  6414  6900  7386  7872  8358    96   123   609  1095  1581  2067  2553
  3039  3525  4011  4497  4983  5469  5955  6441  6927  7413  7899  8385
   123   150   636  1122  1608  2094  2580  3066  3552  4038  4524  5010
  5496  5982  6468  6954  7440  7926  8412   150   177   663  1149  1635
  2121  2607  3093  3579  4065  4551  5037  5523  6009  6495  6981  7467
  7953  8439   177   204   690  1176  1662  2148  2634  3120  3606  4092
  4578  5064  5550  6036  6522  7008  7494  7980  8466   204   231   717
  1203  1689  2175  2661  3147  3633  4119  4605  5091  5577  6063  6549
  7035  7521  8007  8493   231   258   744  1230  1716  2202  2688  3174
  3660  4146  4632  5118  5604  6090  6576  7062  7548  8034  8520   258
   285   771  1257  1743  2229  2715  3201  3687  4173  4659  5145  5631
  6117  6603  7089  7575  8061  8547   285   312   798  1284  1770  2256
  2742  3228  3714  4200  4686  5172  5658  6144  6630  7116  7602  8088
  8574   312   339   825  1311  1797  2283  2769  3255  3741  4227  4713
  5199  5685  6171  6657  7143  7629  8115  8601   339   366   852  1338
  1824  2310  2796  3282  3768  4254  4740  5226  5712  6198  6684  7170
  7656  8142  8628   366   393   879  1365  1851  2337  2823  3309  3795
  4281  4767  5253  5739  6225  6711  7197  7683  8169  8655   393   420
   906  1392  1878  2364  2850  3336  3822  4308  4794  5280  5766  6252
  6738  7224  7710  8196  8682   420   447   933  1419  1905  2391  2877
  3363  3849  4335  4821  5307  5793  6279  6765  7251  7737  8223  8709
   447   474   960  1446  1932  2418  2904  3390  3876  4362  4848  5334
  5820  6306  6792  7278  7764  8250  8736   474    15   501   987  1473
  1959  2445  2931  3417  3903  4389  4875  5361  5847  6333  6819  7305
  7791  8277    15    16   502   988  1474  1960  2446  2932  3418  3904
  4390  4876  5362  5848  6334  6820  7306  7792  8278    16    43   529
  1015  1501  1987  2473  2959  3445  3931  4417  4903  5389  5875  6361
  6847  7333  7819  8305    43    70   556  1042  1528  2014  2500  2986
  3472  3958  4444  4930  5416  5902  6388  6874  7360  7846  8332    70
    97   583  1069  1555  2041  2527  3013  3499  3985  4471  4957  5443
  5929  6415  6901  7387  7873  8359    97   124   610  1096  1582  2068
  2554  3040  3526  4012  4498  4984  5470  5956  6442  6928  7414  7900
  8386   124   151   637  1123  1609  2095  2581  3067  3553  4039  4525
  5011  5497  5983  6469  6955  7441  7927  8413   151   178   664  1150
  1636  2122  2608  3094  3580  4066  4552  5038  5524  6010  6496  6982
  7468  7954  8440   178   205   691  1177  1663  2149  2635  3121  3607
  4093  4579  5065  5551  6037  6523  7009  7495  7981  8467   205   232
   718  1204  1690  2176  2662  3148  3634  4120  4606  5092  5578  6064
  6550  7036  7522  8008  8494   232   259   745  1231  1717  2203  2689
  3175  3661  4147  4633  5119  5605  6091  6577  7063  7549  8035  8521
   259   286   772  1258  1744  2230  2716  3202  3688  4174  4660  5146
  5632  6118  6604  7090  7576  8062  8548   286   313   799  1285  1771
  2257  2743  3229  3715  4201  4687  5173  5659  6145  6631  7117  7603
  8089  8575   313   340   826  1312  1798  2284  2770  3256  3742  4228
  4714  5200  5686  6172  6658  7144  7630  8116  8602   340   367   853
  1339  1825  2311  2797  3283  3769  4255  4741  5227  5713  6199  6685
  7171  7657  8143  8629   367   394   880  1366  1852  2338  2824  3310
  3796  4282  4768  5254  5740  6226  6712  7198  7684  8170  8656   394
   421   907  1393  1879  2365  2851  3337  3823  4309  4795  5281  5767
  6253  6739  7225  7711  8197  8683   421   448   934  1420  1906  2392
  2878  3364  3850  4336  4822  5308  5794  6280  6766  7252  7738  8224
  8710   448   475   961  1447  1933  2419  2905  3391  3877  4363  4849
  5335  5821  6307  6793  7279  7765  8251  8737   475    16   502   988
  1474  1960  2446  2932  3418  3904  4390  4876  5362  5848  6334  6820
  7306  7792  8278    16    17   503   989  1475  1961  2447  2933  3419
  3905  4391  4877  5363  5849  6335  6821  7307  7793  8279    17    44
   530  1016  1502  1988  2474  2960  3446  3932  4418  4904  5390  5876
  6362  6848  7334  7820  8306    44    71   557  1043  1529  2015  2501
  2987  3473  3959  4445  4931  5417  5903  6389  6875  7361  7847  8333
    71    98   584  1070  1556  2042  2528  3014  3500  3986  4472  4958
  5444  5930  6416  6902  7388  7874  8360    98   125   611  1097  1583
  2069  2555  3041  3527  4013  4499  4985  5471  5957  6443  6929  7415
  7901  8387   125   152   638  1124  1610  2096  2582  3068  3554  4040
  4526  5012  5498  5984  6470  6956  7442  7928  8414   152   179   665
  1151  1637  2123  2609  3095  3581  4067  4553  5039  5525  6011  6497
  6983  7469  7955  8441   179   206   692  1178  1664  2150  2636  3122
  3608  4094  4580  5066  5552  6038  6524  7010  7496  7982  8468   206
   233   719  1205  1691  2177  2663  3149  3635  4121  4607  5093  5579
  6065  6551  7037  7523  8009  8495   233   260   746  1232  1718  2204
  2690  3176  3662  4148  4634  5120  5606  6092  6578  7064  7550  8036
  8522   260   287   773  1259  1745  2231  2717  3203  3689  4175  4661
  5147  5633  6119  6605  7091  7577  8063  8549   287   314   800  1286
  1772  2258  2744  3230  3716  4202  4688  5174  5660  6146  6632  7118
  7604  8090  8576   314   341   827  1313  1799  2285  2771  3257  3743
  4229  4715  5201  5687  6173  6659  7145  7631  8117  8603   341   368
   854  1340  1826  2312  2798  3284  3770  4256  4742  5228  5714  6200
  6686  7172  7658  8144  8630   368   395   881  1367  1853  2339  2825
  3311  3797  4283  4769  5255  5741  6227  6713  7199  7685  8171  8657
   395   422   908  1394  1880  2366  2852  3338  3824  4310  4796  5282
  5768  6254  6740  7226  7712  8198  8684   422   449   935  1421  1907
  2393  2879  3365  3851  4337  4823  5309  5795  6281  6767  7253  7739
  8225  8711   449   476   962  1448  1934  2420  2906  3392  3878  4364
  4850  5336  5822  6308  6794  7280  7766  8252  8738   476    17   503
   989  1475  1961  2447  2933  3419  3905  4391  4877  5363  5849  6335
  6821  7307  7793  8279    17    18   504   990  1476  1962  2448  2934
  3420  3906  4392  4878  5364  5850  6336  6822  7308  7794  8280    18
    45   531  1017  1503  1989  2475  2961  3447  3933  4419  4905  5391
  5877  6363  6849  7335  7821  8307    45    72   558  1044  1530  2016
  2502  2988  3474  3960  4446  4932  5418  5904  6390  6876  7362  7848
  8334    72    99   585  1071  1557  2043  2529  3015  3501  3987  4473
  4959  5445  5931  6417  6903  7389  7875  8361    99   126   612  1098
  1584  2070  2556  3042  3528  4014  4500  4986  5472  5958  6444  6930
  7416  7902  8388   126   153   639  1125  1611  2097  2583  3069  3555
  4041  4527  5013  5499  5985  6471  6957  7443  7929  8415   153   180
   666  1152  1638  2124  2610  3096  3582  4068  4554  5040  5526  6012
  6498  6984  7470  7956  8442   180   207   693  1179  1665  2151  2637
  3123  3609  4095  4581  5067  5553  6039  6525  7011  7497  7983  8469
   207   234   720  1206  1692  2178  2664  3150  3636  4122  4608  5094
  5580  6066  6552  7038  7524  8010  8496   234   261   747  1233  1719
  2205  2691  3177  3663  4149  4635  5121  5607  6093  6579  7065  7551
  8037  8523   261   288   774  1260  1746  2232  2718  3204  3690  4176
  4662  5148  5634  6120  6606  7092  7578  8064  8550   288   315   801
  1287  1773  2259  2745  3231  3717  4203  4689  5175  5661  6147  6633
  7119  7605  8091  8577   315   342   828  1314  1800  2286  2772  3258
  3744  4230  4716  5202  5688  6174  6660  7146  7632  8118  8604   342
   369   855  1341  1827  2313  2799  3285  3771  4257  4743  5229  5715
  6201  6687  7173  7659  8145  8631   369   396   882  1368  1854  2340
  2826  3312  3798  4284  4770  5256  5742  6228  6714  7200  7686  8172
  8658   396   423   909  1395  1881  2367  2853  3339  3825  4311  4797
  5283  5769  6255  6741  7227  7713  8199  8685   423   450   936  1422
  1908  2394  2880  3366  3852  4338  4824  5310  5796  6282  6768  7254
  7740  8226  8712   450   477   963  1449  1935  2421  2907  3393  3879
  4365  4851  5337  5823  6309  6795  7281  7767  8253  8739   477    18
   504   990  1476  1962  2448  2934  3420  3906  4392  4878  5364  5850
  6336  6822  7308  7794  8280    18    19   505   991  1477  1963  2449
  2935  3421  3907  4393  4879  5365  5851  6337  6823  7309  7795  8281
    19    46   532  1018  1504  1990  2476  2962  3448  3934  4420  4906
  5392  5878  6364  6850  7336  7822  8308    46    73   559  1045  1531
  2017  2503  2989  3475  3961  4447  4933  5419  5905  6391  6877  7363
  7849  8335    73   100   586  1072  1558  2044  2530  3016  3502  3988
  4474  4960  5446  5932  6418  6904  7390  7876  8362   100   127   613
  1099  1585  2071  2557  3043  3529  4015  4501  4987  5473  5959  6445
  6931  7417  7903  8389   127   154   640  1126  1612  2098  2584  3070
  3556  4042  4528  5014  5500  5986  6472  6958  7444  7930  8416   154
   181   667  1153  1639  2125  2611  3097  3583  4069  4555  5041  5527
  6013  6499  6985  7471  7957  8443   181   208   694  1180  1666  2152
  2638  3124  3610  4096  4582  5068  5554  6040  6526  7012  7498  7984
  8470   208   235   721  1207  1693  2179  2665  3151  3637  4123  4609
  5095  5581  6067  6553  7039  7525  8011  8497   235   262   748  1234
  1720  2206  2692  3178  3664  4150  4636  5122  5608  6094  6580  7066
  7552  8038  8524   262   289   775  1261  1747  2233  2719  3205  3691
  4177  4663  5149  5635  6121  6607  7093  7579  8065  8551   289   316
   802  1288  1774  2260  2746  3232  3718  4204  4690  5176  5662  6148
  6634  7120  7606  8092  8578   316   343   829  1315  1801  2287  2773
  3259  3745  4231  4717  5203  5689  6175  6661  7147  7633  8119  8605
   343   370   856  1342  1828  2314  2800  3286  3772  4258  4744  5230
  5716  6202  6688  7174  7660  8146  8632   370   397   883  1369  1855
  2341  2827  3313  3799  4285  4771  5257  5743  6229  6715  7201  7687
  8173  8659   397   424   910  1396  1882  2368  2854  3340  3826  4312
  4798  5284  5770  6256  6742  7228  7714  8200  8686   424   451   937
  1423  1909  2395  2881  3367  3853  4339  4825  5311  5797  6283  6769
  7255  7741  8227  8713   451   478   964  1450  1936  2422  2908  3394
  3880  4366  4852  5338  5824  6310  6796  7282  7768  8254  8740   478
    19   505   991  1477  1963  2449  2935  3421  3907  4393  4879  5365
  5851  6337  6823  7309  7795  8281    19    20   506   992  1478  1964
  2450  2936  3422  3908  4394  4880  5366  5852  6338  6824  7310  7796
  8282    20    47   533  1019  1505  1991  2477  2963  3449  3935  4421
  4907  5393  5879  6365  6851  7337  7823  8309    47    74   560  1046
  1532  2018  2504  2990  3476  3962  4448  4934  5420  5906  6392  6878
  7364  7850  8336    74   101   587  1073  1559  2045  2531  3017  3503
  3989  4475  4961  5447  5933  6419  6905  7391  7877  8363   101   128
   614  1100  1586  2072  2558  3044  3530  4016  4502  4988  5474  5960
  6446  6932  7418  7904  8390   128   155   641  1127  1613  2099  2585
  3071  3557  4043  4529  5015  5501  5987  6473  6959  7445  7931  8417
   155   182   668  1154  1640  2126  2612  3098  3584  4070  4556  5042
  5528  6014  6500  6986  7472  7958  8444   182   209   695  1181  1667
  2153  2639  3125  3611  4097  4583  5069  5555  6041  6527  7013  7499
  7985  8471   209   236   722  1208  1694  2180  2666  3152  3638  4124
  4610  5096  5582  6068  6554  7040  7526  8012  8498   236   263   749
  1235  1721  2207  2693  3179  3665  4151  4637  5123  5609  6095  6581
  7067  7553  8039  8525   263   290   776  1262  1748  2234  2720  3206
  3692  4178  4664  5150  5636  6122  6608  7094  7580  8066  8552   290
   317   803  1289  1775  2261  2747  3233  3719  4205  4691  5177  5663
  6149  6635  7121  7607  8093  8579   317   344   830  1316  1802  2288
  2774  3260  3746  4232  4718  5204  5690  6176  6662  7148  7634  8120
  8606   344   371   857  1343  1829  2315  2801  3287  3773  4259  4745
  5231  5717  6203  6689  7175  7661  8147  8633   371   398   884  1370
  1856  2342  2828  3314  3800  4286  4772  5258  5744  6230  6716  7202
  7688  8174  8660   398   425   911  1397  1883  2369  2855  3341  3827
  4313  4799  5285  5771  6257  6743  7229  7715  8201  8687   425   452
   938  1424  1910  2396  2882  3368  3854  4340  4826  5312  5798  6284
  6770  7256  7742  8228  8714   452   479   965  1451  1937  2423  2909
  3395  3881  4367  4853  5339  5825  6311  6797  7283  7769  8255  8741
   479    20   506   992  1478  1964  2450  2936  3422  3908  4394  4880
  5366  5852  6338  6824  7310  7796  8282    20    21   507   993  1479
  1965  2451  2937  3423  3909  4395  4881  5367  5853  6339  6825  7311
  7797  8283    21    48   534  1020  1506  1992  2478  2964  3450  3936
  4422  4908  5394  5880  6366  6852  7338  7824  8310    48    75   561
  1047  1533  2019  2505  2991  3477  3963  4449  4935  5421  5907  6393
  6879  7365  7851  8337    75   102   588  1074  1560  2046  2532  3018
  3504  3990  4476  4962  5448  5934  6420  6906  7392  7878  8364   102
   129   615  1101  1587  2073  2559  3045  3531  4017  4503  4989  5475
  5961  6447  6933  7419  7905  8391   129   156   642  1128  1614  2100
  2586  3072  3558  4044  4530  5016  5502  5988  6474  6960  7446  7932
  8418   156   183   669  1155  1641  2127  2613  3099  3585  4071  4557
  5043  5529  6015  6501  6987  7473  7959  8445   183   210   696  1182
  1668  2154  2640  3126  3612  4098  4584  5070  5556  6042  6528  7014
  7500  7986  8472   210   237   723  1209  1695  2181  2667  3153  3639
  4125  4611  5097  5583  6069  6555  7041  7527  8013  8499   237   264
   750  1236  1722  2208  2694  3180  3666  4152  4638  5124  5610  6096
  6582  7068  7554  8040  8526   264   291   777  1263  1749  2235  2721
  3207  3693  4179  4665  5151  5637  6123  6609  7095  7581  8067  8553
   291   318   804  1290  1776  2262  2748  3234  3720  4206  4692  5178
  5664  6150  6636  7122  7608  8094  8580   318   345   831  1317  1803
  2289  2775  3261  3747  4233  4719  5205  5691  6177  6663  7149  7635
  8121  8607   345   372   858  1344  1830  2316  2802  3288  3774  4260
  4746  5232  5718  6204  6690  7176  7662  8148  8634   372   399   885
  1371  1857  2343  2829  3315  3801  4287  4773  5259  5745  6231  6717
  7203  7689  8175  8661   399   426   912  1398  1884  2370  2856  3342
  3828  4314  4800  5286  5772  6258  6744  7230  7716  8202  8688   426
   453   939  1425  1911  2397  2883  3369  3855  4341  4827  5313  5799
  6285  6771  7257  7743  8229  8715   453   480   966  1452  1938  2424
  2910  3396  3882  4368  4854  5340  5826  6312  6798  7284  7770  8256
  8742   480    21   507   993  1479  1965  2451  2937  3423  3909  4395
  4881  5367  5853  6339  6825  7311  7797  8283    21    22   508   994
  1480  1966  2452  2938  3424  3910  4396  4882  5368  5854  6340  6826
  7312  7798  8284    22    49   535  1021  1507  1993  2479  2965  3451
  3937  4423  4909  5395  5881  6367  6853  7339  7825  8311    49    76
   562  1048  1534  2020  2506  2992  3478  3964  4450  4936  5422  5908
  6394  6880  7366  7852  8338    76   103   589  1075  1561  2047  2533
  3019  3505  3991  4477  4963  5449  5935  6421  6907  7393  7879  8365
   103   130   616  1102  1588  2074  2560  3046  3532  4018  4504  4990
  5476  5962  6448  6934  7420  7906  8392   130   157   643  1129  1615
  2101  2587  3073  3559  4045  4531  5017  5503  5989  6475  6961  7447
  7933  8419   157   184   670  1156  1642  2128  2614  3100  3586  4072
  4558  5044  5530  6016  6502  6988  7474  7960  8446   184   211   697
  1183  1669  2155  2641  3127  3613  4099  4585  5071  5557  6043  6529
  7015  7501  7987  8473   211   238   724  1210  1696  2182  2668  3154
  3640  4126  4612  5098  5584  6070  6556  7042  7528  8014  8500   238
   265   751  1237  1723  2209  2695  3181  3667  4153  4639  5125  5611
  6097  6583  7069  7555  8041  8527   265   292   778  1264  1750  2236
  2722  3208  3694  4180  4666  5152  5638  6124  6610  7096  7582  8068
  8554   292   319   805  1291  1777  2263  2749  3235  3721  4207  4693
  5179  5665  6151  6637  7123  7609  8095  8581   319   346   832  1318
  1804  2290  2776  3262  3748  4234  4720  5206  5692  6178  6664  7150
  7636  8122  8608   346   373   859  1345  1831  2317  2803  3289  3775
  4261  4747  5233  5719  6205  6691  7177  7663  8149  8635   373   400
   886  1372  1858  2344  2830  3316  3802  4288  4774  5260  5746  6232
  6718  7204  7690  8176  8662   400   427   913  1399  1885  2371  2857
  3343  3829  4315  4801  5287  5773  6259  6745  7231  7717  8203  8689
   427   454   940  1426  1912  2398  2884  3370  3856  4342  4828  5314
  5800  6286  6772  7258  7744  8230  8716   454   481   967  1453  1939
  2425  2911  3397  3883  4369  4855  5341  5827  6313  6799  7285  7771
  8257  8743   481    22   508   994  1480  1966  2452  2938  3424  3910
  4396  4882  5368  5854  6340  6826  7312  7798  8284    22    23   509
   995  1481  1967  2453  2939  3425  3911  4397  4883  5369  5855  6341
  6827  7313  7799  8285    23    50   536  1022  1508  1994  2480  2966
  3452  3938  4424  4910  5396  5882  6368  6854  7340  7826  8312    50
    77   563  1049  1535  2021  2507  2993  3479  3965  4451  4937  5423
  5909  6395  6881  7367  7853  8339    77   104   590  1076  1562  2048
  2534  3020  3506  3992  4478  4964  5450  5936  6422  6908  7394  7880
  8366   104   131   617  1103  1589  2075  2561  3047  3533  4019  4505
  4991  5477  5963  6449  6935  7421  7907  8393   131   158   644  1130
  1616  2102  2588  3074  3560  4046  4532  5018  5504  5990  6476  6962
  7448  7934  8420   158   185   671  1157  1643  2129  2615  3101  3587
  4073  4559  5045  5531  6017  6503  6989  7475  7961  8447   185   212
   698  1184  1670  2156  2642  3128  3614  4100  4586  5072  5558  6044
  6530  7016  7502  7988  8474   212   239   725  1211  1697  2183  2669
  3155  3641  4127  4613  5099  5585  6071  6557  7043  7529  8015  8501
   239   266   752  1238  1724  2210  2696  3182  3668  4154  4640  5126
  5612  6098  6584  7070  7556  8042  8528   266   293   779  1265  1751
  2237  2723  3209  3695  4181  4667  5153  5639  6125  6611  7097  7583
  8069  8555   293   320   806  1292  1778  2264  2750  3236  3722  4208
  4694  5180  5666  6152  6638  7124  7610  8096  8582   320   347   833
  1319  1805  2291  2777  3263  3749  4235  4721  5207  5693  6179  6665
  7151  7637  8123  8609   347   374   860  1346  1832  2318  2804  3290
  3776  4262  4748  5234  5720  6206  6692  7178  7664  8150  8636   374
   401   887  1373  1859  2345  2831  3317  3803  4289  4775  5261  5747
  6233  6719  7205  7691  8177  8663   401   428   914  1400  1886  2372
  2858  3344  3830  4316  4802  5288  5774  6260  6746  7232  7718  8204
  8690   428   455   941  1427  1913  2399  2885  3371  3857  4343  4829
  5315  5801  6287  6773  7259  7745  8231  8717   455   482   968  1454
  1940  2426  2912  3398  3884  4370  4856  5342  5828  6314  6800  7286
  7772  8258  8744   482    23   509   995  1481  1967  2453  2939  3425
  3911  4397  4883  5369  5855  6341  6827  7313  7799  8285    23    24
   510   996  1482  1968  2454  2940  3426  3912  4398  4884  5370  5856
  6342  6828  7314  7800  8286    24    51   537  1023  1509  1995  2481
  2967  3453  3939  4425  4911  5397  5883  6369  6855  7341  7827  8313
    51    78   564  1050  1536  2022  2508  2994  3480  3966  4452  4938
  5424  5910  6396  6882  7368  7854  8340    78   105   591  1077  1563
  2049  2535  3021  3507  3993  4479  4965  5451  5937  6423  6909  7395
  7881  8367   105   132   618  1104  1590  2076  2562  3048  3534  4020
  4506  4992  5478  5964  6450  6936  7422  7908  8394   132   159   645
  1131  1617  2103  2589  3075  3561  4047  4533  5019  5505  5991  6477
  6963  7449  7935  8421   159   186   672  1158  1644  2130  2616  3102
  3588  4074  4560  5046  5532  6018  6504  6990  7476  7962  8448   186
   213   699  1185  1671  2157  2643  3129  3615  4101  4587  5073  5559
  6045  6531  7017  7503  7989  8475   213   240   726  1212  1698  2184
  2670  3156  3642  4128  4614  5100  5586  6072  6558  7044  7530  8016
  8502   240   267   753  1239  1725  2211  2697  3183  3669  4155  4641
  5127  5613  6099  6585  7071  7557  8043  8529   267   294   780  1266
  1752  2238  2724  3210  3696  4182  4668  5154  5640  6126  6612  7098
  7584  8070  8556   294   321   807  1293  1779  2265  2751  3237  3723
  4209  4695  5181  5667  6153  6639  7125  7611  8097  8583   321   348
   834  1320  1806  2292  2778  3264  3750  4236  4722  5208  5694  6180
  6666  7152  7638  8124  8610   348   375   861  1347  1833  2319  2805
  3291  3777  4263  4749  5235  5721  6207  6693  7179  7665  8151  8637
   375   402   888  1374  1860  2346  2832  3318  3804  4290  4776  5262
  5748  6234  6720  7206  7692  8178  8664   402   429   915  1401  1887
  2373  2859  3345  3831  4317  4803  5289  5775  6261  6747  7233  7719
  8205  8691   429   456   942  1428  1914  2400  2886  3372  3858  4344
  4830  5316  5802  6288  6774  7260  7746  8232  8718   456   483   969
  1455  1941  2427  2913  3399  3885  4371  4857  5343  5829  6315  6801
  7287  7773  8259  8745   483    24   510   996  1482  1968  2454  2940
  3426  3912  4398  4884  5370  5856  6342  6828  7314  7800  8286    24
    25   511   997  1483  1969  2455  2941  3427  3913  4399  4885  5371
  5857  6343  6829  7315  7801  8287    25    52   538  1024  1510  1996
  2482  2968  3454  3940  4426  4912  5398  5884  6370  6856  7342  7828
  8314    52    79   565  1051  1537  2023  2509  2995  3481  3967  4453
  4939  5425  5911  6397  6883  7369  7855  8341    79   106   592  1078
  1564  2050  2536  3022  3508  3994  4480  4966  5452  5938  6424  6910
  7396  7882  8368   106   133   619  1105  1591  2077  2563  3049  3535
  4021  4507  4993  5479  5965  6451  6937  7423  7909  8395   133   160
   646  1132  1618  2104  2590  3076  3562  4048  4534  5020  5506  5992
  6478  6964  7450  7936  8422   160   187   673  1159  1645  2131  2617
  3103  3589  4075  4561  5047  5533  6019  6505  6991  7477  7963  8449
   187   214   700  1186  1672  2158  2644  3130  3616  4102  4588  5074
  5560  6046  6532  7018  7504  7990  8476   214   241   727  1213  1699
  2185  2671  3157  3643  4129  4615  5101  5587  6073  6559  7045  7531
  8017  8503   241   268   754  1240  1726  2212  2698  3184  3670  4156
  4642  5128  5614  6100  6586  7072  7558  8044  8530   268   295   781
  1267  1753  2239  2725  3211  3697  4183  4669  5155  5641  6127  6613
  7099  7585  8071  8557   295   322   808  1294  1780  2266  2752  3238
  3724  4210  4696  5182  5668  6154  6640  7126  7612  8098  8584   322
   349   835  1321  1807  2293  2779  3265  3751  4237  4723  5209  5695
  6181  6667  7153  7639  8125  8611   349   376   862  1348  1834  2320
  2806  3292  3778  4264  4750  5236  5722  6208  6694  7180  7666  8152
  8638   376   403   889  1375  1861  2347  2833  3319  3805  4291  4777
  5263  5749  6235  6721  7207  7693  8179  8665   403   430   916  1402
  1888  2374  2860  3346  3832  4318  4804  5290  5776  6262  6748  7234
  7720  8206  8692   430   457   943  1429  1915  2401  2887  3373  3859
  4345  4831  5317  5803  6289  6775  7261  7747  8233  8719   457   484
   970  1456  1942  2428  2914  3400  3886  4372  4858  5344  5830  6316
  6802  7288  7774  8260  8746   484    25   511   997  1483  1969  2455
  2941  3427  3913  4399  4885  5371  5857  6343  6829  7315  7801  8287
    25    26   512   998  1484  1970  2456  2942  3428  3914  4400  4886
  5372  5858  6344  6830  7316  7802  8288    26    53   539  1025  1511
  1997  2483  2969  3455  3941  4427  4913  5399  5885  6371  6857  7343
  7829  8315    53    80   566  1052  1538  2024  2510  2996  3482  3968
  4454  4940  5426  5912  6398  6884  7370  7856  8342    80   107   593
  1079  1565  2051  2537  3023  3509  3995  4481  4967  5453  5939  6425
  6911  7397  7883  8369   107   134   620  1106  1592  2078  2564  3050
  3536  4022  4508  4994  5480  5966  6452  6938  7424  7910  8396   134
   161   647  1133  1619  2105  2591  3077  3563  4049  4535  5021  5507
  5993  6479  6965  7451  7937  8423   161   188   674  1160  1646  2132
  2618  3104  3590  4076  4562  5048  5534  6020  6506  6992  7478  7964
  8450   188   215   701  1187  1673  2159  2645  3131  3617  4103  4589
  5075  5561  6047  6533  7019  7505  7991  8477   215   242   728  1214
  1700  2186  2672  3158  3644  4130  4616  5102  5588  6074  6560  7046
  7532  8018  8504   242   269   755  1241  1727  2213  2699  3185  3671
  4157  4643  5129  5615  6101  6587  7073  7559  8045  8531   269   296
   782  1268  1754  2240  2726  3212  3698  4184  4670  5156  5642  6128
  6614  7100  7586  8072  8558   296   323   809  1295  1781  2267  2753
  3239  3725  4211  4697  5183  5669  6155  6641  7127  7613  8099  8585
   323   350   836  1322  1808  2294  2780  3266  3752  4238  4724  5210
  5696  6182  6668  7154  7640  8126  8612   350   377   863  1349  1835
  2321  2807  3293  3779  4265  4751  5237  5723  6209  6695  7181  7667
  8153  8639   377   404   890  1376  1862  2348  2834  3320  3806  4292
  4778  5264  5750  6236  6722  7208  7694  8180  8666   404   431   917
  1403  1889  2375  2861  3347  3833  4319  4805  5291  5777  6263  6749
  7235  7721  8207  8693   431   458   944  1430  1916  2402  2888  3374
  3860  4346  4832  5318  5804  6290  6776  7262  7748  8234  8720   458
   485   971  1457  1943  2429  2915  3401  3887  4373  4859  5345  5831
  6317  6803  7289  7775  8261  8747   485    26   512   998  1484  1970
  2456  2942  3428  3914  4400  4886  5372  5858  6344  6830  7316  7802
  8288    26    27   513   999  1485  1971  2457  2943  3429  3915  4401
  4887  5373  5859  6345  6831  7317  7803  8289    27    54   540  1026
  1512  1998  2484  2970  3456  3942  4428  4914  5400  5886  6372  6858
  7344  7830  8316    54    81   567  1053  1539  2025  2511  2997  3483
  3969  4455  4941  5427  5913  6399  6885  7371  7857  8343    81   108
   594  1080  1566  2052  2538  3024  3510  3996  4482  4968  5454  5940
  6426  6912  7398  7884  8370   108   135   621  1107  1593  2079  2565
  3051  3537  4023  4509  4995  5481  5967  6453  6939  7425  7911  8397
   135   162   648  1134  1620  2106  2592  3078  3564  4050  4536  5022
  5508  5994  6480  6966  7452  7938  8424   162   189   675  1161  1647
  2133  2619  3105  3591  4077  4563  5049  5535  6021  6507  6993  7479
  7965  8451   189   216   702  1188  1674  2160  2646  3132  3618  4104
  4590  5076  5562  6048  6534  7020  7506  7992  8478   216   243   729
  1215  1701  2187  2673  3159  3645  4131  4617  5103  5589  6075  6561
  7047  7533  8019  8505   243   270   756  1242  1728  2214  2700  3186
  3672  4158  4644  5130  5616  6102  6588  7074  7560  8046  8532   270
   297   783  1269  1755  2241  2727  3213  3699  4185  4671  5157  5643
  6129  6615  7101  7587  8073  8559   297   324   810  1296  1782  2268
  2754  3240  3726  4212  4698  5184  5670  6156  6642  7128  7614  8100
  8586   324   351   837  1323  1809  2295  2781  3267  3753  4239  4725
  5211  5697  6183  6669  7155  7641  8127  8613   351   378   864  1350
  1836  2322  2808  3294  3780  4266  4752  5238  5724  6210  6696  7182
  7668  8154  8640   378   405   891  1377  1863  2349  2835  3321  3807
  4293  4779  5265  5751  6237  6723  7209  7695  8181  8667   405   432
   918  1404  1890  2376  2862  3348  3834  4320  4806  5292  5778  6264
  6750  7236  7722  8208  8694   432   459   945  1431  1917  2403  2889
  3375  3861  4347  4833  5319  5805  6291  6777  7263  7749  8235  8721
   459   486   972  1458  1944  2430  2916  3402  3888  4374  4860  5346
  5832  6318  6804  7290  7776  8262  8748   486    27   513   999  1485
  1971  2457  2943  3429  3915  4401  4887  5373  5859  6345  6831  7317
  7803  8289    27     1   487   973  1459  1945  2431  2917  3403  3889
  4375  4861  5347  5833  6319  6805  7291  7777  8263     1    28   514
  1000  1486  1972  2458  2944  3430  3916  4402  4888  5374  5860  6346
  6832  7318  7804  8290    28    55   541  1027  1513  1999  2485  2971
  3457  3943  4429  4915  5401  5887  6373  6859  7345  7831  8317    55
    82   568  1054  1540  2026  2512  2998  3484  3970  4456  4942  5428
  5914  6400  6886  7372  7858  8344    82   109   595  1081  1567  2053
  2539  3025  3511  3997  4483  4969  5455  5941  6427  6913  7399  7885
  8371   109   136   622  1108  1594  2080  2566  3052  3538  4024  4510
  4996  5482  5968  6454  6940  7426  7912  8398   136   163   649  1135
  1621  2107  2593  3079  3565  4051  4537  5023  5509  5995  6481  6967
  7453  7939  8425   163   190   676  1162  1648  2134  2620  3106  3592
  4078  4564  5050  5536  6022  6508  6994  7480  7966  8452   190   217
   703  1189  1675  2161  2647  3133  3619  4105  4591  5077  5563  6049
  6535  7021  7507  7993  8479   217   244   730  1216  1702  2188  2674
  3160  3646  4132  4618  5104  5590  6076  6562  7048  7534  8020  8506
   244   271   757  1243  1729  2215  2701  3187  3673  4159  4645  5131
  5617  6103  6589  7075  7561  8047  8533   271   298   784  1270  1756
  2242  2728  3214  3700  4186  4672  5158  5644  6130  6616  7102  7588
  8074  8560   298   325   811  1297  1783  2269  2755  3241  3727  4213
  4699  5185  5671  6157  6643  7129  7615  8101  8587   325   352   838
  1324  1810  2296  2782  3268  3754  4240  4726  5212  5698  6184  6670
  7156  7642  8128  8614   352   379   865  1351  1837  2323  2809  3295
  3781  4267  4753  5239  5725  6211  6697  7183  7669  8155  8641   379
   406   892  1378  1864  2350  2836  3322  3808  4294  4780  5266  5752
  6238  6724  7210  7696  8182  8668   406   433   919  1405  1891  2377
  2863  3349  3835  4321  4807  5293  5779  6265  6751  7237  7723  8209
  8695   433   460   946  1432  1918  2404  2890  3376  3862  4348  4834
  5320  5806  6292  6778  7264  7750  8236  8722   460     1   487   973
  1459  1945  2431  2917  3403  3889  4375  4861  5347  5833  6319  6805
  7291  7777  8263     1
