    .    1    .    2    .    3    .    4    .    5    .    6    .    7
fftffffftffffffffffftftfffffffftfffftffffffftffffffffffffffftfffffttffff
 (/ 2i6, f6.0, 2i6, 2f6.0, 4l6, i6)
  lmax ntype  zval     . icorr     .  pmix   win   wmt f-rel sp-po     .
     8    24  356.     8    04    1.  .050     t     t     t     t     1
 LABEL
 (f12.0)
  9.67416742
 (i6)
     0
 (/ 2f12.0, i6)
       W(Ry)        dE/W     .
       0.002         24.     0
 (i6)
     1 placeholder for obsolete panel index
 (/ i6, 3x, 3i1, i6, 2f6.0, f12.0 /)
  ntls   ... nsets     .     .   log(epst)
     3   111     2    .0    .0        -38.
         T^2   ...  ?   ... sc t^2 = a/S^2         + b
 (f12.0, f5.0, i1, i3, 3i2, l3, f6.0, i3, 6f12.0)
        -0.1   .01  0 1 0 1  f    .0  0          .0
        -2.3   .01  0 1 0 1  f    .0  0          .0
        -1.5   .01  0 1 0 1  f    .0  0          .0
 (3f6.0)
    .0    1.    1.
 (/ (3f18.0))
 R transpose
  1.00000000000000  .000000000000000  .000000000000000
 -.499999902369689  .866025543607079  .000000000000000
  .000000000000000  .000000000000000  3.17441026192978
 (/ 3i6, 4x, 2i1, 2i6)
   ft1   ft2   ft3    ..  diag     .
    40    40   128    00     2     0
 (/ 3f18.0, 5x, a1 // f18.0, i24, f18.0)
                          axis                         coord
  .000000000000000  .000000000000000  .315019142923284     l
    field(Ry/bohr)   field modulation star    spin mix ratio
              .000                       1               .10
 (// 2i8)
 TYPE 1: species: 39a
   natom   nharm  (L=   0   1   2   3   4   5   6   7   8)
       1      81  (n=   1   4   9  16  25  36  49  64  81)
 (/ (24i3))
 density exponents
  1
  1
  1
  1
 basis exponents
  5  4  3  2  1  0  0  0  0
 (/ (3f18.0, 5x, a1))
              tau1              tau2              tau3     c
  .333333333333333 -.333333333333333 -.036729000000155     l
 (/ i6, 2f12.0, 5x, a1 /)
     n           S          dx coord
   577  .811110896       0.025     v
   577  2.36405986       0.025     a
 (/f6.0, i6, f12.0, 2f6.0, 2x, 2i1, f2.0, 11x, a1//(2i6, f12.0, i12))
     Z    nc      Sinf/S     . Sws/S  ....     ScoFlag
   39.    12          1.    1.    1.  10.0           p
     n     k         occ        flag
     1    -1          2.           0
     2    -1          2.           0
     2     1          2.           0
     2    -2          4.           0
     3    -1          2.           0
     3     1          2.           0
     3    -2          4.           0
     3     2          4.           0
     3    -3          6.           0
     4    -1          .0           0
     4     1          .0           0
     4    -2          .0           0
    12 Bases
     0     1     1
     0     1     2
     0     1     3
     1     1     1
     1     1     2
     1     1     3
     2     1     1
     2     1     2
     0     2     1
     0     2     2
     1     2     1
     1     2     2
     5     5     4     4     5     6     7     8     9
    20    21     0     0     0     0     0     0     0
     5     5     4     4     5     6     7     8     9
    20    21     0     0     0     0     0     0     0
     4     4     4     4     5     6     7     8     9
    -1    -1     0     0     0     0     0     0     0
     4     4     4     4     5     6     7     8     9
    -1    -1     0     0     0     0     0     0     0
 (// 2i8)
 TYPE 2: species: 39a
   natom   nharm  (L=   0   1   2   3   4   5   6   7   8)
       1      81  (n=   1   4   9  16  25  36  49  64  81)
 (/ (24i3))
 density exponents
  1
  1
  1
  1
 basis exponents
  5  4  3  2  1  0  0  0  0
 (/ (3f18.0, 5x, a1))
              tau1              tau2              tau3     c
 -.333333333333333  .333333333333333  .036729000000583     l
 (/ i6, 2f12.0, 5x, a1 /)
     n           S          dx coord
   577  .811110896       0.025     v
   577  2.36405986       0.025     a
 (/f6.0, i6, f12.0, 2f6.0, 2x, 2i1, f2.0, 11x, a1//(2i6, f12.0, i12))
     Z    nc      Sinf/S     . Sws/S  ....     ScoFlag
   39.    12          1.    1.    1.  10.0           p
     n     k         occ        flag
     1    -1          2.           0
     2    -1          2.           0
     2     1          2.           0
     2    -2          4.           0
     3    -1          2.           0
     3     1          2.           0
     3    -2          4.           0
     3     2          4.           0
     3    -3          6.           0
     4    -1          .0           0
     4     1          .0           0
     4    -2          .0           0
    12 Bases
     0     1     1
     0     1     2
     0     1     3
     1     1     1
     1     1     2
     1     1     3
     2     1     1
     2     1     2
     0     2     1
     0     2     2
     1     2     1
     1     2     2
     5     5     4     4     5     6     7     8     9
    20    21     0     0     0     0     0     0     0
     5     5     4     4     5     6     7     8     9
    20    21     0     0     0     0     0     0     0
     4     4     4     4     5     6     7     8     9
    -1    -1     0     0     0     0     0     0     0
     4     4     4     4     5     6     7     8     9
    -1    -1     0     0     0     0     0     0     0
 (// 2i8)
 TYPE 3: species: 39a
   natom   nharm  (L=   0   1   2   3   4   5   6   7   8)
       1      81  (n=   1   4   9  16  25  36  49  64  81)
 (/ (24i3))
 density exponents
  1
  1
  1
  1
 basis exponents
  5  4  3  2  1  0  0  0  0
 (/ (3f18.0, 5x, a1))
              tau1              tau2              tau3     c
 -.333333333333333  .333333333333333  .463270999999829     l
 (/ i6, 2f12.0, 5x, a1 /)
     n           S          dx coord
   577  .811110896       0.025     v
   577  2.36405986       0.025     a
 (/f6.0, i6, f12.0, 2f6.0, 2x, 2i1, f2.0, 11x, a1//(2i6, f12.0, i12))
     Z    nc      Sinf/S     . Sws/S  ....     ScoFlag
   39.    12          1.    1.    1.  10.0           p
     n     k         occ        flag
     1    -1          2.           0
     2    -1          2.           0
     2     1          2.           0
     2    -2          4.           0
     3    -1          2.           0
     3     1          2.           0
     3    -2          4.           0
     3     2          4.           0
     3    -3          6.           0
     4    -1          .0           0
     4     1          .0           0
     4    -2          .0           0
    12 Bases
     0     1     1
     0     1     2
     0     1     3
     1     1     1
     1     1     2
     1     1     3
     2     1     1
     2     1     2
     0     2     1
     0     2     2
     1     2     1
     1     2     2
     5     5     4     4     5     6     7     8     9
    20    21     0     0     0     0     0     0     0
     5     5     4     4     5     6     7     8     9
    20    21     0     0     0     0     0     0     0
     4     4     4     4     5     6     7     8     9
    -1    -1     0     0     0     0     0     0     0
     4     4     4     4     5     6     7     8     9
    -1    -1     0     0     0     0     0     0     0
 (// 2i8)
 TYPE 4: species: 39a
   natom   nharm  (L=   0   1   2   3   4   5   6   7   8)
       1      81  (n=   1   4   9  16  25  36  49  64  81)
 (/ (24i3))
 density exponents
  1
  1
  1
  1
 basis exponents
  5  4  3  2  1  0  0  0  0
 (/ (3f18.0, 5x, a1))
              tau1              tau2              tau3     c
  .333333333333333 -.333333333333333 -.463270999999688     l
 (/ i6, 2f12.0, 5x, a1 /)
     n           S          dx coord
   577  .811110896       0.025     v
   577  2.36405986       0.025     a
 (/f6.0, i6, f12.0, 2f6.0, 2x, 2i1, f2.0, 11x, a1//(2i6, f12.0, i12))
     Z    nc      Sinf/S     . Sws/S  ....     ScoFlag
   39.    12          1.    1.    1.  10.0           p
     n     k         occ        flag
     1    -1          2.           0
     2    -1          2.           0
     2     1          2.           0
     2    -2          4.           0
     3    -1          2.           0
     3     1          2.           0
     3    -2          4.           0
     3     2          4.           0
     3    -3          6.           0
     4    -1          .0           0
     4     1          .0           0
     4    -2          .0           0
    12 Bases
     0     1     1
     0     1     2
     0     1     3
     1     1     1
     1     1     2
     1     1     3
     2     1     1
     2     1     2
     0     2     1
     0     2     2
     1     2     1
     1     2     2
     5     5     4     4     5     6     7     8     9
    20    21     0     0     0     0     0     0     0
     5     5     4     4     5     6     7     8     9
    20    21     0     0     0     0     0     0     0
     4     4     4     4     5     6     7     8     9
    -1    -1     0     0     0     0     0     0     0
     4     4     4     4     5     6     7     8     9
    -1    -1     0     0     0     0     0     0     0
 (// 2i8)
 TYPE 5: species: 39a
   natom   nharm  (L=   0   1   2   3   4   5   6   7   8)
       1      81  (n=   1   4   9  16  25  36  49  64  81)
 (/ (24i3))
 density exponents
  1
  1
  1
  1
 basis exponents
  5  4  3  2  1  0  0  0  0
 (/ (3f18.0, 5x, a1))
              tau1              tau2              tau3     c
  .333333333333333 -.333333333333333 -.249999999999877     l
 (/ i6, 2f12.0, 5x, a1 /)
     n           S          dx coord
   577  .811110896       0.025     v
   577  2.36405986       0.025     a
 (/f6.0, i6, f12.0, 2f6.0, 2x, 2i1, f2.0, 11x, a1//(2i6, f12.0, i12))
     Z    nc      Sinf/S     . Sws/S  ....     ScoFlag
   39.    12          1.    1.    1.  10.0           p
     n     k         occ        flag
     1    -1          2.           0
     2    -1          2.           0
     2     1          2.           0
     2    -2          4.           0
     3    -1          2.           0
     3     1          2.           0
     3    -2          4.           0
     3     2          4.           0
     3    -3          6.           0
     4    -1          .0           0
     4     1          .0           0
     4    -2          .0           0
    12 Bases
     0     1     1
     0     1     2
     0     1     3
     1     1     1
     1     1     2
     1     1     3
     2     1     1
     2     1     2
     0     2     1
     0     2     2
     1     2     1
     1     2     2
     5     5     4     4     5     6     7     8     9
    20    21     0     0     0     0     0     0     0
     5     5     4     4     5     6     7     8     9
    20    21     0     0     0     0     0     0     0
     4     4     4     4     5     6     7     8     9
    -1    -1     0     0     0     0     0     0     0
     4     4     4     4     5     6     7     8     9
    -1    -1     0     0     0     0     0     0     0
 (// 2i8)
 TYPE 6: species: 39a
   natom   nharm  (L=   0   1   2   3   4   5   6   7   8)
       1      81  (n=   1   4   9  16  25  36  49  64  81)
 (/ (24i3))
 density exponents
  1
  1
  1
  1
 basis exponents
  5  4  3  2  1  0  0  0  0
 (/ (3f18.0, 5x, a1))
              tau1              tau2              tau3     c
 -.333333333333333  .333333333333333  .249999999999450     l
 (/ i6, 2f12.0, 5x, a1 /)
     n           S          dx coord
   577  .811110896       0.025     v
   577  2.36405986       0.025     a
 (/f6.0, i6, f12.0, 2f6.0, 2x, 2i1, f2.0, 11x, a1//(2i6, f12.0, i12))
     Z    nc      Sinf/S     . Sws/S  ....     ScoFlag
   39.    12          1.    1.    1.  10.0           p
     n     k         occ        flag
     1    -1          2.           0
     2    -1          2.           0
     2     1          2.           0
     2    -2          4.           0
     3    -1          2.           0
     3     1          2.           0
     3    -2          4.           0
     3     2          4.           0
     3    -3          6.           0
     4    -1          .0           0
     4     1          .0           0
     4    -2          .0           0
    12 Bases
     0     1     1
     0     1     2
     0     1     3
     1     1     1
     1     1     2
     1     1     3
     2     1     1
     2     1     2
     0     2     1
     0     2     2
     1     2     1
     1     2     2
     5     5     4     4     5     6     7     8     9
    20    21     0     0     0     0     0     0     0
     5     5     4     4     5     6     7     8     9
    20    21     0     0     0     0     0     0     0
     4     4     4     4     5     6     7     8     9
    -1    -1     0     0     0     0     0     0     0
     4     4     4     4     5     6     7     8     9
    -1    -1     0     0     0     0     0     0     0
 (// 2i8)
 TYPE 7: species: 27up
   natom   nharm  (L=   0   1   2   3   4   5   6   7   8)
       1      81  (n=   1   4   9  16  25  36  49  64  81)
 (/ (24i3))
 density exponents
  1
  1
  1
  1
 basis exponents
  5  4  3  2  1  0  0  0  0
 (/ (3f18.0, 5x, a1))
              tau1              tau2              tau3     c
  .000000000000000  .000000000000000  .499999999999750     l
 (/ i6, 2f12.0, 5x, a1 /)
     n           S          dx coord
   541  .768179387       0.025     v
   541  2.23893189       0.025     a
 (/f6.0, i6, f12.0, 2f6.0, 2x, 2i1, f2.0, 11x, a1//(2i6, f12.0, i12))
     Z    nc      Sinf/S     . Sws/S  ....     ScoFlag
   27.     7          1.    1.    1.  10.0           p
     n     k         occ        flag
     1    -1          2.           0
     2    -1          2.           0
     2     1          2.           0
     2    -2          4.           0
     3    -1          .0           0
     3     1          .0           0
     3    -2          .0           0
    12 Bases
     0     1     1
     0     1     2
     0     1     3
     1     1     1
     1     1     2
     1     1     3
     2     1     1
     2     1     2
     0     2     1
     0     2     2
     1     2     1
     1     2     2
     4     4     3     4     5     6     7     8     9
     0     0    -1     0     0     0     0     0     0
     4     4     3     4     5     6     7     8     9
     0     0    -1     0     0     0     0     0     0
     3     3     3     4     5     6     7     8     9
     0     0     0     0     0     0     0     0     0
     3     3     3     4     5     6     7     8     9
     0     0     0     0     0     0     0     0     0
 (// 2i8)
 TYPE 8: species: 27up
   natom   nharm  (L=   0   1   2   3   4   5   6   7   8)
       1      81  (n=   1   4   9  16  25  36  49  64  81)
 (/ (24i3))
 density exponents
  1
  1
  1
  1
 basis exponents
  5  4  3  2  1  0  0  0  0
 (/ (3f18.0, 5x, a1))
              tau1              tau2              tau3     c
  .000000000000000  .000000000000000  .000000000000356     l
 (/ i6, 2f12.0, 5x, a1 /)
     n           S          dx coord
   541  .768179387       0.025     v
   541  2.23893189       0.025     a
 (/f6.0, i6, f12.0, 2f6.0, 2x, 2i1, f2.0, 11x, a1//(2i6, f12.0, i12))
     Z    nc      Sinf/S     . Sws/S  ....     ScoFlag
   27.     7          1.    1.    1.  10.0           p
     n     k         occ        flag
     1    -1          2.           0
     2    -1          2.           0
     2     1          2.           0
     2    -2          4.           0
     3    -1          .0           0
     3     1          .0           0
     3    -2          .0           0
    12 Bases
     0     1     1
     0     1     2
     0     1     3
     1     1     1
     1     1     2
     1     1     3
     2     1     1
     2     1     2
     0     2     1
     0     2     2
     1     2     1
     1     2     2
     4     4     3     4     5     6     7     8     9
     0     0    -1     0     0     0     0     0     0
     4     4     3     4     5     6     7     8     9
     0     0    -1     0     0     0     0     0     0
     3     3     3     4     5     6     7     8     9
     0     0     0     0     0     0     0     0     0
     3     3     3     4     5     6     7     8     9
     0     0     0     0     0     0     0     0     0
 (// 2i8)
 TYPE 9: species: 26up
   natom   nharm  (L=   0   1   2   3   4   5   6   7   8)
       1      81  (n=   1   4   9  16  25  36  49  64  81)
 (/ (24i3))
 density exponents
  1
  1
  1
  1
 basis exponents
  5  4  3  2  1  0  0  0  0
 (/ (3f18.0, 5x, a1))
              tau1              tau2              tau3     c
  .166414000000000 -.166414000000000  .372579999999617     l
 (/ i6, 2f12.0, 5x, a1 /)
     n           S          dx coord
   539  .764063709       0.025     v
   539  2.22693636       0.025     a
 (/f6.0, i6, f12.0, 2f6.0, 2x, 2i1, f2.0, 11x, a1//(2i6, f12.0, i12))
     Z    nc      Sinf/S     . Sws/S  ....     ScoFlag
   26.     7          1.    1.    1.  10.0           p
     n     k         occ        flag
     1    -1          2.           0
     2    -1          2.           0
     2     1          2.           0
     2    -2          4.           0
     3    -1          .0           0
     3     1          .0           0
     3    -2          .0           0
    12 Bases
     0     1     1
     0     1     2
     0     1     3
     1     1     1
     1     1     2
     1     1     3
     2     1     1
     2     1     2
     0     2     1
     0     2     2
     1     2     1
     1     2     2
     4     4     3     4     5     6     7     8     9
     0     0    -1     0     0     0     0     0     0
     4     4     3     4     5     6     7     8     9
     0     0    -1     0     0     0     0     0     0
     3     3     3     4     5     6     7     8     9
     0     0     0     0     0     0     0     0     0
     3     3     3     4     5     6     7     8     9
     0     0     0     0     0     0     0     0     0
 (// 2i8)
 TYPE 10: species: 26up
   natom   nharm  (L=   0   1   2   3   4   5   6   7   8)
       1      81  (n=   1   4   9  16  25  36  49  64  81)
 (/ (24i3))
 density exponents
  1
  1
  1
  1
 basis exponents
  5  4  3  2  1  0  0  0  0
 (/ (3f18.0, 5x, a1))
              tau1              tau2              tau3     c
  .166414000000000  .332828000000000  .372579999999984     l
 (/ i6, 2f12.0, 5x, a1 /)
     n           S          dx coord
   539  .764063709       0.025     v
   539  2.22693636       0.025     a
 (/f6.0, i6, f12.0, 2f6.0, 2x, 2i1, f2.0, 11x, a1//(2i6, f12.0, i12))
     Z    nc      Sinf/S     . Sws/S  ....     ScoFlag
   26.     7          1.    1.    1.  10.0           p
     n     k         occ        flag
     1    -1          2.           0
     2    -1          2.           0
     2     1          2.           0
     2    -2          4.           0
     3    -1          .0           0
     3     1          .0           0
     3    -2          .0           0
    12 Bases
     0     1     1
     0     1     2
     0     1     3
     1     1     1
     1     1     2
     1     1     3
     2     1     1
     2     1     2
     0     2     1
     0     2     2
     1     2     1
     1     2     2
     4     4     3     4     5     6     7     8     9
     0     0    -1     0     0     0     0     0     0
     4     4     3     4     5     6     7     8     9
     0     0    -1     0     0     0     0     0     0
     3     3     3     4     5     6     7     8     9
     0     0     0     0     0     0     0     0     0
     3     3     3     4     5     6     7     8     9
     0     0     0     0     0     0     0     0     0
 (// 2i8)
 TYPE 11: species: 26up
   natom   nharm  (L=   0   1   2   3   4   5   6   7   8)
       1      81  (n=   1   4   9  16  25  36  49  64  81)
 (/ (24i3))
 density exponents
  1
  1
  1
  1
 basis exponents
  5  4  3  2  1  0  0  0  0
 (/ (3f18.0, 5x, a1))
              tau1              tau2              tau3     c
 -.332828000000000 -.166414000000000  .372580000000207     l
 (/ i6, 2f12.0, 5x, a1 /)
     n           S          dx coord
   539  .764063709       0.025     v
   539  2.22693636       0.025     a
 (/f6.0, i6, f12.0, 2f6.0, 2x, 2i1, f2.0, 11x, a1//(2i6, f12.0, i12))
     Z    nc      Sinf/S     . Sws/S  ....     ScoFlag
   26.     7          1.    1.    1.  10.0           p
     n     k         occ        flag
     1    -1          2.           0
     2    -1          2.           0
     2     1          2.           0
     2    -2          4.           0
     3    -1          .0           0
     3     1          .0           0
     3    -2          .0           0
    12 Bases
     0     1     1
     0     1     2
     0     1     3
     1     1     1
     1     1     2
     1     1     3
     2     1     1
     2     1     2
     0     2     1
     0     2     2
     1     2     1
     1     2     2
     4     4     3     4     5     6     7     8     9
     0     0    -1     0     0     0     0     0     0
     4     4     3     4     5     6     7     8     9
     0     0    -1     0     0     0     0     0     0
     3     3     3     4     5     6     7     8     9
     0     0     0     0     0     0     0     0     0
     3     3     3     4     5     6     7     8     9
     0     0     0     0     0     0     0     0     0
 (// 2i8)
 TYPE 12: species: 26up
   natom   nharm  (L=   0   1   2   3   4   5   6   7   8)
       1      81  (n=   1   4   9  16  25  36  49  64  81)
 (/ (24i3))
 density exponents
  1
  1
  1
  1
 basis exponents
  5  4  3  2  1  0  0  0  0
 (/ (3f18.0, 5x, a1))
              tau1              tau2              tau3     c
 -.166414000000000  .166414000000000 -.372579999999880     l
 (/ i6, 2f12.0, 5x, a1 /)
     n           S          dx coord
   539  .764063709       0.025     v
   539  2.22693636       0.025     a
 (/f6.0, i6, f12.0, 2f6.0, 2x, 2i1, f2.0, 11x, a1//(2i6, f12.0, i12))
     Z    nc      Sinf/S     . Sws/S  ....     ScoFlag
   26.     7          1.    1.    1.  10.0           p
     n     k         occ        flag
     1    -1          2.           0
     2    -1          2.           0
     2     1          2.           0
     2    -2          4.           0
     3    -1          .0           0
     3     1          .0           0
     3    -2          .0           0
    12 Bases
     0     1     1
     0     1     2
     0     1     3
     1     1     1
     1     1     2
     1     1     3
     2     1     1
     2     1     2
     0     2     1
     0     2     2
     1     2     1
     1     2     2
     4     4     3     4     5     6     7     8     9
     0     0    -1     0     0     0     0     0     0
     4     4     3     4     5     6     7     8     9
     0     0    -1     0     0     0     0     0     0
     3     3     3     4     5     6     7     8     9
     0     0     0     0     0     0     0     0     0
     3     3     3     4     5     6     7     8     9
     0     0     0     0     0     0     0     0     0
 (// 2i8)
 TYPE 13: species: 26up
   natom   nharm  (L=   0   1   2   3   4   5   6   7   8)
       1      81  (n=   1   4   9  16  25  36  49  64  81)
 (/ (24i3))
 density exponents
  1
  1
  1
  1
 basis exponents
  5  4  3  2  1  0  0  0  0
 (/ (3f18.0, 5x, a1))
              tau1              tau2              tau3     c
 -.166414000000000 -.332828000000000 -.372579999999966     l
 (/ i6, 2f12.0, 5x, a1 /)
     n           S          dx coord
   539  .764063709       0.025     v
   539  2.22693636       0.025     a
 (/f6.0, i6, f12.0, 2f6.0, 2x, 2i1, f2.0, 11x, a1//(2i6, f12.0, i12))
     Z    nc      Sinf/S     . Sws/S  ....     ScoFlag
   26.     7          1.    1.    1.  10.0           p
     n     k         occ        flag
     1    -1          2.           0
     2    -1          2.           0
     2     1          2.           0
     2    -2          4.           0
     3    -1          .0           0
     3     1          .0           0
     3    -2          .0           0
    12 Bases
     0     1     1
     0     1     2
     0     1     3
     1     1     1
     1     1     2
     1     1     3
     2     1     1
     2     1     2
     0     2     1
     0     2     2
     1     2     1
     1     2     2
     4     4     3     4     5     6     7     8     9
     0     0    -1     0     0     0     0     0     0
     4     4     3     4     5     6     7     8     9
     0     0    -1     0     0     0     0     0     0
     3     3     3     4     5     6     7     8     9
     0     0     0     0     0     0     0     0     0
     3     3     3     4     5     6     7     8     9
     0     0     0     0     0     0     0     0     0
 (// 2i8)
 TYPE 14: species: 26up
   natom   nharm  (L=   0   1   2   3   4   5   6   7   8)
       1      81  (n=   1   4   9  16  25  36  49  64  81)
 (/ (24i3))
 density exponents
  1
  1
  1
  1
 basis exponents
  5  4  3  2  1  0  0  0  0
 (/ (3f18.0, 5x, a1))
              tau1              tau2              tau3     c
  .332828000000000  .166414000000000 -.372579999999901     l
 (/ i6, 2f12.0, 5x, a1 /)
     n           S          dx coord
   539  .764063709       0.025     v
   539  2.22693636       0.025     a
 (/f6.0, i6, f12.0, 2f6.0, 2x, 2i1, f2.0, 11x, a1//(2i6, f12.0, i12))
     Z    nc      Sinf/S     . Sws/S  ....     ScoFlag
   26.     7          1.    1.    1.  10.0           p
     n     k         occ        flag
     1    -1          2.           0
     2    -1          2.           0
     2     1          2.           0
     2    -2          4.           0
     3    -1          .0           0
     3     1          .0           0
     3    -2          .0           0
    12 Bases
     0     1     1
     0     1     2
     0     1     3
     1     1     1
     1     1     2
     1     1     3
     2     1     1
     2     1     2
     0     2     1
     0     2     2
     1     2     1
     1     2     2
     4     4     3     4     5     6     7     8     9
     0     0    -1     0     0     0     0     0     0
     4     4     3     4     5     6     7     8     9
     0     0    -1     0     0     0     0     0     0
     3     3     3     4     5     6     7     8     9
     0     0     0     0     0     0     0     0     0
     3     3     3     4     5     6     7     8     9
     0     0     0     0     0     0     0     0     0
 (// 2i8)
 TYPE 15: species: 26up
   natom   nharm  (L=   0   1   2   3   4   5   6   7   8)
       1      81  (n=   1   4   9  16  25  36  49  64  81)
 (/ (24i3))
 density exponents
  1
  1
  1
  1
 basis exponents
  5  4  3  2  1  0  0  0  0
 (/ (3f18.0, 5x, a1))
              tau1              tau2              tau3     c
 -.166414000000000  .166414000000000 -.127420000000043     l
 (/ i6, 2f12.0, 5x, a1 /)
     n           S          dx coord
   539  .764063709       0.025     v
   539  2.22693636       0.025     a
 (/f6.0, i6, f12.0, 2f6.0, 2x, 2i1, f2.0, 11x, a1//(2i6, f12.0, i12))
     Z    nc      Sinf/S     . Sws/S  ....     ScoFlag
   26.     7          1.    1.    1.  10.0           p
     n     k         occ        flag
     1    -1          2.           0
     2    -1          2.           0
     2     1          2.           0
     2    -2          4.           0
     3    -1          .0           0
     3     1          .0           0
     3    -2          .0           0
    12 Bases
     0     1     1
     0     1     2
     0     1     3
     1     1     1
     1     1     2
     1     1     3
     2     1     1
     2     1     2
     0     2     1
     0     2     2
     1     2     1
     1     2     2
     4     4     3     4     5     6     7     8     9
     0     0    -1     0     0     0     0     0     0
     4     4     3     4     5     6     7     8     9
     0     0    -1     0     0     0     0     0     0
     3     3     3     4     5     6     7     8     9
     0     0     0     0     0     0     0     0     0
     3     3     3     4     5     6     7     8     9
     0     0     0     0     0     0     0     0     0
 (// 2i8)
 TYPE 16: species: 26up
   natom   nharm  (L=   0   1   2   3   4   5   6   7   8)
       1      81  (n=   1   4   9  16  25  36  49  64  81)
 (/ (24i3))
 density exponents
  1
  1
  1
  1
 basis exponents
  5  4  3  2  1  0  0  0  0
 (/ (3f18.0, 5x, a1))
              tau1              tau2              tau3     c
 -.166414000000000 -.332828000000000 -.127419999999979     l
 (/ i6, 2f12.0, 5x, a1 /)
     n           S          dx coord
   539  .764063709       0.025     v
   539  2.22693636       0.025     a
 (/f6.0, i6, f12.0, 2f6.0, 2x, 2i1, f2.0, 11x, a1//(2i6, f12.0, i12))
     Z    nc      Sinf/S     . Sws/S  ....     ScoFlag
   26.     7          1.    1.    1.  10.0           p
     n     k         occ        flag
     1    -1          2.           0
     2    -1          2.           0
     2     1          2.           0
     2    -2          4.           0
     3    -1          .0           0
     3     1          .0           0
     3    -2          .0           0
    12 Bases
     0     1     1
     0     1     2
     0     1     3
     1     1     1
     1     1     2
     1     1     3
     2     1     1
     2     1     2
     0     2     1
     0     2     2
     1     2     1
     1     2     2
     4     4     3     4     5     6     7     8     9
     0     0    -1     0     0     0     0     0     0
     4     4     3     4     5     6     7     8     9
     0     0    -1     0     0     0     0     0     0
     3     3     3     4     5     6     7     8     9
     0     0     0     0     0     0     0     0     0
     3     3     3     4     5     6     7     8     9
     0     0     0     0     0     0     0     0     0
 (// 2i8)
 TYPE 17: species: 26up
   natom   nharm  (L=   0   1   2   3   4   5   6   7   8)
       1      81  (n=   1   4   9  16  25  36  49  64  81)
 (/ (24i3))
 density exponents
  1
  1
  1
  1
 basis exponents
  5  4  3  2  1  0  0  0  0
 (/ (3f18.0, 5x, a1))
              tau1              tau2              tau3     c
  .332828000000000  .166414000000000 -.127420000000085     l
 (/ i6, 2f12.0, 5x, a1 /)
     n           S          dx coord
   539  .764063709       0.025     v
   539  2.22693636       0.025     a
 (/f6.0, i6, f12.0, 2f6.0, 2x, 2i1, f2.0, 11x, a1//(2i6, f12.0, i12))
     Z    nc      Sinf/S     . Sws/S  ....     ScoFlag
   26.     7          1.    1.    1.  10.0           p
     n     k         occ        flag
     1    -1          2.           0
     2    -1          2.           0
     2     1          2.           0
     2    -2          4.           0
     3    -1          .0           0
     3     1          .0           0
     3    -2          .0           0
    12 Bases
     0     1     1
     0     1     2
     0     1     3
     1     1     1
     1     1     2
     1     1     3
     2     1     1
     2     1     2
     0     2     1
     0     2     2
     1     2     1
     1     2     2
     4     4     3     4     5     6     7     8     9
     0     0    -1     0     0     0     0     0     0
     4     4     3     4     5     6     7     8     9
     0     0    -1     0     0     0     0     0     0
     3     3     3     4     5     6     7     8     9
     0     0     0     0     0     0     0     0     0
     3     3     3     4     5     6     7     8     9
     0     0     0     0     0     0     0     0     0
 (// 2i8)
 TYPE 18: species: 26up
   natom   nharm  (L=   0   1   2   3   4   5   6   7   8)
       1      81  (n=   1   4   9  16  25  36  49  64  81)
 (/ (24i3))
 density exponents
  1
  1
  1
  1
 basis exponents
  5  4  3  2  1  0  0  0  0
 (/ (3f18.0, 5x, a1))
              tau1              tau2              tau3     c
  .166414000000000 -.166414000000000  .127420000000290     l
 (/ i6, 2f12.0, 5x, a1 /)
     n           S          dx coord
   539  .764063709       0.025     v
   539  2.22693636       0.025     a
 (/f6.0, i6, f12.0, 2f6.0, 2x, 2i1, f2.0, 11x, a1//(2i6, f12.0, i12))
     Z    nc      Sinf/S     . Sws/S  ....     ScoFlag
   26.     7          1.    1.    1.  10.0           p
     n     k         occ        flag
     1    -1          2.           0
     2    -1          2.           0
     2     1          2.           0
     2    -2          4.           0
     3    -1          .0           0
     3     1          .0           0
     3    -2          .0           0
    12 Bases
     0     1     1
     0     1     2
     0     1     3
     1     1     1
     1     1     2
     1     1     3
     2     1     1
     2     1     2
     0     2     1
     0     2     2
     1     2     1
     1     2     2
     4     4     3     4     5     6     7     8     9
     0     0    -1     0     0     0     0     0     0
     4     4     3     4     5     6     7     8     9
     0     0    -1     0     0     0     0     0     0
     3     3     3     4     5     6     7     8     9
     0     0     0     0     0     0     0     0     0
     3     3     3     4     5     6     7     8     9
     0     0     0     0     0     0     0     0     0
 (// 2i8)
 TYPE 19: species: 26up
   natom   nharm  (L=   0   1   2   3   4   5   6   7   8)
       1      81  (n=   1   4   9  16  25  36  49  64  81)
 (/ (24i3))
 density exponents
  1
  1
  1
  1
 basis exponents
  5  4  3  2  1  0  0  0  0
 (/ (3f18.0, 5x, a1))
              tau1              tau2              tau3     c
  .166414000000000  .332828000000000  .127419999999869     l
 (/ i6, 2f12.0, 5x, a1 /)
     n           S          dx coord
   539  .764063709       0.025     v
   539  2.22693636       0.025     a
 (/f6.0, i6, f12.0, 2f6.0, 2x, 2i1, f2.0, 11x, a1//(2i6, f12.0, i12))
     Z    nc      Sinf/S     . Sws/S  ....     ScoFlag
   26.     7          1.    1.    1.  10.0           p
     n     k         occ        flag
     1    -1          2.           0
     2    -1          2.           0
     2     1          2.           0
     2    -2          4.           0
     3    -1          .0           0
     3     1          .0           0
     3    -2          .0           0
    12 Bases
     0     1     1
     0     1     2
     0     1     3
     1     1     1
     1     1     2
     1     1     3
     2     1     1
     2     1     2
     0     2     1
     0     2     2
     1     2     1
     1     2     2
     4     4     3     4     5     6     7     8     9
     0     0    -1     0     0     0     0     0     0
     4     4     3     4     5     6     7     8     9
     0     0    -1     0     0     0     0     0     0
     3     3     3     4     5     6     7     8     9
     0     0     0     0     0     0     0     0     0
     3     3     3     4     5     6     7     8     9
     0     0     0     0     0     0     0     0     0
 (// 2i8)
 TYPE 20: species: 26up
   natom   nharm  (L=   0   1   2   3   4   5   6   7   8)
       1      81  (n=   1   4   9  16  25  36  49  64  81)
 (/ (24i3))
 density exponents
  1
  1
  1
  1
 basis exponents
  5  4  3  2  1  0  0  0  0
 (/ (3f18.0, 5x, a1))
              tau1              tau2              tau3     c
 -.332828000000000 -.166414000000000  .127420000000257     l
 (/ i6, 2f12.0, 5x, a1 /)
     n           S          dx coord
   539  .764063709       0.025     v
   539  2.22693636       0.025     a
 (/f6.0, i6, f12.0, 2f6.0, 2x, 2i1, f2.0, 11x, a1//(2i6, f12.0, i12))
     Z    nc      Sinf/S     . Sws/S  ....     ScoFlag
   26.     7          1.    1.    1.  10.0           p
     n     k         occ        flag
     1    -1          2.           0
     2    -1          2.           0
     2     1          2.           0
     2    -2          4.           0
     3    -1          .0           0
     3     1          .0           0
     3    -2          .0           0
    12 Bases
     0     1     1
     0     1     2
     0     1     3
     1     1     1
     1     1     2
     1     1     3
     2     1     1
     2     1     2
     0     2     1
     0     2     2
     1     2     1
     1     2     2
     4     4     3     4     5     6     7     8     9
     0     0    -1     0     0     0     0     0     0
     4     4     3     4     5     6     7     8     9
     0     0    -1     0     0     0     0     0     0
     3     3     3     4     5     6     7     8     9
     0     0     0     0     0     0     0     0     0
     3     3     3     4     5     6     7     8     9
     0     0     0     0     0     0     0     0     0
 (// 2i8)
 TYPE 21: species: 26up
   natom   nharm  (L=   0   1   2   3   4   5   6   7   8)
       1      81  (n=   1   4   9  16  25  36  49  64  81)
 (/ (24i3))
 density exponents
  1
  1
  1
  1
 basis exponents
  5  4  3  2  1  0  0  0  0
 (/ (3f18.0, 5x, a1))
              tau1              tau2              tau3     c
  .333333333333333 -.333333333333333  .250000000000058     l
 (/ i6, 2f12.0, 5x, a1 /)
     n           S          dx coord
   539  .764063709       0.025     v
   539  2.22693636       0.025     a
 (/f6.0, i6, f12.0, 2f6.0, 2x, 2i1, f2.0, 11x, a1//(2i6, f12.0, i12))
     Z    nc      Sinf/S     . Sws/S  ....     ScoFlag
   26.     7          1.    1.    1.  10.0           p
     n     k         occ        flag
     1    -1          2.           0
     2    -1          2.           0
     2     1          2.           0
     2    -2          4.           0
     3    -1          .0           0
     3     1          .0           0
     3    -2          .0           0
    12 Bases
     0     1     1
     0     1     2
     0     1     3
     1     1     1
     1     1     2
     1     1     3
     2     1     1
     2     1     2
     0     2     1
     0     2     2
     1     2     1
     1     2     2
     4     4     3     4     5     6     7     8     9
     0     0    -1     0     0     0     0     0     0
     4     4     3     4     5     6     7     8     9
     0     0    -1     0     0     0     0     0     0
     3     3     3     4     5     6     7     8     9
     0     0     0     0     0     0     0     0     0
     3     3     3     4     5     6     7     8     9
     0     0     0     0     0     0     0     0     0
 (// 2i8)
 TYPE 22: species: 26up
   natom   nharm  (L=   0   1   2   3   4   5   6   7   8)
       1      81  (n=   1   4   9  16  25  36  49  64  81)
 (/ (24i3))
 density exponents
  1
  1
  1
  1
 basis exponents
  5  4  3  2  1  0  0  0  0
 (/ (3f18.0, 5x, a1))
              tau1              tau2              tau3     c
 -.333333333333333  .333333333333333 -.250000000000029     l
 (/ i6, 2f12.0, 5x, a1 /)
     n           S          dx coord
   539  .764063709       0.025     v
   539  2.22693636       0.025     a
 (/f6.0, i6, f12.0, 2f6.0, 2x, 2i1, f2.0, 11x, a1//(2i6, f12.0, i12))
     Z    nc      Sinf/S     . Sws/S  ....     ScoFlag
   26.     7          1.    1.    1.  10.0           p
     n     k         occ        flag
     1    -1          2.           0
     2    -1          2.           0
     2     1          2.           0
     2    -2          4.           0
     3    -1          .0           0
     3     1          .0           0
     3    -2          .0           0
    12 Bases
     0     1     1
     0     1     2
     0     1     3
     1     1     1
     1     1     2
     1     1     3
     2     1     1
     2     1     2
     0     2     1
     0     2     2
     1     2     1
     1     2     2
     4     4     3     4     5     6     7     8     9
     0     0    -1     0     0     0     0     0     0
     4     4     3     4     5     6     7     8     9
     0     0    -1     0     0     0     0     0     0
     3     3     3     4     5     6     7     8     9
     0     0     0     0     0     0     0     0     0
     3     3     3     4     5     6     7     8     9
     0     0     0     0     0     0     0     0     0
 (// 2i8)
 TYPE 23: species: 26up
   natom   nharm  (L=   0   1   2   3   4   5   6   7   8)
       1      81  (n=   1   4   9  16  25  36  49  64  81)
 (/ (24i3))
 density exponents
  1
  1
  1
  1
 basis exponents
  5  4  3  2  1  0  0  0  0
 (/ (3f18.0, 5x, a1))
              tau1              tau2              tau3     c
  .000000000000000  .000000000000000  .249999999999943     l
 (/ i6, 2f12.0, 5x, a1 /)
     n           S          dx coord
   539  .764063709       0.025     v
   539  2.22693636       0.025     a
 (/f6.0, i6, f12.0, 2f6.0, 2x, 2i1, f2.0, 11x, a1//(2i6, f12.0, i12))
     Z    nc      Sinf/S     . Sws/S  ....     ScoFlag
   26.     7          1.    1.    1.  10.0           p
     n     k         occ        flag
     1    -1          2.           0
     2    -1          2.           0
     2     1          2.           0
     2    -2          4.           0
     3    -1          .0           0
     3     1          .0           0
     3    -2          .0           0
    12 Bases
     0     1     1
     0     1     2
     0     1     3
     1     1     1
     1     1     2
     1     1     3
     2     1     1
     2     1     2
     0     2     1
     0     2     2
     1     2     1
     1     2     2
     4     4     3     4     5     6     7     8     9
     0     0    -1     0     0     0     0     0     0
     4     4     3     4     5     6     7     8     9
     0     0    -1     0     0     0     0     0     0
     3     3     3     4     5     6     7     8     9
     0     0     0     0     0     0     0     0     0
     3     3     3     4     5     6     7     8     9
     0     0     0     0     0     0     0     0     0
 (// 2i8)
 TYPE 24: species: 26up
   natom   nharm  (L=   0   1   2   3   4   5   6   7   8)
       1      81  (n=   1   4   9  16  25  36  49  64  81)
 (/ (24i3))
 density exponents
  1
  1
  1
  1
 basis exponents
  5  4  3  2  1  0  0  0  0
 (/ (3f18.0, 5x, a1))
              tau1              tau2              tau3     c
  .000000000000000  .000000000000000 -.250000000000320     l
 (/ i6, 2f12.0, 5x, a1 /)
     n           S          dx coord
   539  .764063709       0.025     v
   539  2.22693636       0.025     a
 (/f6.0, i6, f12.0, 2f6.0, 2x, 2i1, f2.0, 11x, a1//(2i6, f12.0, i12))
     Z    nc      Sinf/S     . Sws/S  ....     ScoFlag
   26.     7          1.    1.    1.  10.0           p
     n     k         occ        flag
     1    -1          2.           0
     2    -1          2.           0
     2     1          2.           0
     2    -2          4.           0
     3    -1          .0           0
     3     1          .0           0
     3    -2          .0           0
    12 Bases
     0     1     1
     0     1     2
     0     1     3
     1     1     1
     1     1     2
     1     1     3
     2     1     1
     2     1     2
     0     2     1
     0     2     2
     1     2     1
     1     2     2
     4     4     3     4     5     6     7     8     9
     0     0    -1     0     0     0     0     0     0
     4     4     3     4     5     6     7     8     9
     0     0    -1     0     0     0     0     0     0
     3     3     3     4     5     6     7     8     9
     0     0     0     0     0     0     0     0     0
     3     3     3     4     5     6     7     8     9
     0     0     0     0     0     0     0     0     0
