# k(0:nx, 0:ny, 0:nz) <= 2000
# nx, ny, nz
 20 20 10
#
     1   201   401   601   801  1001  1201  1401  1601  1801   101   301
   501   701   901  1101  1301  1501  1701  1901     1    11   211   411
   611   811  1011  1211  1411  1611  1811   111   311   511   711   911
  1111  1311  1511  1711  1911    11    21   221   421   621   821  1021
  1221  1421  1621  1821   121   321   521   721   921  1121  1321  1521
  1721  1921    21    31   231   431   631   831  1031  1231  1431  1631
  1831   131   331   531   731   931  1131  1331  1531  1731  1931    31
    41   241   441   641   841  1041  1241  1441  1641  1841   141   341
   541   741   941  1141  1341  1541  1741  1941    41    51   251   451
   651   851  1051  1251  1451  1651  1851   151   351   551   751   951
  1151  1351  1551  1751  1951    51    61   261   461   661   861  1061
  1261  1461  1661  1861   161   361   561   761   961  1161  1361  1561
  1761  1961    61    71   271   471   671   871  1071  1271  1471  1671
  1871   171   371   571   771   971  1171  1371  1571  1771  1971    71
    81   281   481   681   881  1081  1281  1481  1681  1881   181   381
   581   781   981  1181  1381  1581  1781  1981    81    91   291   491
   691   891  1091  1291  1491  1691  1891   191   391   591   791   991
  1191  1391  1591  1791  1991    91   101   301   501   701   901  1101
  1301  1501  1701  1901     1   201   401   601   801  1001  1201  1401
  1601  1801   101   111   311   511   711   911  1111  1311  1511  1711
  1911    11   211   411   611   811  1011  1211  1411  1611  1811   111
   121   321   521   721   921  1121  1321  1521  1721  1921    21   221
   421   621   821  1021  1221  1421  1621  1821   121   131   331   531
   731   931  1131  1331  1531  1731  1931    31   231   431   631   831
  1031  1231  1431  1631  1831   131   141   341   541   741   941  1141
  1341  1541  1741  1941    41   241   441   641   841  1041  1241  1441
  1641  1841   141   151   351   551   751   951  1151  1351  1551  1751
  1951    51   251   451   651   851  1051  1251  1451  1651  1851   151
   161   361   561   761   961  1161  1361  1561  1761  1961    61   261
   461   661   861  1061  1261  1461  1661  1861   161   171   371   571
   771   971  1171  1371  1571  1771  1971    71   271   471   671   871
  1071  1271  1471  1671  1871   171   181   381   581   781   981  1181
  1381  1581  1781  1981    81   281   481   681   881  1081  1281  1481
  1681  1881   181   191   391   591   791   991  1191  1391  1591  1791
  1991    91   291   491   691   891  1091  1291  1491  1691  1891   191
     1   201   401   601   801  1001  1201  1401  1601  1801   101   301
   501   701   901  1101  1301  1501  1701  1901     1     2   202   402
   602   802  1002  1202  1402  1602  1802   102   302   502   702   902
  1102  1302  1502  1702  1902     2    12   212   412   612   812  1012
  1212  1412  1612  1812   112   312   512   712   912  1112  1312  1512
  1712  1912    12    22   222   422   622   822  1022  1222  1422  1622
  1822   122   322   522   722   922  1122  1322  1522  1722  1922    22
    32   232   432   632   832  1032  1232  1432  1632  1832   132   332
   532   732   932  1132  1332  1532  1732  1932    32    42   242   442
   642   842  1042  1242  1442  1642  1842   142   342   542   742   942
  1142  1342  1542  1742  1942    42    52   252   452   652   852  1052
  1252  1452  1652  1852   152   352   552   752   952  1152  1352  1552
  1752  1952    52    62   262   462   662   862  1062  1262  1462  1662
  1862   162   362   562   762   962  1162  1362  1562  1762  1962    62
    72   272   472   672   872  1072  1272  1472  1672  1872   172   372
   572   772   972  1172  1372  1572  1772  1972    72    82   282   482
   682   882  1082  1282  1482  1682  1882   182   382   582   782   982
  1182  1382  1582  1782  1982    82    92   292   492   692   892  1092
  1292  1492  1692  1892   192   392   592   792   992  1192  1392  1592
  1792  1992    92   102   302   502   702   902  1102  1302  1502  1702
  1902     2   202   402   602   802  1002  1202  1402  1602  1802   102
   112   312   512   712   912  1112  1312  1512  1712  1912    12   212
   412   612   812  1012  1212  1412  1612  1812   112   122   322   522
   722   922  1122  1322  1522  1722  1922    22   222   422   622   822
  1022  1222  1422  1622  1822   122   132   332   532   732   932  1132
  1332  1532  1732  1932    32   232   432   632   832  1032  1232  1432
  1632  1832   132   142   342   542   742   942  1142  1342  1542  1742
  1942    42   242   442   642   842  1042  1242  1442  1642  1842   142
   152   352   552   752   952  1152  1352  1552  1752  1952    52   252
   452   652   852  1052  1252  1452  1652  1852   152   162   362   562
   762   962  1162  1362  1562  1762  1962    62   262   462   662   862
  1062  1262  1462  1662  1862   162   172   372   572   772   972  1172
  1372  1572  1772  1972    72   272   472   672   872  1072  1272  1472
  1672  1872   172   182   382   582   782   982  1182  1382  1582  1782
  1982    82   282   482   682   882  1082  1282  1482  1682  1882   182
   192   392   592   792   992  1192  1392  1592  1792  1992    92   292
   492   692   892  1092  1292  1492  1692  1892   192     2   202   402
   602   802  1002  1202  1402  1602  1802   102   302   502   702   902
  1102  1302  1502  1702  1902     2     3   203   403   603   803  1003
  1203  1403  1603  1803   103   303   503   703   903  1103  1303  1503
  1703  1903     3    13   213   413   613   813  1013  1213  1413  1613
  1813   113   313   513   713   913  1113  1313  1513  1713  1913    13
    23   223   423   623   823  1023  1223  1423  1623  1823   123   323
   523   723   923  1123  1323  1523  1723  1923    23    33   233   433
   633   833  1033  1233  1433  1633  1833   133   333   533   733   933
  1133  1333  1533  1733  1933    33    43   243   443   643   843  1043
  1243  1443  1643  1843   143   343   543   743   943  1143  1343  1543
  1743  1943    43    53   253   453   653   853  1053  1253  1453  1653
  1853   153   353   553   753   953  1153  1353  1553  1753  1953    53
    63   263   463   663   863  1063  1263  1463  1663  1863   163   363
   563   763   963  1163  1363  1563  1763  1963    63    73   273   473
   673   873  1073  1273  1473  1673  1873   173   373   573   773   973
  1173  1373  1573  1773  1973    73    83   283   483   683   883  1083
  1283  1483  1683  1883   183   383   583   783   983  1183  1383  1583
  1783  1983    83    93   293   493   693   893  1093  1293  1493  1693
  1893   193   393   593   793   993  1193  1393  1593  1793  1993    93
   103   303   503   703   903  1103  1303  1503  1703  1903     3   203
   403   603   803  1003  1203  1403  1603  1803   103   113   313   513
   713   913  1113  1313  1513  1713  1913    13   213   413   613   813
  1013  1213  1413  1613  1813   113   123   323   523   723   923  1123
  1323  1523  1723  1923    23   223   423   623   823  1023  1223  1423
  1623  1823   123   133   333   533   733   933  1133  1333  1533  1733
  1933    33   233   433   633   833  1033  1233  1433  1633  1833   133
   143   343   543   743   943  1143  1343  1543  1743  1943    43   243
   443   643   843  1043  1243  1443  1643  1843   143   153   353   553
   753   953  1153  1353  1553  1753  1953    53   253   453   653   853
  1053  1253  1453  1653  1853   153   163   363   563   763   963  1163
  1363  1563  1763  1963    63   263   463   663   863  1063  1263  1463
  1663  1863   163   173   373   573   773   973  1173  1373  1573  1773
  1973    73   273   473   673   873  1073  1273  1473  1673  1873   173
   183   383   583   783   983  1183  1383  1583  1783  1983    83   283
   483   683   883  1083  1283  1483  1683  1883   183   193   393   593
   793   993  1193  1393  1593  1793  1993    93   293   493   693   893
  1093  1293  1493  1693  1893   193     3   203   403   603   803  1003
  1203  1403  1603  1803   103   303   503   703   903  1103  1303  1503
  1703  1903     3     4   204   404   604   804  1004  1204  1404  1604
  1804   104   304   504   704   904  1104  1304  1504  1704  1904     4
    14   214   414   614   814  1014  1214  1414  1614  1814   114   314
   514   714   914  1114  1314  1514  1714  1914    14    24   224   424
   624   824  1024  1224  1424  1624  1824   124   324   524   724   924
  1124  1324  1524  1724  1924    24    34   234   434   634   834  1034
  1234  1434  1634  1834   134   334   534   734   934  1134  1334  1534
  1734  1934    34    44   244   444   644   844  1044  1244  1444  1644
  1844   144   344   544   744   944  1144  1344  1544  1744  1944    44
    54   254   454   654   854  1054  1254  1454  1654  1854   154   354
   554   754   954  1154  1354  1554  1754  1954    54    64   264   464
   664   864  1064  1264  1464  1664  1864   164   364   564   764   964
  1164  1364  1564  1764  1964    64    74   274   474   674   874  1074
  1274  1474  1674  1874   174   374   574   774   974  1174  1374  1574
  1774  1974    74    84   284   484   684   884  1084  1284  1484  1684
  1884   184   384   584   784   984  1184  1384  1584  1784  1984    84
    94   294   494   694   894  1094  1294  1494  1694  1894   194   394
   594   794   994  1194  1394  1594  1794  1994    94   104   304   504
   704   904  1104  1304  1504  1704  1904     4   204   404   604   804
  1004  1204  1404  1604  1804   104   114   314   514   714   914  1114
  1314  1514  1714  1914    14   214   414   614   814  1014  1214  1414
  1614  1814   114   124   324   524   724   924  1124  1324  1524  1724
  1924    24   224   424   624   824  1024  1224  1424  1624  1824   124
   134   334   534   734   934  1134  1334  1534  1734  1934    34   234
   434   634   834  1034  1234  1434  1634  1834   134   144   344   544
   744   944  1144  1344  1544  1744  1944    44   244   444   644   844
  1044  1244  1444  1644  1844   144   154   354   554   754   954  1154
  1354  1554  1754  1954    54   254   454   654   854  1054  1254  1454
  1654  1854   154   164   364   564   764   964  1164  1364  1564  1764
  1964    64   264   464   664   864  1064  1264  1464  1664  1864   164
   174   374   574   774   974  1174  1374  1574  1774  1974    74   274
   474   674   874  1074  1274  1474  1674  1874   174   184   384   584
   784   984  1184  1384  1584  1784  1984    84   284   484   684   884
  1084  1284  1484  1684  1884   184   194   394   594   794   994  1194
  1394  1594  1794  1994    94   294   494   694   894  1094  1294  1494
  1694  1894   194     4   204   404   604   804  1004  1204  1404  1604
  1804   104   304   504   704   904  1104  1304  1504  1704  1904     4
     5   205   405   605   805  1005  1205  1405  1605  1805   105   305
   505   705   905  1105  1305  1505  1705  1905     5    15   215   415
   615   815  1015  1215  1415  1615  1815   115   315   515   715   915
  1115  1315  1515  1715  1915    15    25   225   425   625   825  1025
  1225  1425  1625  1825   125   325   525   725   925  1125  1325  1525
  1725  1925    25    35   235   435   635   835  1035  1235  1435  1635
  1835   135   335   535   735   935  1135  1335  1535  1735  1935    35
    45   245   445   645   845  1045  1245  1445  1645  1845   145   345
   545   745   945  1145  1345  1545  1745  1945    45    55   255   455
   655   855  1055  1255  1455  1655  1855   155   355   555   755   955
  1155  1355  1555  1755  1955    55    65   265   465   665   865  1065
  1265  1465  1665  1865   165   365   565   765   965  1165  1365  1565
  1765  1965    65    75   275   475   675   875  1075  1275  1475  1675
  1875   175   375   575   775   975  1175  1375  1575  1775  1975    75
    85   285   485   685   885  1085  1285  1485  1685  1885   185   385
   585   785   985  1185  1385  1585  1785  1985    85    95   295   495
   695   895  1095  1295  1495  1695  1895   195   395   595   795   995
  1195  1395  1595  1795  1995    95   105   305   505   705   905  1105
  1305  1505  1705  1905     5   205   405   605   805  1005  1205  1405
  1605  1805   105   115   315   515   715   915  1115  1315  1515  1715
  1915    15   215   415   615   815  1015  1215  1415  1615  1815   115
   125   325   525   725   925  1125  1325  1525  1725  1925    25   225
   425   625   825  1025  1225  1425  1625  1825   125   135   335   535
   735   935  1135  1335  1535  1735  1935    35   235   435   635   835
  1035  1235  1435  1635  1835   135   145   345   545   745   945  1145
  1345  1545  1745  1945    45   245   445   645   845  1045  1245  1445
  1645  1845   145   155   355   555   755   955  1155  1355  1555  1755
  1955    55   255   455   655   855  1055  1255  1455  1655  1855   155
   165   365   565   765   965  1165  1365  1565  1765  1965    65   265
   465   665   865  1065  1265  1465  1665  1865   165   175   375   575
   775   975  1175  1375  1575  1775  1975    75   275   475   675   875
  1075  1275  1475  1675  1875   175   185   385   585   785   985  1185
  1385  1585  1785  1985    85   285   485   685   885  1085  1285  1485
  1685  1885   185   195   395   595   795   995  1195  1395  1595  1795
  1995    95   295   495   695   895  1095  1295  1495  1695  1895   195
     5   205   405   605   805  1005  1205  1405  1605  1805   105   305
   505   705   905  1105  1305  1505  1705  1905     5     6   206   406
   606   806  1006  1206  1406  1606  1806   106   306   506   706   906
  1106  1306  1506  1706  1906     6    16   216   416   616   816  1016
  1216  1416  1616  1816   116   316   516   716   916  1116  1316  1516
  1716  1916    16    26   226   426   626   826  1026  1226  1426  1626
  1826   126   326   526   726   926  1126  1326  1526  1726  1926    26
    36   236   436   636   836  1036  1236  1436  1636  1836   136   336
   536   736   936  1136  1336  1536  1736  1936    36    46   246   446
   646   846  1046  1246  1446  1646  1846   146   346   546   746   946
  1146  1346  1546  1746  1946    46    56   256   456   656   856  1056
  1256  1456  1656  1856   156   356   556   756   956  1156  1356  1556
  1756  1956    56    66   266   466   666   866  1066  1266  1466  1666
  1866   166   366   566   766   966  1166  1366  1566  1766  1966    66
    76   276   476   676   876  1076  1276  1476  1676  1876   176   376
   576   776   976  1176  1376  1576  1776  1976    76    86   286   486
   686   886  1086  1286  1486  1686  1886   186   386   586   786   986
  1186  1386  1586  1786  1986    86    96   296   496   696   896  1096
  1296  1496  1696  1896   196   396   596   796   996  1196  1396  1596
  1796  1996    96   106   306   506   706   906  1106  1306  1506  1706
  1906     6   206   406   606   806  1006  1206  1406  1606  1806   106
   116   316   516   716   916  1116  1316  1516  1716  1916    16   216
   416   616   816  1016  1216  1416  1616  1816   116   126   326   526
   726   926  1126  1326  1526  1726  1926    26   226   426   626   826
  1026  1226  1426  1626  1826   126   136   336   536   736   936  1136
  1336  1536  1736  1936    36   236   436   636   836  1036  1236  1436
  1636  1836   136   146   346   546   746   946  1146  1346  1546  1746
  1946    46   246   446   646   846  1046  1246  1446  1646  1846   146
   156   356   556   756   956  1156  1356  1556  1756  1956    56   256
   456   656   856  1056  1256  1456  1656  1856   156   166   366   566
   766   966  1166  1366  1566  1766  1966    66   266   466   666   866
  1066  1266  1466  1666  1866   166   176   376   576   776   976  1176
  1376  1576  1776  1976    76   276   476   676   876  1076  1276  1476
  1676  1876   176   186   386   586   786   986  1186  1386  1586  1786
  1986    86   286   486   686   886  1086  1286  1486  1686  1886   186
   196   396   596   796   996  1196  1396  1596  1796  1996    96   296
   496   696   896  1096  1296  1496  1696  1896   196     6   206   406
   606   806  1006  1206  1406  1606  1806   106   306   506   706   906
  1106  1306  1506  1706  1906     6     7   207   407   607   807  1007
  1207  1407  1607  1807   107   307   507   707   907  1107  1307  1507
  1707  1907     7    17   217   417   617   817  1017  1217  1417  1617
  1817   117   317   517   717   917  1117  1317  1517  1717  1917    17
    27   227   427   627   827  1027  1227  1427  1627  1827   127   327
   527   727   927  1127  1327  1527  1727  1927    27    37   237   437
   637   837  1037  1237  1437  1637  1837   137   337   537   737   937
  1137  1337  1537  1737  1937    37    47   247   447   647   847  1047
  1247  1447  1647  1847   147   347   547   747   947  1147  1347  1547
  1747  1947    47    57   257   457   657   857  1057  1257  1457  1657
  1857   157   357   557   757   957  1157  1357  1557  1757  1957    57
    67   267   467   667   867  1067  1267  1467  1667  1867   167   367
   567   767   967  1167  1367  1567  1767  1967    67    77   277   477
   677   877  1077  1277  1477  1677  1877   177   377   577   777   977
  1177  1377  1577  1777  1977    77    87   287   487   687   887  1087
  1287  1487  1687  1887   187   387   587   787   987  1187  1387  1587
  1787  1987    87    97   297   497   697   897  1097  1297  1497  1697
  1897   197   397   597   797   997  1197  1397  1597  1797  1997    97
   107   307   507   707   907  1107  1307  1507  1707  1907     7   207
   407   607   807  1007  1207  1407  1607  1807   107   117   317   517
   717   917  1117  1317  1517  1717  1917    17   217   417   617   817
  1017  1217  1417  1617  1817   117   127   327   527   727   927  1127
  1327  1527  1727  1927    27   227   427   627   827  1027  1227  1427
  1627  1827   127   137   337   537   737   937  1137  1337  1537  1737
  1937    37   237   437   637   837  1037  1237  1437  1637  1837   137
   147   347   547   747   947  1147  1347  1547  1747  1947    47   247
   447   647   847  1047  1247  1447  1647  1847   147   157   357   557
   757   957  1157  1357  1557  1757  1957    57   257   457   657   857
  1057  1257  1457  1657  1857   157   167   367   567   767   967  1167
  1367  1567  1767  1967    67   267   467   667   867  1067  1267  1467
  1667  1867   167   177   377   577   777   977  1177  1377  1577  1777
  1977    77   277   477   677   877  1077  1277  1477  1677  1877   177
   187   387   587   787   987  1187  1387  1587  1787  1987    87   287
   487   687   887  1087  1287  1487  1687  1887   187   197   397   597
   797   997  1197  1397  1597  1797  1997    97   297   497   697   897
  1097  1297  1497  1697  1897   197     7   207   407   607   807  1007
  1207  1407  1607  1807   107   307   507   707   907  1107  1307  1507
  1707  1907     7     8   208   408   608   808  1008  1208  1408  1608
  1808   108   308   508   708   908  1108  1308  1508  1708  1908     8
    18   218   418   618   818  1018  1218  1418  1618  1818   118   318
   518   718   918  1118  1318  1518  1718  1918    18    28   228   428
   628   828  1028  1228  1428  1628  1828   128   328   528   728   928
  1128  1328  1528  1728  1928    28    38   238   438   638   838  1038
  1238  1438  1638  1838   138   338   538   738   938  1138  1338  1538
  1738  1938    38    48   248   448   648   848  1048  1248  1448  1648
  1848   148   348   548   748   948  1148  1348  1548  1748  1948    48
    58   258   458   658   858  1058  1258  1458  1658  1858   158   358
   558   758   958  1158  1358  1558  1758  1958    58    68   268   468
   668   868  1068  1268  1468  1668  1868   168   368   568   768   968
  1168  1368  1568  1768  1968    68    78   278   478   678   878  1078
  1278  1478  1678  1878   178   378   578   778   978  1178  1378  1578
  1778  1978    78    88   288   488   688   888  1088  1288  1488  1688
  1888   188   388   588   788   988  1188  1388  1588  1788  1988    88
    98   298   498   698   898  1098  1298  1498  1698  1898   198   398
   598   798   998  1198  1398  1598  1798  1998    98   108   308   508
   708   908  1108  1308  1508  1708  1908     8   208   408   608   808
  1008  1208  1408  1608  1808   108   118   318   518   718   918  1118
  1318  1518  1718  1918    18   218   418   618   818  1018  1218  1418
  1618  1818   118   128   328   528   728   928  1128  1328  1528  1728
  1928    28   228   428   628   828  1028  1228  1428  1628  1828   128
   138   338   538   738   938  1138  1338  1538  1738  1938    38   238
   438   638   838  1038  1238  1438  1638  1838   138   148   348   548
   748   948  1148  1348  1548  1748  1948    48   248   448   648   848
  1048  1248  1448  1648  1848   148   158   358   558   758   958  1158
  1358  1558  1758  1958    58   258   458   658   858  1058  1258  1458
  1658  1858   158   168   368   568   768   968  1168  1368  1568  1768
  1968    68   268   468   668   868  1068  1268  1468  1668  1868   168
   178   378   578   778   978  1178  1378  1578  1778  1978    78   278
   478   678   878  1078  1278  1478  1678  1878   178   188   388   588
   788   988  1188  1388  1588  1788  1988    88   288   488   688   888
  1088  1288  1488  1688  1888   188   198   398   598   798   998  1198
  1398  1598  1798  1998    98   298   498   698   898  1098  1298  1498
  1698  1898   198     8   208   408   608   808  1008  1208  1408  1608
  1808   108   308   508   708   908  1108  1308  1508  1708  1908     8
     9   209   409   609   809  1009  1209  1409  1609  1809   109   309
   509   709   909  1109  1309  1509  1709  1909     9    19   219   419
   619   819  1019  1219  1419  1619  1819   119   319   519   719   919
  1119  1319  1519  1719  1919    19    29   229   429   629   829  1029
  1229  1429  1629  1829   129   329   529   729   929  1129  1329  1529
  1729  1929    29    39   239   439   639   839  1039  1239  1439  1639
  1839   139   339   539   739   939  1139  1339  1539  1739  1939    39
    49   249   449   649   849  1049  1249  1449  1649  1849   149   349
   549   749   949  1149  1349  1549  1749  1949    49    59   259   459
   659   859  1059  1259  1459  1659  1859   159   359   559   759   959
  1159  1359  1559  1759  1959    59    69   269   469   669   869  1069
  1269  1469  1669  1869   169   369   569   769   969  1169  1369  1569
  1769  1969    69    79   279   479   679   879  1079  1279  1479  1679
  1879   179   379   579   779   979  1179  1379  1579  1779  1979    79
    89   289   489   689   889  1089  1289  1489  1689  1889   189   389
   589   789   989  1189  1389  1589  1789  1989    89    99   299   499
   699   899  1099  1299  1499  1699  1899   199   399   599   799   999
  1199  1399  1599  1799  1999    99   109   309   509   709   909  1109
  1309  1509  1709  1909     9   209   409   609   809  1009  1209  1409
  1609  1809   109   119   319   519   719   919  1119  1319  1519  1719
  1919    19   219   419   619   819  1019  1219  1419  1619  1819   119
   129   329   529   729   929  1129  1329  1529  1729  1929    29   229
   429   629   829  1029  1229  1429  1629  1829   129   139   339   539
   739   939  1139  1339  1539  1739  1939    39   239   439   639   839
  1039  1239  1439  1639  1839   139   149   349   549   749   949  1149
  1349  1549  1749  1949    49   249   449   649   849  1049  1249  1449
  1649  1849   149   159   359   559   759   959  1159  1359  1559  1759
  1959    59   259   459   659   859  1059  1259  1459  1659  1859   159
   169   369   569   769   969  1169  1369  1569  1769  1969    69   269
   469   669   869  1069  1269  1469  1669  1869   169   179   379   579
   779   979  1179  1379  1579  1779  1979    79   279   479   679   879
  1079  1279  1479  1679  1879   179   189   389   589   789   989  1189
  1389  1589  1789  1989    89   289   489   689   889  1089  1289  1489
  1689  1889   189   199   399   599   799   999  1199  1399  1599  1799
  1999    99   299   499   699   899  1099  1299  1499  1699  1899   199
     9   209   409   609   809  1009  1209  1409  1609  1809   109   309
   509   709   909  1109  1309  1509  1709  1909     9    10   210   410
   610   810  1010  1210  1410  1610  1810   110   310   510   710   910
  1110  1310  1510  1710  1910    10    20   220   420   620   820  1020
  1220  1420  1620  1820   120   320   520   720   920  1120  1320  1520
  1720  1920    20    30   230   430   630   830  1030  1230  1430  1630
  1830   130   330   530   730   930  1130  1330  1530  1730  1930    30
    40   240   440   640   840  1040  1240  1440  1640  1840   140   340
   540   740   940  1140  1340  1540  1740  1940    40    50   250   450
   650   850  1050  1250  1450  1650  1850   150   350   550   750   950
  1150  1350  1550  1750  1950    50    60   260   460   660   860  1060
  1260  1460  1660  1860   160   360   560   760   960  1160  1360  1560
  1760  1960    60    70   270   470   670   870  1070  1270  1470  1670
  1870   170   370   570   770   970  1170  1370  1570  1770  1970    70
    80   280   480   680   880  1080  1280  1480  1680  1880   180   380
   580   780   980  1180  1380  1580  1780  1980    80    90   290   490
   690   890  1090  1290  1490  1690  1890   190   390   590   790   990
  1190  1390  1590  1790  1990    90   100   300   500   700   900  1100
  1300  1500  1700  1900   200   400   600   800  1000  1200  1400  1600
  1800  2000   100   110   310   510   710   910  1110  1310  1510  1710
  1910    10   210   410   610   810  1010  1210  1410  1610  1810   110
   120   320   520   720   920  1120  1320  1520  1720  1920    20   220
   420   620   820  1020  1220  1420  1620  1820   120   130   330   530
   730   930  1130  1330  1530  1730  1930    30   230   430   630   830
  1030  1230  1430  1630  1830   130   140   340   540   740   940  1140
  1340  1540  1740  1940    40   240   440   640   840  1040  1240  1440
  1640  1840   140   150   350   550   750   950  1150  1350  1550  1750
  1950    50   250   450   650   850  1050  1250  1450  1650  1850   150
   160   360   560   760   960  1160  1360  1560  1760  1960    60   260
   460   660   860  1060  1260  1460  1660  1860   160   170   370   570
   770   970  1170  1370  1570  1770  1970    70   270   470   670   870
  1070  1270  1470  1670  1870   170   180   380   580   780   980  1180
  1380  1580  1780  1980    80   280   480   680   880  1080  1280  1480
  1680  1880   180   190   390   590   790   990  1190  1390  1590  1790
  1990    90   290   490   690   890  1090  1290  1490  1690  1890   190
   200   400   600   800  1000  1200  1400  1600  1800  2000   100   300
   500   700   900  1100  1300  1500  1700  1900   200    10   210   410
   610   810  1010  1210  1410  1610  1810   110   310   510   710   910
  1110  1310  1510  1710  1910    10     1   201   401   601   801  1001
  1201  1401  1601  1801   101   301   501   701   901  1101  1301  1501
  1701  1901     1    11   211   411   611   811  1011  1211  1411  1611
  1811   111   311   511   711   911  1111  1311  1511  1711  1911    11
    21   221   421   621   821  1021  1221  1421  1621  1821   121   321
   521   721   921  1121  1321  1521  1721  1921    21    31   231   431
   631   831  1031  1231  1431  1631  1831   131   331   531   731   931
  1131  1331  1531  1731  1931    31    41   241   441   641   841  1041
  1241  1441  1641  1841   141   341   541   741   941  1141  1341  1541
  1741  1941    41    51   251   451   651   851  1051  1251  1451  1651
  1851   151   351   551   751   951  1151  1351  1551  1751  1951    51
    61   261   461   661   861  1061  1261  1461  1661  1861   161   361
   561   761   961  1161  1361  1561  1761  1961    61    71   271   471
   671   871  1071  1271  1471  1671  1871   171   371   571   771   971
  1171  1371  1571  1771  1971    71    81   281   481   681   881  1081
  1281  1481  1681  1881   181   381   581   781   981  1181  1381  1581
  1781  1981    81    91   291   491   691   891  1091  1291  1491  1691
  1891   191   391   591   791   991  1191  1391  1591  1791  1991    91
   101   301   501   701   901  1101  1301  1501  1701  1901     1   201
   401   601   801  1001  1201  1401  1601  1801   101   111   311   511
   711   911  1111  1311  1511  1711  1911    11   211   411   611   811
  1011  1211  1411  1611  1811   111   121   321   521   721   921  1121
  1321  1521  1721  1921    21   221   421   621   821  1021  1221  1421
  1621  1821   121   131   331   531   731   931  1131  1331  1531  1731
  1931    31   231   431   631   831  1031  1231  1431  1631  1831   131
   141   341   541   741   941  1141  1341  1541  1741  1941    41   241
   441   641   841  1041  1241  1441  1641  1841   141   151   351   551
   751   951  1151  1351  1551  1751  1951    51   251   451   651   851
  1051  1251  1451  1651  1851   151   161   361   561   761   961  1161
  1361  1561  1761  1961    61   261   461   661   861  1061  1261  1461
  1661  1861   161   171   371   571   771   971  1171  1371  1571  1771
  1971    71   271   471   671   871  1071  1271  1471  1671  1871   171
   181   381   581   781   981  1181  1381  1581  1781  1981    81   281
   481   681   881  1081  1281  1481  1681  1881   181   191   391   591
   791   991  1191  1391  1591  1791  1991    91   291   491   691   891
  1091  1291  1491  1691  1891   191     1   201   401   601   801  1001
  1201  1401  1601  1801   101   301   501   701   901  1101  1301  1501
  1701  1901     1
