 (i6, f12.0, f18.0, f8.3, i6)
   731  60.0000000  0.02500000000000  78.000     1
 (3e22.14)
  7.84324087267387e-05  8.17237491597294e-05  8.51532010628001e-05
  8.87265594609425e-05  9.24498625042410e-05  9.63294016660141e-05
  1.00371732368595e-04  1.04583685054671e-04  1.08972376722857e-04
  1.13545222946946e-04  1.18309950399204e-04  1.23274609898577e-04
  1.28447590006209e-04  1.33837631190657e-04  1.39453840587446e-04
  1.45305707376737e-04  1.51403118806661e-04  1.57756376886967e-04
  1.64376215784535e-04  1.71273819945145e-04  1.78460842979175e-04
  1.85949427332737e-04  1.93752224792447e-04  2.01882417836368e-04
  2.10353741897590e-04  2.19180508541049e-04  2.28377629629917e-04
  2.37960642491079e-04  2.47945736143741e-04  2.58349778622343e-04
  2.69190345448758e-04  2.80485749291309e-04  2.92255070875728e-04
  3.04518191178205e-04  3.17295824986245e-04  3.30609555840083e-04
  3.44481872466926e-04  3.58936206714702e-04  3.73996973095344e-04
  3.89689609971769e-04  4.06040622477384e-04  4.23077627226775e-04
  4.40829398908505e-04  4.59325918815418e-04  4.78598425427126e-04
  4.98679467082070e-04  5.19602956893819e-04  5.41404229923046e-04
  5.64120102783650e-04  5.87788935713808e-04  6.12450697268027e-04
  6.38147031693676e-04  6.64921329163249e-04  6.92818798893838e-04
  7.21886545395225e-04  7.52173647835017e-04  7.83731242790810e-04
  8.16612610416991e-04  8.50873264246236e-04  8.86571044731670e-04
  9.23766216717166e-04  9.62521570963707e-04  1.00290252995379e-03
  1.04497725807656e-03  1.08881677648577e-03  1.13449508267385e-03
  1.18208927514467e-03  1.23167968320795e-03  1.28335000226910e-03
  1.33718743472389e-03  1.39328283679593e-03  1.45173087143111e-03
  1.51263016770020e-03  1.57608348670785e-03  1.64219789460077e-03
  1.71108494265497e-03  1.78286085499430e-03  1.85764672408321e-03
  1.93556871442083e-03  2.01675827470735e-03  2.10135235891671e-03
  2.18949365652738e-03  2.28133083246358e-03  2.37701877690420e-03
  2.47671886571229e-03  2.58059923150710e-03  2.68883504625087e-03
  2.80160881546447e-03  2.91911068481100e-03  3.04153875940621e-03
  3.16909943649091e-03  3.30200775189687e-03  3.44048774105829e-03
  3.58477281491320e-03  3.73510615168565e-03  3.89174110468876e-03
  4.05494162744765e-03  4.22498271621153e-03  4.40215087112220e-03
  4.58674457640314e-03  4.77907480071137e-03  4.97946551803159e-03
  5.18825425063941e-03  5.40579263411580e-03  5.63244700642048e-03
  5.86859902094177e-03  6.11464628539042e-03  6.37100302700789e-03
  6.63810078552798e-03  6.91638913479593e-03  7.20633643450438e-03
  7.50843061288197e-03  7.82317998219405e-03  8.15111408756486e-03
  8.49278459166136e-03  8.84876619528187e-03  9.21965759679223e-03
  9.60608249076256e-03  1.00086906082871e-02  1.04281588001707e-02
  1.08651921651032e-02  1.13205252242459e-02  1.17949231447459e-02
  1.22891830132943e-02  1.28041351630532e-02  1.33406445543622e-02
  1.38996122135885e-02  1.44819767302844e-02  1.50887158168948e-02
  1.57208479321728e-02  1.63794339721097e-02  1.70655790295756e-02
  1.77804342277747e-02  1.85251986273432e-02  1.93011212138168e-02
  2.01095029650593e-02  2.09516990048837e-02  2.18291208443230e-02
  2.27432387153004e-02  2.36955839996136e-02  2.46877517580276e-02
  2.57214033621348e-02  2.67982692351124e-02  2.79201517028957e-02
  2.90889279641857e-02  3.03065531791899e-02  3.15750636868501e-02
  3.28965803514755e-02  3.42733120469274e-02  3.57075592820589e-02
  3.72017179742835e-02  3.87582833757447e-02  4.03798541602484e-02
  4.20691366743368e-02  4.38289493633488e-02  4.56622273733875e-02
  4.75720273435142e-02  4.95615323881657e-02  5.16340572836337e-02
  5.37930538619028e-02  5.60421166241080e-02  5.83849885769536e-02
  6.08255673086594e-02  6.33679113030232e-02  6.60162465135661e-02
  6.87749731954264e-02  7.16486730151529e-02  7.46421164422658e-02
  7.77602704375565e-02  8.10083064467829e-02  8.43916087147206e-02
  8.79157829271755e-02  9.15866652002594e-02  9.54103314204667e-02
  9.93931069623922e-02  1.03541576781908e-01  1.07862595915868e-01
  1.12363300389459e-01  1.17051118557151e-01  1.21933782884262e-01
  1.27019342197442e-01  1.32316174403932e-01  1.37832999721152e-01
  1.43578894407025e-01  1.49563305037412e-01  1.55796063327958e-01
  1.62287401535710e-01  1.69047968452421e-01  1.76088846017216e-01
  1.83421566563730e-01  1.91058130734974e-01  1.99011026074631e-01
  2.07293246340550e-01  2.15918311535753e-01  2.24900288719104e-01
  2.34253813585018e-01  2.43994112870960e-01  2.54137027598752e-01
  2.64699037191931e-01  2.75697284489411e-01  2.87149601696859e-01
  2.99074537291027e-01  3.11491383931939e-01  3.24420207383157e-01
  3.37881876518527e-01  3.51898094395415e-01  3.66491430484869e-01
  3.81685354048227e-01  3.97504268731654e-01  4.13973548385715e-01
  4.31119574187282e-01  4.48969773044659e-01  4.67552657405140e-01
  4.86897866411725e-01  5.07036208541555e-01  5.27999705692993e-01
  5.49821638814002e-01  5.72536595084187e-01  5.96180516714319e-01
  6.20790751382191e-01  6.46406104383806e-01  6.73066892492935e-01
  7.00814999645079e-01  7.29693934390456e-01  7.59748889280313e-01
  7.91026802107607e-01  8.23576419148188e-01  8.57448360368112e-01
  8.92695186706335e-01  9.29371469387477e-01  9.67533861433080e-01
  1.00724117123433e+00  1.04855443843025e+00  1.09153701192474e+00
  1.13625463024052e+00  1.18277550412997e+00  1.23117040153792e+00
  1.28151273489654e+00  1.33387865082883e+00  1.38834712220173e+00
  1.44500004265563e+00  1.50392232346237e+00  1.56520199293514e+00
  1.62893029812624e+00  1.69520180907606e+00  1.76411452537401e+00
  1.83576998518312e+00  1.91027337655094e+00  1.98773365116317e+00
  2.06826364021285e+00  2.15198017271406e+00  2.23900419574608e+00
  2.32946089698806e+00  2.42347982909920e+00  2.52119503608230e+00
  2.62274518136600e+00  2.72827367757728e+00  2.83792881772663e+00
  2.95186390781853e+00  3.07023740044302e+00  3.19321302949077e+00
  3.32095994528887e+00  3.45365285046217e+00  3.59147213567389e+00
  3.73460401541192e+00  3.88324066312375e+00  4.03758034565081e+00
  4.19782755615338e+00  4.36419314568937e+00  4.53689445216277e+00
  4.71615542708077e+00  4.90220675864265e+00  5.09528599131689e+00
  5.29563764072108e+00  5.50351330358457e+00  5.71917176146380e+00
  5.94287907828750e+00  6.17490868970831e+00  6.41554148472899e+00
  6.66506587729977e+00  6.92377786794536e+00  7.19198109357688e+00
  7.46998686480822e+00  7.75811418914455e+00  8.05668977922796e+00
  8.36604804406659e+00  8.68653106268493e+00  9.01848853750190e+00
  9.36227772721329e+00  9.71826335586151e+00  1.00868174978851e+01
  1.04683194358394e+01  1.08631554899859e+01  1.12717188165122e+01
  1.16944091736238e+01  1.21316326513676e+01  1.25838013651365e+01
  1.30513331078338e+01  1.35346509606108e+01  1.40341828574444e+01
  1.45503611025138e+01  1.50836218359437e+01  1.56344044469786e+01
  1.62031509290198e+01  1.67903051766824e+01  1.73963122182185e+01
  1.80216173835442e+01  1.86666654017873e+01  1.93318994274302e+01
  2.00177599895899e+01  2.07246838638456e+01  2.14531028598289e+01
  2.22034425257345e+01  2.29761207617559e+01  2.37715463439855e+01
  2.45901173519201e+01  2.54322194998214e+01  2.62982243663417e+01
  2.71884875234779e+01  2.81033465579415e+01  2.90431189887797e+01
  3.00081000732484e+01  3.09985605057763e+01  3.20147440041269e+01
  3.30568647864558e+01  3.41251049357381e+01  3.52196116569365e+01
  3.63404944224486e+01  3.74878220155161e+01  3.86616194665454e+01
  3.98618648941657e+01  4.10884862495526e+01  4.23413579752509e+01
  4.36202975810510e+01  4.49250621513760e+01  4.62553447861612e+01
  4.76107709966309e+01  4.89908950581135e+01  5.03951963447255e+01
  5.18230756541875e+01  5.32738515475169e+01  5.47467567180273e+01
  5.62409344192997e+01  5.77554349671367e+01  5.92892123546788e+01
  6.08411209949444e+01  6.24099126390448e+01  6.39942334878634e+01
  6.55926215477396e+01  6.72035042580361e+01  6.88251964424937e+01
  7.04558986161225e+01  7.20936957109305e+01  7.37365562482649e+01
  7.53823320324318e+01  7.70287583969848e+01  7.86734550764539e+01
  8.03139277476396e+01  8.19475703100046e+01  8.35716679513483e+01
  8.51834010768005e+01  8.67798501380337e+01  8.83580014515798e+01
  8.99147540336710e+01  9.14469275393968e+01  9.29512713364918e+01
  9.44244747854418e+01  9.58631787564060e+01  9.72639884467878e+01
  9.86234875094994e+01  9.99382535559152e+01  1.01204875014162e+02
  1.02419969398889e+02  1.03580202950182e+02  1.04682311665728e+02
  1.05723123672837e+02  1.06699582920983e+02  1.07608774114235e+02
  1.08447948832893e+02  1.09214552715177e+02  1.09906253618532e+02
  1.10520970578123e+02  1.11056903433548e+02  1.11512562903777e+02
  1.11886800917280e+02  1.12178840921636e+02  1.12388307943851e+02
  1.12515258041468e+02  1.12560206881049e+02  1.12524157026021e+02
  1.12408623596644e+02  1.12215657861359e+02  1.11947868351005e+02
  1.11608439014393e+02  1.11201143980567e+02  1.10730358394230e+02
  1.10201064888533e+02  1.09618855123258e+02  1.08989925972366e+02
  1.08321069790694e+02  1.07619658357990e+02  1.06893619995914e+02
  1.06151409491484e+02  1.05401970409698e+02  1.04654689533059e+02
  1.03919343118985e+02  1.03206034859624e+02  1.02525125411680e+02
  1.01887153544565e+02  1.01302749015312e+02  1.00782537439678e+02
  1.00337037522208e+02  9.99765512149683e+01  9.97110474436045e+01
  9.95500403036910e+01  9.95024626936910e+01  9.95765366186285e+01
  9.97796414882908e+01  1.00118181991198e+02  1.00597457192993e+02
  1.01221532785207e+02  1.01993118446385e+02  1.02913452497267e+02
  1.03982196091461e+02  1.05197339297320e+02  1.06555121471202e+02
  1.08049968364160e+02  1.09674448361077e+02  1.11419250226929e+02
  1.13273184602441e+02  1.15223211337170e+02  1.17254494562351e+02
  1.19350487069661e+02  1.21493045324900e+02  1.23662575948372e+02
  1.25838214126353e+02  1.27998033858205e+02  1.30119289383350e+02
  1.32178686528082e+02  1.34152682027529e+02  1.36017808195150e+02
  1.37751019560621e+02  1.39330057402473e+02  1.40733827278305e+02
  1.41942784050140e+02  1.42939318059400e+02  1.43708135634457e+02
  1.44236626390028e+02  1.44515209442256e+02  1.44537650216953e+02
  1.44301339394456e+02  1.43807525418914e+02  1.43061492238544e+02
  1.42072674171631e+02  1.40854700495022e+02  1.39425363049297e+02
  1.37806501280152e+02  1.36023800418099e+02  1.34106500029262e+02
  1.32087011995436e+02  1.30000448950333e+02  1.27884066393676e+02
  1.25776624092988e+02  1.23717674738007e+02  1.21746790419700e+02
  1.19902739878291e+02  1.18222631917425e+02  1.16741042549960e+02
  1.15489145426747e+02  1.14493866647375e+02  1.13777086334574e+02
  1.13354909854639e+02  1.13237031854073e+02  1.13426215469284e+02
  1.13917908013616e+02  1.14700012240970e+02  1.15752829664674e+02
  1.17049188799375e+02  1.18554767089565e+02  1.20228610383707e+02
  1.22023848504834e+02  1.23888599700636e+02  1.25767050725684e+02
  1.27600693289154e+02  1.29329691633577e+02  1.30894350473898e+02
  1.32236647529725e+02  1.33301790660889e+02  1.34039756496244e+02
  1.34406765339981e+02  1.34366646553803e+02  1.33892049347195e+02
  1.32965456201429e+02  1.31579960041885e+02  1.29739771526168e+02
  1.27460429719689e+02  1.24768697277491e+02  1.21702130586811e+02
  1.18308325067754e+02  1.14643846469832e+02  1.10772869605208e+02
  1.06765556518508e+02  1.02696216064146e+02  9.86412958827067e+01
  9.46772654090030e+01  9.08784544929078e+01  8.73149160247514e+01
  8.40503824504851e+01  8.11403849663325e+01  7.86306004474810e+01
  7.65554848048697e+01  7.49372426340741e+01  7.37851720178310e+01
  7.30954105566257e+01  7.28510946018451e+01  7.30229288488699e+01
  7.35701484198518e+01  7.44418410093535e+01  7.55785831260358e+01
  7.69143325462064e+01  7.83785093841701e+01  7.98981911345950e+01
  8.14003430893679e+01  8.28140048878184e+01  8.40723567599840e+01
  8.51145951040377e+01  8.58875561043606e+01  8.63470377090197e+01
  8.64587836988615e+01  8.61991082076177e+01  8.55551539827039e+01
  8.45247922429305e+01  8.31161854460924e+01  8.13470460413744e+01
  7.92436339167848e+01  7.68395424287427e+01  7.41743275279547e+01
  7.12920365392766e+01  6.82396927882279e+01  6.50657897497072e+01
  6.18188439795457e+01  5.85460502652052e+01  5.52920754313600e+01
  5.20980195737849e+01  4.90005654412795e+01  4.60313285836078e+01
  4.32164130620913e+01  4.05761701460194e+01  3.81251507831565e+01
  3.58722368404040e+01  3.38209313213160e+01  3.19697840736054e+01
  3.03129269218662e+01  2.88406907613091e+01  2.75402768168777e+01
  2.63964550136916e+01  2.53922640257246e+01  2.45096899909916e+01
  2.37303038772270e+01  2.30358409363685e+01  2.24087093778120e+01
  2.18324191777788e+01  2.12919256954639e+01  2.07738862990696e+01
  2.02668314851353e+01  1.97612548171523e+01  1.92496284407224e+01
  1.87263528076786e+01  1.81876506175639e+01  1.76314158017610e+01
  1.70570286788882e+01  1.64651482492461e+01  1.58574920034325e+01
  1.52366127022529e+01  1.46056803934032e+01  1.39682765795757e+01
  1.33282059890114e+01  1.26893299469593e+01  1.20554239177383e+01
  1.14300604897982e+01  1.08165179107017e+01  1.02177132992460e+01
  9.63615886862910e+00  9.07393890343500e+00  8.53270482474471e+00
  8.01368544927429e+00  7.51770947349854e+00  7.04523727077543e+00
  6.59639925358163e+00  6.17103829602716e+00  5.76875401182632e+00
  5.38894701463226e+00  5.03086163268258e+00  4.69362589027077e+00
  4.37628789187968e+00  4.07784803985950e+00  3.79728677782563e+00
  3.53358777356795e+00  3.28575663765787e+00  3.05283541592985e+00
  2.83391319897296e+00  2.62813326225980e+00  2.43469719130787e+00
  2.25286646114118e+00  2.08196193403576e+00  1.92136171742746e+00
  1.77049779048573e+00  1.62885176608650e+00  1.49595010877673e+00
  1.37135908126655e+00  1.25467964456206e+00  1.14554249142963e+00
  1.04360335119361e+00  9.48538666730891e-01  8.60041710799125e-01
  7.77819182708278e-01  7.01588301330221e-01  6.31074394047974e-01
  5.66008964947255e-01  5.06128216234831e-01  4.51171988131397e-01
  4.00883078038547e-01  3.55006896228360e-01  3.13291414067990e-01
  2.75487360451400e-01  2.41348622828130e-01  2.10632810554286e-01
  1.83101940115480e-01  1.58523204021430e-01  1.36669787605959e-01
  1.17321700765871e-01  1.00266594618071e-01  8.53005362360134e-02
  7.22287180675724e-02  6.08660822095581e-02  5.10378435021389e-02
  4.25798993009412e-02  3.53391177237376e-02  2.91735001065578e-02
  2.39522172031038e-02  1.95555222529082e-02  1.58745473393923e-02
  1.28109922970539e-02  1.02767178776273e-02  8.19325666642489e-03
  6.49125660235884e-03  5.10987256106213e-03  3.99612168019496e-03
  3.10421759780847e-03  2.39489800312006e-03  1.83475853028811e-03
  1.39560452441048e-03  1.05383037781489e-03  7.89834246604925e-04
  5.87474028102070e-04  4.33568603493342e-04  3.17446602538472e-04
  2.30543375548087e-04  1.66045505442344e-04  1.18581075240076e-04
  8.39530395151466e-05  5.89124165637666e-05  4.09676149267914e-05
  2.82260009252006e-05  1.92637781352223e-05  1.30203529909952e-05
  8.71356652599652e-06  5.77245662227396e-06  3.78454239632687e-06
  2.45497569232039e-06  1.57525885438309e-06  9.99571627545185e-07
  6.27069946788885e-07  3.88809951047862e-07  2.38206511621738e-07
  1.44157298989272e-07  8.61498242177414e-08  5.08242761424769e-08
  2.95901501095955e-08  1.69956930518833e-08  9.62715785689296e-09
  5.37617945035493e-09  2.95875033201087e-09  1.60414701600175e-09
  8.56468620772986e-10  4.50142123436671e-10  2.32794118418531e-10
  1.18416952060678e-10  5.92213861904774e-11  2.91059177031182e-11
  1.40519797030738e-11  6.66117770080529e-12  3.09898087641526e-12
  1.41427247302457e-12  6.32820303319547e-13  2.77486962241773e-13
  1.19177627997362e-13  5.01080904332560e-14  2.06134275288322e-14
  8.29219166997722e-15  3.26013351932347e-15  1.25228644109024e-15
  4.69628931294085e-16  1.71822730262151e-16  6.12922304904637e-17
  2.13149679394116e-17  7.22425069985669e-18  2.38924773767251e-18
  7.74931589065764e-19  2.41320824293676e-19  7.29662210432358e-20
  2.14052738854185e-20  6.08779099304286e-21  1.67725264808956e-21
  4.47289091126454e-22  1.15364371701127e-22  2.87529380549033e-23
  6.91901443476594e-24  1.60610034456129e-24  3.59312929354087e-25
  7.73998576356391e-26  1.60383583915644e-26  3.19379480888028e-27
  6.10584431867263e-28  1.11951377121253e-28  1.96652903299887e-29
  3.30589658692841e-30  5.31269876737493e-31  8.15239437311448e-32
  1.19314700837672e-32  1.66350318131740e-33
 (i6, f12.0, f18.0, f8.3, i6)
   731  60.0000000  0.02500000000000  78.000     1
 (3e22.14)
  7.84324087267387e-05  8.17237491597294e-05  8.51532010628001e-05
  8.87265594609425e-05  9.24498625042410e-05  9.63294016660141e-05
  1.00371732368595e-04  1.04583685054671e-04  1.08972376722857e-04
  1.13545222946946e-04  1.18309950399204e-04  1.23274609898577e-04
  1.28447590006209e-04  1.33837631190657e-04  1.39453840587446e-04
  1.45305707376737e-04  1.51403118806661e-04  1.57756376886967e-04
  1.64376215784535e-04  1.71273819945145e-04  1.78460842979175e-04
  1.85949427332737e-04  1.93752224792447e-04  2.01882417836368e-04
  2.10353741897590e-04  2.19180508541049e-04  2.28377629629917e-04
  2.37960642491079e-04  2.47945736143741e-04  2.58349778622343e-04
  2.69190345448758e-04  2.80485749291309e-04  2.92255070875728e-04
  3.04518191178205e-04  3.17295824986245e-04  3.30609555840083e-04
  3.44481872466926e-04  3.58936206714702e-04  3.73996973095344e-04
  3.89689609971769e-04  4.06040622477384e-04  4.23077627226775e-04
  4.40829398908505e-04  4.59325918815418e-04  4.78598425427126e-04
  4.98679467082070e-04  5.19602956893819e-04  5.41404229923046e-04
  5.64120102783650e-04  5.87788935713808e-04  6.12450697268027e-04
  6.38147031693676e-04  6.64921329163249e-04  6.92818798893838e-04
  7.21886545395225e-04  7.52173647835017e-04  7.83731242790810e-04
  8.16612610416991e-04  8.50873264246236e-04  8.86571044731670e-04
  9.23766216717166e-04  9.62521570963707e-04  1.00290252995379e-03
  1.04497725807656e-03  1.08881677648577e-03  1.13449508267385e-03
  1.18208927514467e-03  1.23167968320795e-03  1.28335000226910e-03
  1.33718743472389e-03  1.39328283679593e-03  1.45173087143111e-03
  1.51263016770020e-03  1.57608348670785e-03  1.64219789460077e-03
  1.71108494265497e-03  1.78286085499430e-03  1.85764672408321e-03
  1.93556871442083e-03  2.01675827470735e-03  2.10135235891671e-03
  2.18949365652738e-03  2.28133083246358e-03  2.37701877690420e-03
  2.47671886571229e-03  2.58059923150710e-03  2.68883504625087e-03
  2.80160881546447e-03  2.91911068481100e-03  3.04153875940621e-03
  3.16909943649091e-03  3.30200775189687e-03  3.44048774105829e-03
  3.58477281491320e-03  3.73510615168565e-03  3.89174110468876e-03
  4.05494162744765e-03  4.22498271621153e-03  4.40215087112220e-03
  4.58674457640314e-03  4.77907480071137e-03  4.97946551803159e-03
  5.18825425063941e-03  5.40579263411580e-03  5.63244700642048e-03
  5.86859902094177e-03  6.11464628539042e-03  6.37100302700789e-03
  6.63810078552798e-03  6.91638913479593e-03  7.20633643450438e-03
  7.50843061288197e-03  7.82317998219405e-03  8.15111408756486e-03
  8.49278459166136e-03  8.84876619528187e-03  9.21965759679223e-03
  9.60608249076256e-03  1.00086906082871e-02  1.04281588001707e-02
  1.08651921651032e-02  1.13205252242459e-02  1.17949231447459e-02
  1.22891830132943e-02  1.28041351630532e-02  1.33406445543622e-02
  1.38996122135885e-02  1.44819767302844e-02  1.50887158168948e-02
  1.57208479321728e-02  1.63794339721097e-02  1.70655790295756e-02
  1.77804342277747e-02  1.85251986273432e-02  1.93011212138168e-02
  2.01095029650593e-02  2.09516990048837e-02  2.18291208443230e-02
  2.27432387153004e-02  2.36955839996136e-02  2.46877517580276e-02
  2.57214033621348e-02  2.67982692351124e-02  2.79201517028957e-02
  2.90889279641857e-02  3.03065531791899e-02  3.15750636868501e-02
  3.28965803514755e-02  3.42733120469274e-02  3.57075592820589e-02
  3.72017179742835e-02  3.87582833757447e-02  4.03798541602484e-02
  4.20691366743368e-02  4.38289493633488e-02  4.56622273733875e-02
  4.75720273435142e-02  4.95615323881657e-02  5.16340572836337e-02
  5.37930538619028e-02  5.60421166241080e-02  5.83849885769536e-02
  6.08255673086594e-02  6.33679113030232e-02  6.60162465135661e-02
  6.87749731954264e-02  7.16486730151529e-02  7.46421164422658e-02
  7.77602704375565e-02  8.10083064467829e-02  8.43916087147206e-02
  8.79157829271755e-02  9.15866652002594e-02  9.54103314204667e-02
  9.93931069623922e-02  1.03541576781908e-01  1.07862595915868e-01
  1.12363300389459e-01  1.17051118557151e-01  1.21933782884262e-01
  1.27019342197442e-01  1.32316174403932e-01  1.37832999721152e-01
  1.43578894407025e-01  1.49563305037412e-01  1.55796063327958e-01
  1.62287401535710e-01  1.69047968452421e-01  1.76088846017216e-01
  1.83421566563730e-01  1.91058130734974e-01  1.99011026074631e-01
  2.07293246340550e-01  2.15918311535753e-01  2.24900288719104e-01
  2.34253813585018e-01  2.43994112870960e-01  2.54137027598752e-01
  2.64699037191931e-01  2.75697284489411e-01  2.87149601696859e-01
  2.99074537291027e-01  3.11491383931939e-01  3.24420207383157e-01
  3.37881876518527e-01  3.51898094395415e-01  3.66491430484869e-01
  3.81685354048227e-01  3.97504268731654e-01  4.13973548385715e-01
  4.31119574187282e-01  4.48969773044659e-01  4.67552657405140e-01
  4.86897866411725e-01  5.07036208541555e-01  5.27999705692993e-01
  5.49821638814002e-01  5.72536595084187e-01  5.96180516714319e-01
  6.20790751382191e-01  6.46406104383806e-01  6.73066892492935e-01
  7.00814999645079e-01  7.29693934390456e-01  7.59748889280313e-01
  7.91026802107607e-01  8.23576419148188e-01  8.57448360368112e-01
  8.92695186706335e-01  9.29371469387477e-01  9.67533861433080e-01
  1.00724117123433e+00  1.04855443843025e+00  1.09153701192474e+00
  1.13625463024052e+00  1.18277550412997e+00  1.23117040153792e+00
  1.28151273489654e+00  1.33387865082883e+00  1.38834712220173e+00
  1.44500004265563e+00  1.50392232346237e+00  1.56520199293514e+00
  1.62893029812624e+00  1.69520180907606e+00  1.76411452537401e+00
  1.83576998518312e+00  1.91027337655094e+00  1.98773365116317e+00
  2.06826364021285e+00  2.15198017271406e+00  2.23900419574608e+00
  2.32946089698806e+00  2.42347982909920e+00  2.52119503608230e+00
  2.62274518136600e+00  2.72827367757728e+00  2.83792881772663e+00
  2.95186390781853e+00  3.07023740044302e+00  3.19321302949077e+00
  3.32095994528887e+00  3.45365285046217e+00  3.59147213567389e+00
  3.73460401541192e+00  3.88324066312375e+00  4.03758034565081e+00
  4.19782755615338e+00  4.36419314568937e+00  4.53689445216277e+00
  4.71615542708077e+00  4.90220675864265e+00  5.09528599131689e+00
  5.29563764072108e+00  5.50351330358457e+00  5.71917176146380e+00
  5.94287907828750e+00  6.17490868970831e+00  6.41554148472899e+00
  6.66506587729977e+00  6.92377786794536e+00  7.19198109357688e+00
  7.46998686480822e+00  7.75811418914455e+00  8.05668977922796e+00
  8.36604804406659e+00  8.68653106268493e+00  9.01848853750190e+00
  9.36227772721329e+00  9.71826335586151e+00  1.00868174978851e+01
  1.04683194358394e+01  1.08631554899859e+01  1.12717188165122e+01
  1.16944091736238e+01  1.21316326513676e+01  1.25838013651365e+01
  1.30513331078338e+01  1.35346509606108e+01  1.40341828574444e+01
  1.45503611025138e+01  1.50836218359437e+01  1.56344044469786e+01
  1.62031509290198e+01  1.67903051766824e+01  1.73963122182185e+01
  1.80216173835442e+01  1.86666654017873e+01  1.93318994274302e+01
  2.00177599895899e+01  2.07246838638456e+01  2.14531028598289e+01
  2.22034425257345e+01  2.29761207617559e+01  2.37715463439855e+01
  2.45901173519201e+01  2.54322194998214e+01  2.62982243663417e+01
  2.71884875234779e+01  2.81033465579415e+01  2.90431189887797e+01
  3.00081000732484e+01  3.09985605057763e+01  3.20147440041269e+01
  3.30568647864558e+01  3.41251049357381e+01  3.52196116569365e+01
  3.63404944224486e+01  3.74878220155161e+01  3.86616194665454e+01
  3.98618648941657e+01  4.10884862495526e+01  4.23413579752509e+01
  4.36202975810510e+01  4.49250621513760e+01  4.62553447861612e+01
  4.76107709966309e+01  4.89908950581135e+01  5.03951963447255e+01
  5.18230756541875e+01  5.32738515475169e+01  5.47467567180273e+01
  5.62409344192997e+01  5.77554349671367e+01  5.92892123546788e+01
  6.08411209949444e+01  6.24099126390448e+01  6.39942334878634e+01
  6.55926215477396e+01  6.72035042580361e+01  6.88251964424937e+01
  7.04558986161225e+01  7.20936957109305e+01  7.37365562482649e+01
  7.53823320324318e+01  7.70287583969848e+01  7.86734550764539e+01
  8.03139277476396e+01  8.19475703100046e+01  8.35716679513483e+01
  8.51834010768005e+01  8.67798501380337e+01  8.83580014515798e+01
  8.99147540336710e+01  9.14469275393968e+01  9.29512713364918e+01
  9.44244747854418e+01  9.58631787564060e+01  9.72639884467878e+01
  9.86234875094994e+01  9.99382535559152e+01  1.01204875014162e+02
  1.02419969398889e+02  1.03580202950182e+02  1.04682311665728e+02
  1.05723123672837e+02  1.06699582920983e+02  1.07608774114235e+02
  1.08447948832893e+02  1.09214552715177e+02  1.09906253618532e+02
  1.10520970578123e+02  1.11056903433548e+02  1.11512562903777e+02
  1.11886800917280e+02  1.12178840921636e+02  1.12388307943851e+02
  1.12515258041468e+02  1.12560206881049e+02  1.12524157026021e+02
  1.12408623596644e+02  1.12215657861359e+02  1.11947868351005e+02
  1.11608439014393e+02  1.11201143980567e+02  1.10730358394230e+02
  1.10201064888533e+02  1.09618855123258e+02  1.08989925972366e+02
  1.08321069790694e+02  1.07619658357990e+02  1.06893619995914e+02
  1.06151409491484e+02  1.05401970409698e+02  1.04654689533059e+02
  1.03919343118985e+02  1.03206034859624e+02  1.02525125411680e+02
  1.01887153544565e+02  1.01302749015312e+02  1.00782537439678e+02
  1.00337037522208e+02  9.99765512149683e+01  9.97110474436045e+01
  9.95500403036910e+01  9.95024626936910e+01  9.95765366186285e+01
  9.97796414882908e+01  1.00118181991198e+02  1.00597457192993e+02
  1.01221532785207e+02  1.01993118446385e+02  1.02913452497267e+02
  1.03982196091461e+02  1.05197339297320e+02  1.06555121471202e+02
  1.08049968364160e+02  1.09674448361077e+02  1.11419250226929e+02
  1.13273184602441e+02  1.15223211337170e+02  1.17254494562351e+02
  1.19350487069661e+02  1.21493045324900e+02  1.23662575948372e+02
  1.25838214126353e+02  1.27998033858205e+02  1.30119289383350e+02
  1.32178686528082e+02  1.34152682027529e+02  1.36017808195150e+02
  1.37751019560621e+02  1.39330057402473e+02  1.40733827278305e+02
  1.41942784050140e+02  1.42939318059400e+02  1.43708135634457e+02
  1.44236626390028e+02  1.44515209442256e+02  1.44537650216953e+02
  1.44301339394456e+02  1.43807525418914e+02  1.43061492238544e+02
  1.42072674171631e+02  1.40854700495022e+02  1.39425363049297e+02
  1.37806501280152e+02  1.36023800418099e+02  1.34106500029262e+02
  1.32087011995436e+02  1.30000448950333e+02  1.27884066393676e+02
  1.25776624092988e+02  1.23717674738007e+02  1.21746790419700e+02
  1.19902739878291e+02  1.18222631917425e+02  1.16741042549960e+02
  1.15489145426747e+02  1.14493866647375e+02  1.13777086334574e+02
  1.13354909854639e+02  1.13237031854073e+02  1.13426215469284e+02
  1.13917908013616e+02  1.14700012240970e+02  1.15752829664674e+02
  1.17049188799375e+02  1.18554767089565e+02  1.20228610383707e+02
  1.22023848504834e+02  1.23888599700636e+02  1.25767050725684e+02
  1.27600693289154e+02  1.29329691633577e+02  1.30894350473898e+02
  1.32236647529725e+02  1.33301790660889e+02  1.34039756496244e+02
  1.34406765339981e+02  1.34366646553803e+02  1.33892049347195e+02
  1.32965456201429e+02  1.31579960041885e+02  1.29739771526168e+02
  1.27460429719689e+02  1.24768697277491e+02  1.21702130586811e+02
  1.18308325067754e+02  1.14643846469832e+02  1.10772869605208e+02
  1.06765556518508e+02  1.02696216064146e+02  9.86412958827067e+01
  9.46772654090030e+01  9.08784544929078e+01  8.73149160247514e+01
  8.40503824504851e+01  8.11403849663325e+01  7.86306004474810e+01
  7.65554848048697e+01  7.49372426340741e+01  7.37851720178310e+01
  7.30954105566257e+01  7.28510946018451e+01  7.30229288488699e+01
  7.35701484198518e+01  7.44418410093535e+01  7.55785831260358e+01
  7.69143325462064e+01  7.83785093841701e+01  7.98981911345950e+01
  8.14003430893679e+01  8.28140048878184e+01  8.40723567599840e+01
  8.51145951040377e+01  8.58875561043606e+01  8.63470377090197e+01
  8.64587836988615e+01  8.61991082076177e+01  8.55551539827039e+01
  8.45247922429305e+01  8.31161854460924e+01  8.13470460413744e+01
  7.92436339167848e+01  7.68395424287427e+01  7.41743275279547e+01
  7.12920365392766e+01  6.82396927882279e+01  6.50657897497072e+01
  6.18188439795457e+01  5.85460502652052e+01  5.52920754313600e+01
  5.20980195737849e+01  4.90005654412795e+01  4.60313285836078e+01
  4.32164130620913e+01  4.05761701460194e+01  3.81251507831565e+01
  3.58722368404040e+01  3.38209313213160e+01  3.19697840736054e+01
  3.03129269218662e+01  2.88406907613091e+01  2.75402768168777e+01
  2.63964550136916e+01  2.53922640257246e+01  2.45096899909916e+01
  2.37303038772270e+01  2.30358409363685e+01  2.24087093778120e+01
  2.18324191777788e+01  2.12919256954639e+01  2.07738862990696e+01
  2.02668314851353e+01  1.97612548171523e+01  1.92496284407224e+01
  1.87263528076786e+01  1.81876506175639e+01  1.76314158017610e+01
  1.70570286788882e+01  1.64651482492461e+01  1.58574920034325e+01
  1.52366127022529e+01  1.46056803934032e+01  1.39682765795757e+01
  1.33282059890114e+01  1.26893299469593e+01  1.20554239177383e+01
  1.14300604897982e+01  1.08165179107017e+01  1.02177132992460e+01
  9.63615886862910e+00  9.07393890343500e+00  8.53270482474471e+00
  8.01368544927429e+00  7.51770947349854e+00  7.04523727077543e+00
  6.59639925358163e+00  6.17103829602716e+00  5.76875401182632e+00
  5.38894701463226e+00  5.03086163268258e+00  4.69362589027077e+00
  4.37628789187968e+00  4.07784803985950e+00  3.79728677782563e+00
  3.53358777356795e+00  3.28575663765787e+00  3.05283541592985e+00
  2.83391319897296e+00  2.62813326225980e+00  2.43469719130787e+00
  2.25286646114118e+00  2.08196193403576e+00  1.92136171742746e+00
  1.77049779048573e+00  1.62885176608650e+00  1.49595010877673e+00
  1.37135908126655e+00  1.25467964456206e+00  1.14554249142963e+00
  1.04360335119361e+00  9.48538666730891e-01  8.60041710799125e-01
  7.77819182708278e-01  7.01588301330221e-01  6.31074394047974e-01
  5.66008964947255e-01  5.06128216234831e-01  4.51171988131397e-01
  4.00883078038547e-01  3.55006896228360e-01  3.13291414067990e-01
  2.75487360451400e-01  2.41348622828130e-01  2.10632810554286e-01
  1.83101940115480e-01  1.58523204021430e-01  1.36669787605959e-01
  1.17321700765871e-01  1.00266594618071e-01  8.53005362360134e-02
  7.22287180675724e-02  6.08660822095581e-02  5.10378435021389e-02
  4.25798993009412e-02  3.53391177237376e-02  2.91735001065578e-02
  2.39522172031038e-02  1.95555222529082e-02  1.58745473393923e-02
  1.28109922970539e-02  1.02767178776273e-02  8.19325666642489e-03
  6.49125660235884e-03  5.10987256106213e-03  3.99612168019496e-03
  3.10421759780847e-03  2.39489800312006e-03  1.83475853028811e-03
  1.39560452441048e-03  1.05383037781489e-03  7.89834246604925e-04
  5.87474028102070e-04  4.33568603493342e-04  3.17446602538472e-04
  2.30543375548087e-04  1.66045505442344e-04  1.18581075240076e-04
  8.39530395151466e-05  5.89124165637666e-05  4.09676149267914e-05
  2.82260009252006e-05  1.92637781352223e-05  1.30203529909952e-05
  8.71356652599652e-06  5.77245662227396e-06  3.78454239632687e-06
  2.45497569232039e-06  1.57525885438309e-06  9.99571627545185e-07
  6.27069946788885e-07  3.88809951047862e-07  2.38206511621738e-07
  1.44157298989272e-07  8.61498242177414e-08  5.08242761424769e-08
  2.95901501095955e-08  1.69956930518833e-08  9.62715785689296e-09
  5.37617945035493e-09  2.95875033201087e-09  1.60414701600175e-09
  8.56468620772986e-10  4.50142123436671e-10  2.32794118418531e-10
  1.18416952060678e-10  5.92213861904774e-11  2.91059177031182e-11
  1.40519797030738e-11  6.66117770080529e-12  3.09898087641526e-12
  1.41427247302457e-12  6.32820303319547e-13  2.77486962241773e-13
  1.19177627997362e-13  5.01080904332560e-14  2.06134275288322e-14
  8.29219166997722e-15  3.26013351932347e-15  1.25228644109024e-15
  4.69628931294085e-16  1.71822730262151e-16  6.12922304904637e-17
  2.13149679394116e-17  7.22425069985669e-18  2.38924773767251e-18
  7.74931589065764e-19  2.41320824293676e-19  7.29662210432358e-20
  2.14052738854185e-20  6.08779099304286e-21  1.67725264808956e-21
  4.47289091126454e-22  1.15364371701127e-22  2.87529380549033e-23
  6.91901443476594e-24  1.60610034456129e-24  3.59312929354087e-25
  7.73998576356391e-26  1.60383583915644e-26  3.19379480888028e-27
  6.10584431867263e-28  1.11951377121253e-28  1.96652903299887e-29
  3.30589658692841e-30  5.31269876737493e-31  8.15239437311448e-32
  1.19314700837672e-32  1.66350318131740e-33
 (i6, f12.0, f18.0, f8.3, i6)
   670  60.0000000  0.02500000000000  28.000     2
 (3e22.14)
  2.99785627573422e-06  3.14822239435847e-06  3.30613016966885e-06
  3.47195782587790e-06  3.64610255336458e-06  3.82898145956288e-06
  4.02103256751086e-06  4.22271586444773e-06  4.43451440296639e-06
  4.65693545735412e-06  4.89051173788764e-06  5.13580266598148e-06
  5.39339571324481e-06  5.66390780763799e-06  5.94798681010478e-06
  6.24631306518648e-06  6.55960102936013e-06  6.88860098093621e-06
  7.23410081568921e-06  7.59692793238457e-06  7.97795121286751e-06
  8.37808310127808e-06  8.79828178750214e-06  9.23955349997383e-06
  9.70295491336786e-06  1.01895956768869e-05  1.07006410692405e-05
  1.12373147865653e-05  1.18009018700825e-05  1.23927517802839e-05
  1.30142816252358e-05  1.36669795504470e-05  1.43524082986175e-05
  1.50722089476040e-05  1.58281048356225e-05  1.66219056829800e-05
  1.74555119202674e-05  1.83309192331880e-05  1.92502233350959e-05
  2.02156249782947e-05  2.12294352164674e-05  2.22940809303504e-05
  2.34121106302039e-05  2.45862005486439e-05  2.58191610385270e-05
  2.71139432910140e-05  2.84736463899823e-05  2.99015247193462e-05
  3.14009957413210e-05  3.29756481636020e-05  3.46292505156138e-05
  3.63657601535227e-05  3.81893327160834e-05  4.01043320533863e-05
  4.21153406524142e-05  4.42271705840162e-05  4.64448749976150e-05
  4.87737601905745e-05  5.12193982815851e-05  5.37876405172751e-05
  5.64846312448626e-05  5.93168225828409e-05  6.22909898256240e-05
  6.54142476180081e-05  6.86940669383456e-05  7.21382929304209e-05
  7.57551636268333e-05  7.95533296076293e-05  8.35418746419429e-05
  8.77303373600599e-05  9.21287340092996e-05  9.67475823456355e-05
  1.01597926719482e-04  1.06691364413861e-04  1.12040073298157e-04
  1.17656840862397e-04  1.23555094701606e-04  1.29748934521214e-04
  1.36253165741022e-04  1.43083334775153e-04  1.50255766073565e-04
  1.57787601011005e-04  1.65696838716639e-04  1.74002378939670e-04
  1.82724067053925e-04  1.91882741305004e-04  2.01500282415444e-04
  2.11599665660211e-04  2.22205015540201e-04  2.33341663178663e-04
  2.45036206578637e-04  2.57316573881721e-04  2.70212089778385e-04
  2.83753545224631e-04  2.97973270631504e-04  3.12905212695860e-04
  3.28585015058435e-04  3.45050102971953e-04  3.62339772185243e-04
  3.80495282245911e-04  3.99559954444847e-04  4.19579274629539e-04
  4.40601001129211e-04  4.62675278041956e-04  4.85854754153201e-04
  5.10194707757400e-04  5.35753177683946e-04  5.62591100821989e-04
  5.90772456477314e-04  6.20364417887819e-04  6.51437511258324e-04
  6.84065782680735e-04  7.18326973331768e-04  7.54302703351434e-04
  7.92078664836867e-04  8.31744824389203e-04  8.73395635699154e-04
  9.17130262645070e-04  9.63052813440776e-04  1.01127258635805e-03
  1.06190432760463e-03  1.11506850194625e-03  1.17089157670344e-03
  1.22950631977080e-03  1.29105211235762e-03  1.35567527715169e-03
  1.42352942268734e-03  1.49477580467629e-03  1.56958370516464e-03
  1.64813083035622e-03  1.73060372803394e-03  1.81719822552118e-03
  1.90811988919345e-03  2.00358450657599e-03  2.10381859214611e-03
  2.20905991796241e-03  2.31955807036203e-03  2.43557503395397e-03
  2.55738580426128e-03  2.68527903037649e-03  2.81955768910280e-03
  2.96053979207310e-03  3.10855912748504e-03  3.26396603805450e-03
  3.42712823701396e-03  3.59843166390357e-03  3.77828138213650e-03
  3.96710252029626e-03  4.16534125929205e-03  4.37346586754683e-03
  4.59196778654304e-03  4.82136276908902e-03  5.06219207288628e-03
  5.31502371193854e-03  5.58045376867251e-03  5.85910776953075e-03
  6.15164212715433e-03  6.45874565223264e-03  6.78114113836219e-03
  7.11958702332551e-03  7.47487913043781e-03  7.84785249365632e-03
  8.23938327049714e-03  8.65039074671596e-03  9.08183943724779e-03
  9.53474128768993e-03  1.00101579811962e-02  1.05092033555548e-02
  1.10330459356433e-02  1.15829115865448e-02  1.21600862929758e-02
  1.27659190707260e-02  1.34018250163698e-02  1.40692885013166e-02
  1.47698665171489e-02  1.55051921787894e-02  1.62769783929896e-02
  1.70870216994179e-02  1.79372062922938e-02  1.88295082306058e-02
  1.97659998455262e-02  2.07488543536480e-02  2.17803506855597e-02
  2.28628785388746e-02  2.39989436662567e-02  2.51911734082081e-02
  2.64423224819219e-02  2.77552790370441e-02  2.91330709902316e-02
  3.05788726504442e-02  3.20960116477829e-02  3.36879761785822e-02
  3.53584225808718e-02  3.71111832534884e-02  3.89502749344370e-02
  4.08799073525921e-02  4.29044922693281e-02  4.50286529256849e-02
  4.72572339122933e-02  4.95953114791687e-02  5.20482043037790e-02
  5.46214847353807e-02  5.73209905358173e-02  6.01528371352605e-02
  6.31234304251287e-02  6.62394801075032e-02  6.95080136243873e-02
  7.29363906881227e-02  7.65323184367358e-02  8.03038672374137e-02
  8.42594871631750e-02  8.84080251666627e-02  9.27587429783795e-02
  9.73213357532191e-02  1.02105951495213e-01  1.07123211284774e-01
  1.12384230339211e-01  1.17900639933131e-01  1.23684610209018e-01
  1.29748873906614e-01  1.36106751042302e-01  1.42772174566919e-01
  1.49759717035429e-01  1.57084618316036e-01  1.64762814373243e-01
  1.72810967153281e-01  1.81246495605254e-01  1.90087607867189e-01
  1.99353334650793e-01  2.09063563851030e-01  2.19239076417282e-01
  2.29901583507646e-01  2.41073764963322e-01  2.52779309124205e-01
  2.65042954017089e-01  2.77890529939031e-01  2.91349003461775e-01
  3.05446522876402e-01  3.20212465102371e-01  3.35677484071631e-01
  3.51873560612127e-01  3.68834053829987e-01  3.86593754011264e-01
  4.05188937036308e-01  4.24657420314512e-01  4.45038620229509e-01
  4.66373611088314e-01  4.88705185553285e-01  5.12077916542155e-01
  5.36538220554416e-01  5.62134422404102e-01  5.88916821291183e-01
  6.16937758179517e-01  6.46251684396547e-01  6.76915231393007e-01
  7.08987281566158e-01  7.42529040053042e-01  7.77604107370659e-01
  8.14278552788325e-01  8.52620988265722e-01  8.92702642825915e-01
  9.34597437143748e-01  9.78382058190691e-01  1.02413603367971e+00
  1.07194180609195e+00  1.12188480600192e+00  1.17405352442040e+00
  1.22853958381889e+00  1.28543780751191e+00  1.34484628697903e+00
  1.40686644677059e+00  1.47160310648129e+00  1.53916453938298e+00
  1.60966252713395e+00  1.68321241005081e+00  1.75993313231167e+00
  1.83994728147222e+00  1.92338112156849e+00  2.01036461912152e+00
  2.10103146118187e+00  2.19551906467514e+00  2.29396857603729e+00
  2.39652486031697e+00  2.50333647863276e+00  2.61455565301732e+00
  2.73033821743546e+00  2.85084355392454e+00  2.97623451243965e+00
  3.10667731331657e+00  3.24234143077625e+00  3.38339945622739e+00
  3.53002693974105e+00  3.68240220829362e+00  3.84070615898524e+00
  4.00512202584411e+00  4.17583511818943e+00  4.35303252910319e+00
  4.53690281196084e+00  4.72763562335717e+00  4.92542133038983e+00
  5.13045058063034e+00  5.34291383250673e+00  5.56300084468951e+00
  5.79090012193956e+00  6.02679831614802e+00  6.27087958017887e+00
  6.52332487306086e+00  6.78431121454446e+00  7.05401088755729e+00
  7.33259058673812e+00  7.62021051201401e+00  7.91702340541881e+00
  8.22317353078532e+00  8.53879559461231e+00  8.86401360836267e+00
  9.19893969111841e+00  9.54367281323585e+00  9.89829748073326e+00
  1.02628823620787e+01  1.06374788573501e+01  1.10221196132227e+01
  1.14168169841170e+01  1.18215614443583e+01  1.22363199533406e+01
  1.26610342791109e+01  1.30956192847314e+01  1.35399611839221e+01
  1.39939157720236e+01  1.44573066411865e+01  1.49299233869168e+01
  1.54115198179775e+01  1.59018121780524e+01  1.64004773938084e+01
  1.69071513605879e+01  1.74214272819099e+01  1.79428540771367e+01
  1.84709348765294e+01  1.90051256190699e+01  1.95448337771867e+01
  2.00894172243222e+01  2.06381832729526e+01  2.11903879023636e+01
  2.17452352042497e+01  2.23018770692555e+01  2.28594131449136e+01
  2.34168910874786e+01  2.39733071433553e+01  2.45276070804646e+01
  2.50786875073241e+01  2.56253976020045e+01  2.61665412848550e+01
  2.67008798603387e+01  2.72271351575788e+01  2.77439931930406e+01
  2.82501083832830e+01  2.87441083245385e+01  2.92245991651601e+01
  2.96901715772207e+01  3.01394073513076e+01  3.05708866072391e+01
  3.09831956371115e+01  3.13749353643131e+01  3.17447304171366e+01
  3.20912387928172e+01  3.24131620912460e+01  3.27092562787559e+01
  3.29783429446667e+01  3.32193209893154e+01  3.34311786898124e+01
  3.36130060552364e+01  3.37640074028090e+01  3.38835140373189e+01
  3.39709969441363e+01  3.40260793590287e+01  3.40485490932634e+01
  3.40383704618594e+01  3.39956956697906e+01  3.39208754786135e+01
  3.38144689976337e+01  3.36772523984462e+01  3.35102263847625e+01
  3.33146222111149e+01  3.30919060664997e+01  3.28437816219628e+01
  3.25721905599783e+01  3.22793108876157e+01  3.19675528756978e+01
  3.16395524363832e+01  3.12981618184002e+01  3.09464374662041e+01
  3.05876249594004e+01  3.02251409410902e+01  2.98625520027225e+01
  2.95035505005921e+01  2.91519273558586e+01  2.88115418815749e+01
  2.84862887876613e+01  2.81800625000484e+01  2.78967190351431e+01
  2.76400356840096e+01  2.74136688373567e+01  2.72211103223232e+01
  2.70656426819798e+01  2.69502938757472e+01  2.68777919229920e+01
  2.68505200656007e+01  2.68704730537483e+01  2.69392151982328e+01
  2.70578408576504e+01  2.72269380447655e+01  2.74465558473370e+01
  2.77161763548775e+01  2.80346917747039e+01  2.84003873889273e+01
  2.88109309802504e+01  2.92633692884456e+01  2.97541320178820e+01
  3.02790438200117e+01  3.08333446074345e+01  3.14117184381773e+01
  3.20083311135275e+01  3.26168764924757e+01  3.32306314179220e+01
  3.38425189823380e+01  3.44451797432892e+01  3.50310503305230e+01
  3.55924487451753e+01  3.61216655021509e+01  3.66110596204999e+01
  3.70531583237097e+01  3.74407591936922e+01  3.77670333878435e+01
  3.80256284451515e+01  3.82107691072578e+01  3.83173545265999e+01
  3.83410501887211e+01  3.82783728640115e+01  3.81267669095714e+01
  3.78846703008627e+01  3.75515688185240e+01  3.71280369613024e+01
  3.66157642484072e+01  3.60175657930150e+01  3.53373761970126e+01
  3.45802260814645e+01  3.37522008125678e+01  3.28603813055380e+01
  3.19127670711453e+01  3.09181820565993e+01  2.98861641324731e+01
  2.88268394924786e+01  2.77507835486398e+01  2.66688702901994e+01
  2.55921123916903e+01  2.45314946709120e+01  2.34978037583165e+01
  2.25014570710597e+01  2.15523343207800e+01  2.06596149004007e+01
  1.98316244782386e+01  1.90756940754372e+01  1.83980347299661e+01
  1.78036306082565e+01  1.72961530961820e+01  1.68778979881406e+01
  1.65497474348206e+01  1.63111577660878e+01  1.61601737632528e+01
  1.60934693531461e+01  1.61064141094171e+01  1.61931643526877e+01
  1.63467770704167e+01  1.65593443333628e+01  1.68221453885887e+01
  1.71258131665758e+01  1.74605115702784e+01  1.78161196300819e+01
  1.81824184228704e+01  1.85492765783385e+01  1.89068302381122e+01
  1.92456534948207e+01  1.95569156213541e+01  1.98325217895507e+01
  2.00652344708382e+01  2.02487732784987e+01  2.03778916442900e+01
  2.04484293857313e+01  2.04573408978161e+01  2.04026993650828e+01
  2.02836780131014e+01  2.01005099842989e+01  1.98544289102811e+01
  1.95475926505783e+01  1.91829929660681e+01  1.87643540897461e+01
  1.82960232502281e+01  1.77828561951116e+01  1.72301006654213e+01
  1.66432805968481e+01  1.60280835789039e+01  1.53902538124788e+01
  1.47354924722080e+01  1.40693670291452e+01  1.33972307255824e+01
  1.27241530359714e+01  1.20548616024521e+01  1.13936958133113e+01
  1.07445718976341e+01  1.01109591544423e+01  9.49586671428053e+00
  8.90184004775870e+00  8.33096629916976e+00  7.78488741536352e+00
  7.26481997755178e+00  6.77158060935212e+00  6.30561583292704e+00
  5.86703527118935e+00  5.45564714158039e+00  5.07099505682248e+00
  4.71239523083102e+00  4.37897328497747e+00  4.06969995359627e+00
  3.78342509716293e+00  3.51890954191818e+00  3.27485437458191e+00
  3.04992742475413e+00  2.84278676936463e+00  2.65210118053733e+00
  2.47656752302361e+00  2.31492517565143e+00  2.16596761068071e+00
  2.02855131334474e+00  1.90160225848831e+00  1.78412018724052e+00
  1.67518094110242e+00  1.57393711608028e+00  1.47961729768129e+00
  1.39152412753267e+00  1.30903143836831e+00  1.23158067477605e+00
  1.15867679570732e+00  1.08988383116221e+00  1.02482024153583e+00
  9.63154204121528e-01  9.04598928663852e-01  8.48908082315236e-01
  7.95871385346906e-01  7.45310421746924e-01  6.97074694445718e-01
  6.51037942672183e-01  6.07094729313965e-01  5.65157298587362e-01
  5.25152698932215e-01  4.87020162280257e-01  4.50708728717249e-01
  4.16175104490056e-01  3.83381741285697e-01  3.52295125214155e-01
  3.22884264960443e-01  2.95119369559593e-01  2.68970707578200e-01
  2.44407640255544e-01  2.21397822019105e-01  1.99906562108672e-01
  1.79896341050438e-01  1.61326475444887e-01  1.44152923761651e-01
  1.28328224973681e-01  1.13801560554917e-01  1.00518929203704e-01
  8.84234221516820e-02  7.74555857686914e-02  6.75538569386221e-02
  5.86550558433517e-02  5.06949201657765e-02  4.36086645252853e-02
  3.73315491148496e-02  3.17994421228919e-02  2.69493615125268e-02
  2.27199831362872e-02  1.90521038760345e-02  1.58890505082997e-02
  1.31770271760243e-02  1.08653966571877e-02  8.90689293038613e-03
  7.25776479057771e-03  5.87785235539545e-03  4.73060017264445e-03
  3.78301221674541e-03  3.00555531853088e-03  2.37201847217147e-03
  1.85933601018845e-03  1.44738283492700e-03  1.11874977616016e-03
  8.58506744977999e-04  6.53960725542290e-04  4.94414841326370e-04
  3.70933811087967e-04  2.76120123364257e-04  2.03904264298871e-04
  1.49351368101688e-04  1.08485772756079e-04  7.81341614661026e-05
  5.57873006735860e-05  3.94798242065357e-05  2.76870864163172e-05
  1.92378078006355e-05  1.32410218501567e-05  9.02575398615626e-06
  6.09181973731066e-06  4.07018907044902e-06  2.69144424235856e-06
  1.76098429384460e-06  1.13977093607917e-06  7.29559923898576e-07
  4.61712350810804e-07  2.88822752911508e-07  1.78533370692162e-07
  1.09021063028603e-07  6.57469775743929e-08  3.91455826269928e-08
  2.30035713153557e-08  1.33374343929499e-08  7.62729566542367e-09
  4.30070533708780e-09  2.39018081261236e-09  1.30881985085723e-09
  7.05891262058968e-10  3.74818462218378e-10  1.95874594019338e-10
  1.00696882556327e-10  5.09049473399934e-11  2.52951390317913e-11
  1.23498178673225e-11  5.92156770197374e-12  2.78719246196119e-12
  1.28720537524690e-12  5.83002933841885e-13  2.58834343481773e-13
  1.12585521834009e-13  4.79542641398603e-14  1.99906276761642e-14
  8.15169379187379e-15  3.24966140059076e-15  1.26582248017170e-15
  4.81640983134917e-16  1.78866197185778e-16  6.47895171866120e-17
  2.28762065791088e-17  7.86854363678770e-18  2.63486385045452e-18
  8.58440138522259e-19  2.71789789061715e-19  8.36089081672481e-20
  2.49674326778770e-20  7.23227543190593e-21  2.03060661220279e-21
  5.52189947235486e-22  1.45317207557830e-22  3.69791697733658e-23
  9.09172133460196e-24  2.15780702708073e-24  4.93942654873951e-25
  1.08955430597219e-25  2.31383044187033e-26  4.72625433505330e-27
  9.27659782161857e-28  1.74791382547959e-28  3.15845539779165e-29
  5.46772632503809e-30
  8.57961410427236e-25  9.78774144905159e-25  1.11659446390660e-24
  1.27381588436570e-24  1.45316864773161e-24  1.65776706980473e-24
  1.89116354536354e-24  2.15741014227810e-24  2.46112885099420e-24
  2.80759170481419e-24  3.20281215703471e-24  3.65364929532970e-24
  4.16792669558399e-24  4.75456797009110e-24  5.42375135326384e-24
  6.18708599655182e-24  7.05781301886146e-24  8.05103478583490e-24
  9.18397637817175e-24  1.04762837642517e-23  1.19503638249096e-23
  1.36317720996192e-23  1.55496549453522e-23  1.77372537367112e-23
  2.02324798041465e-23  2.30785700247530e-23  2.63248343681409e-23
  3.00275082817140e-23  3.42507246028735e-23  3.90676217405168e-23
  4.45616072103702e-23  5.08277982777134e-23  5.79746645032104e-23
  6.61259004535468e-23  7.54225607895990e-23  8.60254944456126e-23
  9.81181197428835e-23  1.11909588125866e-22  1.27638390868452e-22
  1.45576470685761e-22  1.66033908832465e-22  1.89364268117363e-22
  2.15970683485799e-22  2.46312804604083e-22  2.80914709442783e-22
  3.20373924443852e-22  3.65371705752445e-22  4.16684757516129e-22
  4.75198587769813e-22  5.41922730342354e-22  6.18008093021795e-22
  7.04766728425659e-22  8.03694365263707e-22  9.16496084638617e-22
  1.04511557950293e-21  1.19176849627305e-21  1.35898042692538e-21
  1.54963019881406e-21  1.76699919931009e-21  2.01482757462697e-21
  2.29737825864394e-21  2.61950992005094e-21  2.98676006698711e-21
  3.40543972001373e-21  3.88274125964653e-21  4.42686127698605e-21
  5.04714050900854e-21  5.75422322791376e-21  6.56023878147894e-21
  7.47900835396833e-21  8.52628044104672e-21  9.71999901433822e-21
  1.10806088997159e-20  1.26314035172446e-20  1.43989208400510e-20
  1.64133942362463e-20  1.87092657752609e-20  2.13257706230678e-20
  2.43076023365327e-20  2.77056702152279e-20  3.15779614013216e-20
  3.59905221599900e-20  4.10185747520255e-20  4.67477885600194e-20
  5.32757266853240e-20  6.07134921372995e-20  6.91876010356432e-20
  7.88421139945279e-20  8.98410611144261e-20  1.02371200842217e-19
  1.16645158451156e-19  1.32904996125973e-19  1.51426273717654e-19
  1.72522667267058e-19  1.96551221518293e-19  2.23918322994620e-19
  2.55086491957720e-19  2.90582104901127e-19  3.31004174352965e-19
  3.77034329918950e-19  4.29448163957062e-19  4.89128127344394e-19
  5.57078185822940e-19  6.34440475784220e-19  7.22514230520834e-19
  8.22777284429153e-19  9.36910503970975e-19  1.06682554102033e-18
  1.21469635727047e-18  1.38299502846803e-18  1.57453240530246e-18
  1.79250428485462e-18  2.04054383377866e-18  2.32278110318708e-18
  2.64391058703450e-18  3.00926790234659e-18  3.42491681283668e-18
  3.89774797944400e-18  4.43559100455980e-18  5.04734154392520e-18
  5.74310549447351e-18  6.53436253125982e-18  7.43415156598145e-18
  8.45728103788772e-18  9.62056733009289e-18  1.09431050360466e-17
  1.24465732885318e-17  1.41555829141058e-17  1.60980697974875e-17
  1.83057405418708e-17  2.08145773028072e-17  2.36654095663842e-17
  2.69045616498173e-17  3.05845858385823e-17  3.47650923550785e-17
  3.95136887974656e-17  4.49070433144637e-17  5.10320876149018e-17
  5.79873779758591e-17  6.58846347385609e-17  7.48504833995084e-17
  8.50284233513487e-17  9.65810536449023e-17  1.09692588874851e-16
  1.24571702489571e-16  1.41454739545031e-16  1.60609346229940e-16
  1.82338569453781e-16  2.06985486492049e-16  2.34938432213350e-16
  2.66636899869711e-16  3.02578200929643e-16  3.43324980091619e-16
  3.89513693584326e-16  4.41864172280221e-16  5.01190406212226e-16
  5.68412703968471e-16  6.44571399376295e-16  7.30842299108342e-16
  8.28554088629572e-16  9.39207940542614e-16  1.06449959924140e-15
  1.20634424918645e-15  1.36690451153912e-15  1.54862195574648e-15
  1.75425255952600e-15  1.98690660309582e-15  2.25009354211634e-15
  2.54777246931655e-15  2.88440884806571e-15  3.26503828296652e-15
  3.69533818405976e-15  4.18170828335726e-15  4.73136107656818e-15
  5.35242339020570e-15  6.05405041660541e-15  6.84655371790657e-15
  7.74154487736201e-15  8.75209667369426e-15  9.89292387469179e-15
  1.11805859918506e-14  1.26337146118664e-14  1.42732682259562e-14
  1.61228178185437e-14  1.82088668554998e-14  2.05612097351377e-14
  2.32133332348991e-14  2.62028660112149e-14  2.95720817929066e-14
  3.33684625582977e-14  3.76453287085876e-14  4.24625440555459e-14
  4.78873043353322e-14  5.39950189583588e-14  6.08702968113254e-14
  6.86080481618108e-14  7.73147160860620e-14  8.71096523654990e-14
  9.81266544936466e-14  1.10515682318599e-13  1.24444774946352e-13
  1.40102190853085e-13  1.57698796755162e-13  1.77470733653204e-13
  1.99682391676927e-13  2.24629728908012e-13  2.52643973312277e-13
  2.84095751309733e-13  3.19399691384309e-13  3.59019556572566e-13
  4.03473965686811e-13  4.53342769839448e-13  5.09274158273240e-13
  5.71992575781816e-13  6.42307543194491e-13  7.21123482630803e-13
  8.09450660566159e-13  9.08417374411772e-13  1.01928352229501e-12
  1.14345571138067e-12  1.28250407736710e-12  1.43818100710773e-12
  1.61244197772247e-12  1.80746874943926e-12  2.02569517586353e-12
  2.26983592496514e-12  2.54291843676875e-12  2.84831848036613e-12
  3.18979971341398e-12  3.57155769255885e-12  3.99826883358152e-12
  4.47514487608521e-12  5.00799347011724e-12  5.60328557143301e-12
  6.26823041007727e-12  7.01085888274481e-12  7.84011631639863e-12
  8.76596565745305e-12  9.79950226106018e-12  1.09530815885306e-11
  1.22404612703787e-11  1.36769591587970e-11  1.52796291800262e-11
  1.70674570044670e-11  1.90615777853897e-11  2.12855184767230e-11
  2.37654675313225e-11  2.65305751065078e-11  2.96132872679705e-11
  3.30497180911670e-11  3.68800640165971e-11  4.11490653276051e-11
  4.59065201948453e-11  5.12078573749993e-11  5.71147743778109e-11
  6.36959487251959e-11  7.10278308435859e-11  7.91955281544301e-11
  8.82937910853973e-11  9.84281130235105e-11  1.09715957696388e-10
  1.22288129114842e-10  1.36290301071657e-10  1.51884725283184e-10
  1.69252139628922e-10  1.88593900610412e-10  2.10134367167672e-10
  2.34123566396187e-10  2.60840175562272e-10  2.90594859166374e-10
  3.23734004742696e-10  3.60643906658351e-10  4.01755453509563e-10
  4.47549381876620e-10  4.98562167333035e-10  5.55392632829954e-10
  6.18709365047735e-10  6.89259041195460e-10  7.67875782257811e-10
  8.55491664030906e-10  9.53148534764485e-10  1.06201130808101e-09
  1.18338292244724e-09  1.31872118421544e-09  1.46965774055125e-09
  1.63801946195755e-09  1.82585255215332e-09  2.03544974646703e-09
  2.26938100933533e-09  2.53052819800446e-09  2.82212422381456e-09
  3.14779731608796e-09  3.51162107739913e-09  3.91817111492445e-09
  4.37258914192856e-09  4.88065556850691e-09  5.44887174336483e-09
  6.08455317199603e-09  6.79593522234906e-09  7.59229304360237e-09
  8.48407766560152e-09  9.48307052696850e-09  1.06025589970291e-08
  1.18575358217755e-08  1.32649258398952e-08  1.48438437925623e-08
  1.66158875922959e-08  1.86054720433564e-08  2.08402087129071e-08
  2.33513384709107e-08  2.61742241443990e-08  2.93489117967287e-08
  3.29207703594910e-08  3.69412207317077e-08  4.14685670571825e-08
  4.65689446917362e-08  5.23174014663704e-08  5.87991311988825e-08
  6.61108811302222e-08  7.43625580387907e-08  8.36790613220976e-08
  9.42023753382438e-08  1.06093957934339e-07  1.19537467256752e-07
  1.34741874993175e-07  1.51945020924113e-07  1.71417671473274e-07
  1.93468153758101e-07  2.18447646702932e-07  2.46756222248968e-07
  2.78849742668894e-07  3.15247734954682e-07  3.56542379845931e-07
  4.03408772547977e-07  4.56616633586033e-07  5.17043673198360e-07
  5.85690840523898e-07  6.63699720694204e-07  7.52372378784734e-07
  8.53193990507408e-07  9.67858645962123e-07  1.09829876360539e-06
  1.24671861313442e-06  1.41563251028015e-06  1.60790832148013e-06
  1.82681700708724e-06  2.07608901505429e-06  2.35997846279110e-06
  2.68333614571076e-06  3.05169256748680e-06  3.47135232368606e-06
  3.94950135309608e-06  4.49432876227130e-06  5.11516513630050e-06
  5.82263950876129e-06  6.62885741054821e-06  7.54760274562573e-06
  8.59456654976912e-06  9.78760609750077e-06  1.11470381975019e-05
  1.26959710323654e-05  1.44606793544585e-05  1.64710284851007e-05
  1.87609531197892e-05  2.13689977303882e-05  2.43389260159236e-05
  2.77204078146771e-05  3.15697927229919e-05  3.59509807245238e-05
  4.09364013090517e-05  4.66081136156924e-05  5.30590416968332e-05
  6.03943601932762e-05  6.87330475022030e-05  7.82096250261032e-05
  8.89761031236054e-05  1.01204156022505e-04  1.15087550560687e-04
  1.30844855236814e-04  1.48722459075814e-04  1.68997931833535e-04
  1.91983760115759e-04  2.18031496294151e-04  2.47536361002163e-04
  2.80942341175270e-04  3.18747831391390e-04  3.61511866283238e-04
  4.09860997855716e-04  4.64496872676354e-04  5.26204568040977e-04
  5.95861748738991e-04  6.74448709300509e-04  7.63059368325339e-04
  8.62913284907553e-04  9.75368767379413e-04  1.10193714691885e-03
  1.24429828873858e-03  1.40431741228730e-03  1.58406329168444e-03
  1.78582790484439e-03  2.01214759287547e-03  2.26582579181545e-03
  2.54995738313659e-03  2.86795470718140e-03  3.22357526782110e-03
  3.62095114183356e-03  4.06462009208603e-03  4.55955836163792e-03
  5.11121509900983e-03  5.72554834543419e-03  6.40906247420002e-03
  7.16884694307215e-03  8.01261618356493e-03  8.94875039524977e-03
  9.98633697944372e-03  1.11352122862105e-02  1.24060032797095e-02
  1.38101686991332e-02  1.53600391708495e-02  1.70688557112396e-02
  1.89508059508874e-02  2.10210573292649e-02  2.32957864607021e-02
  2.57922037388767e-02  2.85285722155902e-02  3.15242196283796e-02
  3.47995425157536e-02  3.83760010125036e-02  4.22761032216666e-02
  4.65233775648923e-02  5.11423318393977e-02  5.61583974005326e-02
  6.15978569910308e-02  6.74877546980251e-02  7.38557865324310e-02
  8.07301702022862e-02  8.81394926492212e-02  9.61125341881141e-02
  1.04678068049207e-01  1.13864634534180e-01  1.23700289105926e-01
  1.34212324073004e-01  1.45426964044907e-01  1.57369035402053e-01
  1.70061611029995e-01  1.83525631530786e-01  1.97779505112015e-01
  2.12838688833090e-01  2.28715254388479e-01  2.45417442540512e-01
  2.62949210683668e-01  2.81309778792692e-01  3.00493179586588e-01
  3.20487819136578e-01  3.41276054815709e-01  3.62833797633509e-01
  3.85130146482326e-01  4.08127062036273e-01  4.31779088185042e-01
  4.56033129272484e-01  4.80828291445530e-01  5.06095796928280e-01
  5.31758980048638e-01  5.57733374331540e-01  5.83926899799761e-01
  6.10240159470238e-01  6.36566853238411e-01  6.62794315850062e-01
  6.88804183590125e-01  7.14473191422900e-01  7.39674098756070e-01
  7.64276738207768e-01  7.88149177432825e-01  8.11158980060562e-01
  8.33174547834963e-01  8.54066522287744e-01  8.73709221846502e-01
  8.91982087136670e-01  9.08771106648251e-01  9.23970193434287e-01
  9.37482484391422e-01  9.49221534461606e-01  9.59112380347211e-01
  9.67092451186721e-01  9.73112307267308e-01  9.77136192106997e-01
  9.79142387909023e-01  9.79123369308854e-01  9.77085755387743e-01
  9.73050064772785e-01  9.67050283322871e-01  9.59133258003988e-01
  9.49357934216346e-01  9.37794456684398e-01  9.24523156248756e-01
  9.09633446218975e-01  8.93222652618779e-01  8.75394802446861e-01
  8.56259393332432e-01  8.35930166476647e-01  8.14523902941897e-01
  7.92159260995602e-01  7.68955669741957e-01  7.45032291514638e-01
  7.20507062844879e-01  6.95495821066719e-01  6.70111521212788e-01
  6.44463545198847e-01  6.18657104235375e-01  5.92792731320344e-01
  5.66965862958428e-01  5.41266503194267e-01  5.15778967505982e-01
  4.90581698394155e-01  4.65747148220532e-01  4.41341722004157e-01
  4.17425774175113e-01  3.94053653203379e-01  3.71273787916546e-01
  3.49128810176348e-01  3.27655708555713e-01  3.06886008285769e-01
  2.86845973139619e-01  2.67556825264631e-01  2.49034979536068e-01
  2.31292289136380e-01  2.14336299883205e-01  1.98170510499175e-01
  1.82794637029816e-01  1.68204879258704e-01  1.54394187573075e-01
  1.41352528751598e-01  1.29067149294421e-01  1.17522835095298e-01
  1.06702166308726e-01  9.65857663567790e-02  8.71525441357904e-02
  7.83799285047931e-02  7.02440942809970e-02  6.27201790031962e-02
  5.57824898554097e-02  4.94047002173683e-02  4.35600354271427e-02
  3.82214474329685e-02  3.33617781254872e-02  2.89539112268273e-02
  2.49709127193893e-02  2.13861598663599e-02  1.81734589640243e-02
  1.53071520183412e-02  1.27622126015000e-02  1.05143311793502e-02
  8.53999024036950e-03  6.81652957448267e-03  5.32220207077824e-03
  4.03622040620340e-03  2.93879500343962e-03  2.01116362186657e-03
  1.23561299005045e-03  5.95492773982159e-04  7.52222587209195e-05
 -3.39709844169249e-04 -6.62752222102957e-04 -9.06304006516478e-04
 -1.08173370893432e-03 -1.19940368338945e-03 -1.26869973617461e-03
 -1.29806548309704e-03 -1.29504102775229e-03 -1.26630550433070e-03
 -1.21772299745189e-03 -1.15439131963510e-03 -1.08069309556790e-03
 -1.00034857985251e-03 -9.16469610586797e-04 -8.31614093524304e-04
 -7.47840408183599e-04 -6.66761135951741e-04 -5.89595533782707e-04
 -5.17220210116232e-04 -4.50217505963952e-04 -3.88921141775321e-04
 -3.33458757624564e-04 -2.83791049261567e-04 -2.39747282551786e-04
 -2.01057051697446e-04 -1.67378229062395e-04 -1.38321134064986e-04
 -1.13469022479370e-04 -9.23950636138678e-05 -7.46760290806455e-05
 -5.99029621122246e-05 -4.76891296296393e-05 -3.76755804814352e-05
 -2.95346426426553e-05 -2.29716906591488e-05 -1.77255033712323e-05
 -1.35675126184671e-05 -1.03002178873971e-05 -7.75501163440020e-06
 -5.78962697326072e-06 -4.28538557296319e-06 -3.14438980844429e-06
 -2.28677174495375e-06 -1.64808203281388e-06 -1.17687615777033e-06
 -8.32533531928583e-07 -5.83326199253048e-07 -4.04740254412147e-07
 -2.78041386036935e-07 -1.89068902641212e-07 -1.27237274242397e-07
 -8.47216939310203e-08 -5.58032837813536e-08 -3.63500429503205e-08
 -2.34110921180834e-08 -1.49038270554582e-08 -9.37599557603387e-09
 -5.82721062372403e-09 -3.57687928298368e-09 -2.16780704899446e-09
 -1.29681678841405e-09 -7.65495721227990e-10 -4.45732602952445e-10
 -2.55934691097800e-10 -1.44864541562480e-10 -8.08009588629274e-11
 -4.43962415187139e-11 -2.40201329283669e-11 -1.27925406037667e-11
 -6.70352743179907e-12 -3.45498748552604e-12 -1.75073097430741e-12
 -8.71849899012090e-13 -4.26506775538106e-13 -2.04870738757407e-13
 -9.65843601759461e-14 -4.46688451420505e-14 -2.02566159975976e-14
 -9.00287527330664e-15 -3.91949767767720e-15 -1.67067480847744e-15
 -6.96843781197588e-16 -2.84262021944429e-16 -1.13343482423210e-16
 -4.41538332959466e-17 -1.68029553246487e-17 -6.23995001218272e-18
 -2.25991841372951e-18 -7.97724997730226e-19 -2.74342327056285e-19
 -9.19174512388217e-20 -3.00366807709475e-20 -9.55523551396466e-21
 -2.95198367692259e-21 -8.85024291484004e-22 -2.57301631327366e-22
 -7.24844833320523e-23 -1.97707510001120e-23 -5.21709232489775e-24
 -1.33077208694489e-24 -3.27855082103042e-25 -7.79447676706540e-26
 -1.78662237999992e-26 -3.94478407103197e-27 -8.38208333024047e-28
 -1.71238743491075e-28 -3.36004914230608e-29 -6.32621399711267e-30
 -1.14168557003431e-30
 (i6, f12.0, f18.0, f8.3, i6)
   665  60.0000000  0.02500000000000  26.000     2
 (3e22.14)
  2.89367842428714e-06  3.03926416341951e-06  3.19217416628568e-06
  3.35277687848568e-06  3.52145927786895e-06  3.69862780649874e-06
  3.88470934947015e-06  4.08015226293617e-06  4.28542745381438e-06
  4.50102951377106e-06  4.72747791021135e-06  4.96531823713587e-06
  5.21512352887794e-06  5.47749563987142e-06  5.75306669378044e-06
  6.04250060545370e-06  6.34649467939541e-06  6.66578128854441e-06
  7.00112963747632e-06  7.35334761415058e-06  7.72328373479965e-06
  8.11182918648184e-06  8.51991997233653e-06  8.94853916460498e-06
  9.39871927088598e-06  9.87154471926991e-06  1.03681544683751e-05
  1.08897447484716e-05  1.14375719403965e-05  1.20129555990295e-05
  1.26172816287350e-05  1.32520056182756e-05  1.39186563432940e-05
  1.46188394446868e-05  1.53542412918217e-05  1.61266330396784e-05
  1.69378748899263e-05  1.77899205658273e-05  1.86848220120418e-05
  1.96247343303300e-05  2.06119209631832e-05  2.16487591377027e-05
  2.27377455828672e-05  2.38815025337882e-05  2.50827840375235e-05
  2.63444825752985e-05  2.76696360173956e-05  2.90614349268920e-05
  3.05232302302587e-05  3.20585412727593e-05  3.36710642782588e-05
  3.53646812335115e-05  3.71434692183512e-05  3.90117102039334e-05
  4.09739013427839e-05  4.30347657748303e-05  4.51992639759297e-05
  4.74726056752249e-05  4.98602623706980e-05  5.23679804721152e-05
  5.50017951033215e-05  5.77680445965543e-05  6.06733857136724e-05
  6.37248096303553e-05  6.69296587219651e-05  7.02956441904024e-05
  7.38308645751566e-05  7.75438251913613e-05  8.14434585427040e-05
  8.55391457566581e-05  8.98407390940683e-05  9.43585855862279e-05
  9.91035518562316e-05  1.04087050183236e-04  1.09321065872593e-04
  1.14818185995773e-04  1.20591629570392e-04  1.26655279249879e-04
  1.33023714600637e-04  1.39712247043816e-04  1.46736956546283e-04
  1.54114730147140e-04  1.61863302412066e-04  1.70001297910706e-04
  1.78548275819449e-04  1.87524776753454e-04  1.96952371941611e-04
  2.06853714858564e-04  2.17252595438397e-04  2.28173996996902e-04
  2.39644155998825e-04  2.51690624809585e-04  2.64342337583323e-04
  2.77629679438502e-04  2.91584559090468e-04  3.06240485106873e-04
  3.21632645971021e-04  3.37797994138908e-04  3.54775334290412e-04
  3.72605415981376e-04  3.91331030916998e-04  4.10997115072793e-04
  4.31650855908276e-04  4.53341804919131e-04  4.76121995801022e-04
  5.00046068494152e-04  5.25171399407545e-04  5.51558238123509e-04
  5.79269850906369e-04  6.08372671349500e-04  6.38936458516918e-04
  6.71034462944622e-04  7.04743600897942e-04  7.40144637281017e-04
  7.77322377639909e-04  8.16365869692707e-04  8.57368614869440e-04
  9.00428790345628e-04  9.45649482092114e-04  9.93138929478984e-04
  1.04301078200760e-03  1.09538436875816e-03  1.15038498119106e-03
  1.20814416993819e-03  1.26880005629541e-03  1.33249765911112e-03
  1.39938923784783e-03  1.46963465259284e-03  1.54340174185716e-03
  1.62086671902521e-03  1.70221458837638e-03  1.78763958161859e-03
  1.87734561595655e-03  1.97154677471778e-03  2.07046781166187e-03
  2.17434468010322e-03  2.28342508807039e-03  2.39796908075116e-03
  2.51824965156956e-03  2.64455338324802e-03  2.77718112035738e-03
  2.91644867481654e-03  3.06268756599693e-03  3.21624579705032e-03
  3.37748866924313e-03  3.54679963610639e-03  3.72458119933306e-03
  3.91125584840857e-03  4.10726704610592e-03  4.31308026199457e-03
  4.52918405633300e-03  4.75609121666383e-03  4.99433994972201e-03
  5.24449513121147e-03  5.50714961626341e-03  5.78292561342416e-03
  6.07247612521483e-03  6.37648645838167e-03  6.69567580718899e-03
  7.03079891311858e-03  7.38264780470023e-03  7.75205362108835e-03
  8.13988852348041e-03  8.54706769835391e-03  8.97455145691764e-03
  9.42334743520629e-03  9.89451289955375e-03  1.03891571622826e-02
  1.09084441128170e-02  1.14535948694124e-02  1.20258905572822e-02
  1.26266752186726e-02  1.32573588612285e-02  1.39194206507384e-02
  1.46144122550319e-02  1.53439613458026e-02  1.61097752656147e-02
  1.69136448674645e-02  1.77574485348539e-02  1.86431563902432e-02
  1.95728347006990e-02  2.05486504890862e-02  2.15728763604446e-02
  2.26478955526765e-02  2.37762072217615e-02  2.49604319716349e-02
  2.62033176395992e-02  2.75077453482391e-02  2.88767358357155e-02
  3.03134560760647e-02  3.18212262025012e-02  3.34035267461924e-02
  3.50640062043816e-02  3.68064889515027e-02  3.86349835080531e-02
  4.05536911817906e-02  4.25670150974596e-02  4.46795696301439e-02
  4.68961902600693e-02  4.92219438648464e-02  5.16621394679338e-02
  5.42223394609819e-02  5.69083713194305e-02  5.97263398305927e-02
  6.26826398547869e-02  6.57839696396313e-02  6.90373447098606e-02
  7.24501123532102e-02  7.60299667267575e-02  7.97849646050213e-02
  8.37235417952324e-02  8.78545302429846e-02  9.21871758539396e-02
  9.67311570565347e-02  1.01496604132471e-01  1.06494119340392e-01
  1.11734797861571e-01  1.17230249592558e-01  1.22992621815923e-01
  1.29034622774022e-01  1.35369546177308e-01  1.42011296673988e-01
  1.48974416311401e-01  1.56274112017334e-01  1.63926284131835e-01
  1.71947556016665e-01  1.80355304774642e-01  1.89167693103075e-01
  1.98403702315519e-01  2.08083166553689e-01  2.18226808222018e-01
  2.28856274667525e-01  2.39994176132731e-01  2.51664125004033e-01
  2.63890776380668e-01  2.76699869981656e-01  2.90118273415706e-01
  3.04174026822765e-01  3.18896388912306e-01  3.34315884399065e-01
  3.50464352854365e-01  3.67374998971295e-01  3.85082444249136e-01
  4.03622780090556e-01  4.23033622307851e-01  4.43354167018020e-01
  4.64625247917963e-01  4.86889394898889e-01  5.10190893986396e-01
  5.34575848545682e-01  5.60092241720369e-01  5.86790000034557e-01
  6.14721058097915e-01  6.43939424329113e-01  6.74501247615175e-01
  7.06464884791272e-01  7.39890968843677e-01  7.74842477676913e-01
  8.11384803333251e-01  8.49585821464137e-01  8.89515960903293e-01
  9.31248273117726e-01  9.74858501328816e-01  1.02042514904863e+00
  1.06802954777839e+00  1.11775592355391e+00  1.16969146205382e+00
  1.22392637187302e+00  1.28055394564793e+00  1.33967061855844e+00
  1.40137602382246e+00  1.46577304466505e+00  1.53296786227463e+00
  1.60306999917414e+00  1.67619235744097e+00  1.75245125109979e+00
  1.83196643207263e+00  1.91486110887064e+00  2.00126195737014e+00
  2.09129912273177e+00  2.18510621169387e+00  2.28282027424205e+00
  2.38458177372303e+00  2.49053454433397e+00  2.60082573494603e+00
  2.71560573804246e+00  2.83502810268192e+00  2.95924943006449e+00
  3.08842925058732e+00  3.22272988080268e+00  3.36231625903204e+00
  3.50735575801978e+00  3.65801797317714e+00  3.81447448475375e+00
  3.97689859240708e+00  4.14546502034201e+00  4.32034959152152e+00
  4.50172886891960e+00  4.68977976238814e+00  4.88467909900052e+00
  5.08660315538863e+00  5.29572715002089e+00  5.51222469391583e+00
  5.73626719766754e+00  5.96802323359921e+00  6.20765785077632e+00
  6.45533184191451e+00  6.71120096022422e+00  6.97541508519114e+00
  7.24811733576222e+00  7.52944313034724e+00  7.81951919209773e+00
  8.11846249984316e+00  8.42637918314038e+00  8.74336336258923e+00
  9.06949593470465e+00  9.40484330270465e+00  9.74945605385243e+00
  1.01033675852715e+01  1.04665926798026e+01  1.08391260352293e+01
  1.12209407491182e+01  1.16119867644476e+01  1.20121892791057e+01
  1.24214471261840e+01  1.28396311299003e+01  1.32665824453503e+01
  1.37021108889659e+01  1.41459932701710e+01  1.45979717320878e+01
  1.50577521152650e+01  1.55250023533115e+01  1.59993509171025e+01
  1.64803853193413e+01  1.69676506973135e+01  1.74606484893697e+01
  1.79588352245976e+01  1.84616214437371e+01  1.89683707737427e+01
  1.94783991754979e+01  1.99909743907692e+01  2.05053156078766e+01
  2.10205933764850e+01  2.15359297913444e+01  2.20503989764042e+01
  2.25630278921117e+01  2.30727974964703e+01  2.35786442827240e+01
  2.40794622266798e+01  2.45741051617536e+01  2.50613896170892e+01
  2.55400981332763e+01  2.60089830864936e+01  2.64667710355480e+01
  2.69121676150577e+01  2.73438629834007e+01  2.77605378458490e+01
  2.81608700478882e+01  2.85435417553424e+01  2.89072472044189e+01
  2.92507010241085e+01  2.95726471070117e+01  2.98718680125743e+01
  3.01471948639926e+01  3.03975177106409e+01  3.06217962934630e+01
  3.08190711716836e+01  3.09884751279186e+01  3.11292447857553e+01
  3.12407323424146e+01  3.13224173244060e+01  3.13739182474803e+01
  3.13950040714621e+01  3.13856053047152e+01  3.13458246323181e+01
  3.12759469041128e+01  3.11764483351187e+01  3.10480047426088e+01
  3.08914986612971e+01  3.07080251429069e+01  3.04988960863654e+01
  3.02656428938831e+01  3.00100173030970e+01  2.97339902046712e+01
  2.94397482977124e+01  2.91296884190613e+01  2.88064094247826e+01
  2.84727014840300e+01  2.81315327135486e+01  2.77860330513960e+01
  2.74394753522135e+01  2.70952536709352e+01  2.67568587729113e+01
  2.64278509199440e+01  2.61118300498509e+01  2.58124034771715e+01
  2.55331513299806e+01  2.52775899412678e+01  2.50491334992853e+01
  2.48510542813101e+01  2.46864418599577e+01  2.45581617074556e+01
  2.44688136677791e+01  2.44206908125767e+01  2.44157392205087e+01
  2.44555192598399e+01  2.45411689736734e+01  2.46733701805033e+01
  2.48523179179605e+01  2.50776938501793e+01  2.53486442533397e+01
  2.56637631705149e+01  2.60210813001564e+01  2.64180611281071e+01
  2.68515987816962e+01  2.73180329859661e+01  2.78131614635799e+01
  2.83322649961227e+01  2.88701392953120e+01  2.94211347077340e+01
  2.99792036710322e+01  3.05379557127836e+01  3.10907196621210e+01
  3.16306126060175e+01  3.21506150014791e+01  3.26436512122808e+01
  3.31026746244152e+01  3.35207563627925e+01  3.38911765225349e+01
  3.42075167259736e+01  3.44637527220664e+01  3.46543456707499e+01
  3.47743307037144e+01  3.48194012954831e+01  3.47859879903621e+01
  3.46713300026121e+01  3.44735382691549e+01  3.41916485665796e+01
  3.38256634017945e+01  3.33765814876718e+01  3.28464137615960e+01
  3.22381850578959e+01  3.15559207579832e+01  3.08046179333317e+01
  2.99902007699887e+01  2.91194602982380e+01  2.81999787556970e+01
  2.72400391939651e+01  2.62485212544843e+01  2.52347843387579e+01
  2.42085397193155e+01  2.31797134114507e+01  2.21583019317254e+01
  2.11542232878877e+01  2.01771657838656e+01  1.92364373739287e+01
  1.83408184177571e+01  1.74984207409174e+01  1.67165558783378e+01
  1.60016152909798e+01  1.53589651746833e+01  1.47928582314042e+01
  1.43063644694763e+01  1.39013227078179e+01  1.35783140408340e+01
  1.33366580481103e+01  1.31744320351692e+01  1.30885130910659e+01
  1.30746422403822e+01  1.31275094764524e+01  1.32408579927025e+01
  1.34076054897942e+01  1.36199800375157e+01  1.38696676211658e+01
  1.41479682107319e+01  1.44459569737747e+01  1.47546471129483e+01
  1.50651507642804e+01  1.53688344415675e+01  1.56574656645735e+01
  1.59233476591409e+01  1.61594393606062e+01  1.63594583781007e+01
  1.65179650702143e+01  1.66304264247994e+01  1.66932590074927e+01
  1.67038508209245e+01  1.66605624841559e+01  1.65627086686064e+01
  1.64105212100189e+01  1.62050957237193e+01  1.59483238872579e+01
  1.56428138001707e+01  1.52918009914797e+01  1.48990527152387e+01
  1.44687681637157e+01  1.40054771351176e+01  1.35139395403571e+01
  1.29990479173675e+01  1.24657348686504e+01  1.19188870511283e+01
  1.13632670411366e+01  1.08034440888911e+01  1.02437344659571e+01
  9.68815181578392e+00  9.14036764066149e+00  8.60368180770372e+00
  8.08100273634284e+00  7.57483673964044e+00  7.08728583804443e+00
  6.62005323726922e+00  6.17445558077652e+00  5.75144101813010e+00
  5.35161211060516e+00  4.97525258596141e+00  4.62235697738739e+00
  4.29266222183810e+00  3.98568035116317e+00  3.70073148178769e+00
  3.43697639212109e+00  3.19344806794089e+00  2.96908169214403e+00
  2.76274265327297e+00  2.57325224449958e+00  2.39941081917956e+00
  2.24001825752217e+00  2.09389168149945e+00  1.95988042730966e+00
  1.83687834879168e+00  1.72383357806558e+00  1.61975591164622e+00
  1.52372202258614e+00  1.43487872037422e+00  1.35244449275801e+00
  1.27570956767786e+00  1.20403472985098e+00  1.13684911756612e+00
  1.07364721087996e+00  1.01398520506442e+00  9.57476943099415e-01
  9.03789559951698e-01  8.52638969668480e-01  8.03785305297162e-01
  7.57028401417813e-01  7.12203390536580e-01  6.69176467724612e-01
  6.27840863352938e-01  5.88113051004166e-01  5.49929207541125e-01
  5.13241933725107e-01  4.78017237669555e-01  4.44231778502321e-01
  4.11870364596181e-01  3.80923698715447e-01  3.51386361341863e-01
  3.23255023345442e-01  2.96526879072476e-01  2.71198291598088e-01
  2.47263642162029e-01  2.24714376362780e-01  2.03538239695765e-01
  1.83718695124257e-01  1.65234514792898e-01  1.48059537391573e-01
  1.32162581579360e-01  1.17507504706289e-01  1.04053394577336e-01
  9.17548806377146e-02  8.05625494321937e-02  7.04234479635612e-02
  6.12816574886714e-02  5.30789195758531e-02  4.57552958949282e-02
  3.92498433386585e-02  3.35012866346882e-02  2.84486716743159e-02
  2.40319842684500e-02  2.01927209479627e-02  1.68744006410050e-02
  1.40230085326904e-02  1.15873660170394e-02  9.51942330298981e-03
  7.77447381733969e-03  6.31129197139776e-03  5.09219802787374e-03
  4.08305566070140e-03  3.25320928153915e-03  2.57536929209027e-03
  2.02545409479643e-03  1.58239797315972e-03  1.22793386446305e-03
  9.46359637373385e-04  7.24295811903839e-04  5.50441781608699e-04
  4.15336582870287e-04  3.11129168295429e-04  2.31362038120706e-04
  1.70771016927970e-04  1.25102973365794e-04  9.09523992489415e-05
  6.56170108355843e-05  4.69719194953843e-05  3.33614423240868e-05
  2.35072789007970e-05  1.64315571507980e-05  1.13931325259090e-05
  7.83549367918159e-06  5.34466564242540e-06  3.61559029700226e-06
  2.42558839655708e-06  1.61365203205920e-06  1.06447089670347e-06
  6.96249872188579e-07  4.51522771255251e-07  2.90303210691103e-07
  1.85035002288179e-07  1.16910846975184e-07  7.32182073899012e-08
  4.54470517520639e-08  2.79554447276926e-08  1.70390377219394e-08
  1.02890480649242e-08  6.15433299300551e-09  3.64562507301440e-09
  2.13821373017344e-09  1.24135264868539e-09  7.13168256858409e-10
  4.05298149953173e-10  2.27779858129277e-10  1.26537389732912e-10
  6.94565746843302e-11  3.76552474954942e-11  2.01538797753764e-11
  1.06439843816615e-11  5.54429363958009e-12  2.84683570404551e-12
  1.44020792986035e-12  7.17468400294874e-13  3.51770819208146e-13
  1.69651420267666e-13  8.04369624601570e-14  3.74725566182413e-14
  1.71428189357966e-14  7.69689455552002e-15  3.38972552200283e-15
  1.46345264712127e-15  6.19018164406658e-16  2.56380048276099e-16
  1.03911945279992e-16  4.11876207579033e-17  1.59575294359744e-17
  6.04209555403446e-18  2.23338920219010e-18  8.05430331413108e-19
  2.83218584410017e-19  9.70587695546930e-20  3.24124052489290e-20
  1.05586806139391e-20  3.34912816882002e-21  1.03190535140100e-21
  3.08611529423869e-22  8.95198261256722e-23  2.51665588351187e-23
  6.85141856563804e-24  1.80482578374620e-24
  2.48760274337600e-24  2.83795082692659e-24  3.23762551541908e-24
  3.69356899276586e-24  4.21370005624060e-24  4.80705142955849e-24
  5.48392637007482e-24  6.25607727902905e-24  7.13690940376339e-24
  8.14171315397099e-24  9.28792904820429e-24  1.05954498696068e-23
  1.20869652521044e-23  1.37883546499359e-23  1.57291354778082e-23
  1.79429741599523e-23  2.04682689105363e-23  2.33488143037441e-23
  2.66345591004701e-23  3.03824704044187e-23  3.46575190504678e-23
  3.95338032144251e-23  4.50958296108032e-23  5.14399743552124e-23
  5.86761486563294e-23  6.69296980223323e-23  7.63435676776329e-23
  8.70807714574213e-23  9.93272066560991e-23  1.13294863242175e-22
  1.29225482615712e-22  1.47394728791722e-22  1.68116943674399e-22
  1.91750568092384e-22  2.18704321664961e-22  2.49444247555326e-22
  2.84501742964066e-22  3.24482713068726e-22  3.70078005317688e-22
  4.22075302855918e-22  4.81372680773282e-22  5.48994057240902e-22
  6.26106803919651e-22  7.14041816830993e-22  8.14316390800446e-22
  9.28660288316917e-22  1.05904544801459e-21  1.20771983987812e-21
  1.37724604475453e-21  1.57054521599881e-21  1.79094717244273e-21
  2.04224747588267e-21  2.32877246469210e-21  2.65545334993575e-21
  3.02791063378942e-21  3.45255028467539e-21  3.93667330226454e-21
  4.48860053166313e-21  5.11781484347803e-21  5.83512308932704e-21
  6.65284057558776e-21  7.58500117733832e-21  8.64759664574563e-21
  9.85884915288821e-21  1.12395216761163e-20  1.28132714589518e-20
  1.46070525075738e-20  1.66515739031046e-20  1.89818216436999e-20
  2.16376527922616e-20  2.46644719127797e-20  2.81140011508648e-20
  3.20451568741471e-20  3.65250475617828e-20  4.16301096479190e-20
  4.74474003147915e-20  5.40760688342663e-20  6.16290310145814e-20
  7.02348746695031e-20  8.00400278450586e-20  9.12112258754421e-20
  1.03938318265458e-19  1.18437461990622e-19  1.34954754158344e-19
  1.53770364185795e-19  1.75203233838892e-19  1.99616422771325e-19
  2.27423187753525e-19  2.59093895754684e-19  2.95163884628344e-19
  3.36242400568332e-19  3.83022758991569e-19  4.36293895342704e-19
  4.96953494817115e-19  5.66022915514450e-19  6.44664148468574e-19
  7.34199090800075e-19  8.36131445419900e-19  9.52171602854097e-19
  1.08426490851528e-18  1.23462377285539e-18  1.40576414313473e-18
  1.60054692497460e-18  1.82222502049681e-18  2.07449673889479e-18
  2.36156643608854e-18  2.68821335422798e-18  3.05986976095680e-18
  3.48270963448887e-18  3.96374930589138e-18  4.51096165699416e-18
  5.13340568387646e-18  5.84137347505366e-18  6.64655692391611e-18
  7.56223680060702e-18  8.60349715397350e-18  9.78746840451263e-18
  1.11336029301599e-17  1.26639874447462e-17  1.44036970313186e-17
  1.63811963273728e-17  1.86287940757099e-17  2.11831580633201e-17
  2.40858983832301e-17  2.73842279834456e-17  3.11317106281170e-17
  3.53891077047334e-17  4.02253367868380e-17  4.57185565245283e-17
  5.19573943088360e-17  5.90423352667908e-17  6.70872935214099e-17
  7.62213893273618e-17  8.65909587068793e-17  9.83618256011964e-17
  1.11721870369468e-16  1.26883932758974e-16  1.44089092298561e-16
  1.63610374494759e-16  1.85756937312098e-16  2.10878799274847e-16
  2.39372178233193e-16  2.71685518487580e-16  3.08326293684992e-16
  3.49868683808186e-16  3.96962236824828e-16  4.50341639303131e-16
  5.10837735713556e-16  5.79389953425895e-16  6.57060309788507e-16
  7.45049199415303e-16  8.44713184141335e-16  9.57585035407589e-16
  1.08539630937971e-15  1.23010276933756e-15  1.39391300817969e-15
  1.57932066677583e-15  1.78914069187514e-15  2.02655013098437e-15
  2.29513402163325e-15  2.59893699963467e-15  2.94252132594201e-15
  3.33103211564084e-15  3.77027064630241e-15  4.26677672766000e-15
  4.82792123146741e-15  5.46201001105445e-15  6.17840058572805e-15
  6.98763312802922e-15  7.90157747322072e-15  8.93359807303955e-15
  1.00987390415761e-14  1.14139316930460e-14  1.28982272521451e-14
  1.45730577305598e-14  1.64625283125218e-14  1.85937449803622e-14
  2.09971815451521e-14  2.37070907288445e-14  2.67619644826030e-14
  3.02050493236081e-14  3.40849231390783e-14  3.84561406472417e-14
  4.33799555307967e-14  4.89251281756569e-14  5.51688289705025e-14
  6.21976482582047e-14  7.01087252955897e-14  7.90110099821927e-14
  8.90266726857235e-14  1.00292679225938e-13  1.12962550017308e-13
  1.27208324515369e-13  1.43222754504024e-13  1.61221752414969e-13
  1.81447123823864e-13  2.04169616545247e-13  2.29692322399805e-13
  2.58354471769372e-13  2.90535665569585e-13  3.26660594258529e-13
  3.67204299070240e-13  4.12698036828641e-13  4.63735816566317e-13
  5.20981683786525e-13  5.85177836696337e-13  6.57153668120866e-13
  7.37835837304031e-13  8.28259487383323e-13  9.29580737266956e-13
  1.04309059097427e-12  1.17023042344729e-12  1.31260921957178e-12
  1.47202276281065e-12  1.65047499181224e-12  1.85020176757098e-12
  2.07369732094022e-12  2.32374368019303e-12  2.60344341193651e-12
  2.91625604578331e-12  3.26603859462160e-12  3.65709062830619e-12
  4.09420440990384e-12  4.58272066049695e-12  5.12859058214580e-12
  5.73844483911246e-12  6.41967027624765e-12  7.18049524079894e-12
  8.03008447199947e-12  8.97864463071157e-12  1.00375416637435e-11
  1.12194313314236e-11  1.25384043787269e-11  1.40101479977966e-11
  1.56521254176079e-11  1.74837756658812e-11  1.95267357823409e-11
  2.18050880235311e-11  2.43456348917741e-11  2.71782051461955e-11
  3.03359943209324e-11  3.38559436802904e-11  3.77791620025289e-11
  4.21513950904772e-11  4.70235484846615e-11  5.24522694943473e-11
  5.85005953831771e-11  6.52386753536445e-11  7.27445748811663e-11
  8.11051719665042e-11  9.04171560182705e-11  1.00788141362767e-10
  1.12337908822006e-10  1.25199790428781e-10  1.39522214171947e-10
  1.55470427733896e-10  1.73228422492391e-10  1.93001081687791e-10
  2.15016579598794e-10  2.39529061907016e-10  2.66821641190098e-10
  2.97209745731301e-10  3.31044864640641e-10  3.68718737706740e-10
  4.10668044558378e-10  4.57379654653099e-10  5.09396507515746e-10
  5.67324201557908e-10  6.31838379953950e-10  7.03693013527898e-10
  7.83729693644923e-10  8.72888062907299e-10  9.72217528269265e-10
  1.08289042030431e-09  1.20621678408360e-09  1.34366101185064e-09
  1.49686055581485e-09  1.66764699140544e-09  1.85806973780378e-09
  2.07042278417780e-09  2.30727481730916e-09  2.57150320047482e-09
  2.86633231486940e-09  3.19537684529193e-09  3.56269067195235e-09
  3.97282212183878e-09  4.43087643769675e-09  4.94258644202079e-09
  5.51439251021463e-09  6.15353312230349e-09  6.86814744207024e-09
  7.66739157470397e-09  8.56157038847064e-09  9.56228705146894e-09
  1.06826127396049e-08  1.19372793203030e-08  1.33428982161068e-08
  1.49182091069420e-08  1.66843626540449e-08  1.86652420242375e-08
  2.08878286774318e-08  2.33826186626864e-08  2.61840965654916e-08
  2.93312752650856e-08  3.28683108500934e-08  3.68452033582255e-08
  4.13185955661774e-08  4.63526837916313e-08  5.20202566921403e-08
  5.84038803328928e-08  6.55972504384379e-08  7.37067357327755e-08
  8.28531397283440e-08  9.31737122250068e-08  1.04824446337830e-07
  1.17982701884480e-07  1.32850202005698e-07  1.49656456394080e-07
  1.68662672335756e-07  1.90166223394049e-07  2.14505755566072e-07
  2.42067022184781e-07  2.73289551683353e-07  3.08674267331783e-07
  3.48792194725574e-07  3.94294412251551e-07  4.45923421427277e-07
  5.04526139267567e-07  5.71068742809086e-07  6.46653628755734e-07
  7.32538787316650e-07  8.30159931830370e-07  9.41155772322242e-07
  1.06739687597727e-06  1.21101861777598e-06  1.37445879469265e-06
  1.56050055460157e-06  1.77232138154389e-06  2.01354897775208e-06
  2.28832499983709e-06  2.60137773260451e-06  2.95810493277039e-06
  3.36466823718399e-06  3.82810071844203e-06  4.35642937812540e-06
  4.95881460651612e-06  5.64570890291740e-06  6.42903744723439e-06
  7.32240345748550e-06  8.34132163434005e-06  9.50348342978748e-06
  1.08290583415758e-05  1.23410359753211e-05  1.40656142013794e-05
  1.60326394132555e-05  1.82761056122847e-05  2.08347199031853e-05
  2.37525428623930e-05  2.70797133131343e-05  3.08732681291384e-05
  3.51980689881521e-05  4.01278493623426e-05  4.57463966018554e-05
  5.21488856207994e-05  5.94433826600022e-05  6.77525395301440e-05
  7.72155011588036e-05  8.79900516028418e-05  1.00255026506166e-04
  1.14213022880011e-04  1.30093440354867e-04  1.48155891506115e-04
  1.68694022673650e-04  1.92039790879163e-04  2.18568246567507e-04
  2.48702877190889e-04  2.82921570999269e-04  3.21763266550365e-04
  3.65835358642935e-04  4.15821937719030e-04  4.72492946290063e-04
  5.36714342099562e-04  6.09459365697700e-04  6.91821016001323e-04
  7.85025846160947e-04  8.90449198484799e-04  1.00963200538527e-03
  1.14429929053213e-03  1.29638051192510e-03  1.46803189533266e-03
  1.66166091384516e-03  1.87995307380484e-03  2.12590117461828e-03
  2.40283721137182e-03  2.71446709404848e-03  3.06490835620993e-03
  3.45873102677467e-03  3.90100183103871e-03  4.39733188805731e-03
  4.95392805040387e-03  5.57764803213853e-03  6.27605944044217e-03
  7.05750281267887e-03  7.93115872720119e-03  8.90711902639400e-03
  9.99646214320153e-03  1.12113324847630e-02  1.25650237591918e-02
  1.40720660799938e-02  1.57483165987618e-02  1.76110533454797e-02
  1.96790718502293e-02  2.19727840433431e-02  2.45143187744875e-02
  2.73276232285062e-02  3.04385643151766e-02  3.38750290215615e-02
  3.76670225221724e-02  4.18467626935488e-02  4.64487694968076e-02
  5.15099475079372e-02  5.70696596982645e-02  6.31697903219822e-02
  6.98547946520662e-02  7.71717329951565e-02  8.51702863189310e-02
  9.39027505651189e-02  1.03424006548792e-01  1.13791462225968e-01
  1.25064963865231e-01  1.37306672708022e-01  1.50580903373197e-01
  1.64953920576028e-01  1.80493690346716e-01  1.97269582427538e-01
  2.15352020357269e-01  2.34812076242139e-01  2.55721007435437e-01
  2.78149732846394e-01  3.02168247264247e-01  3.27844972582699e-01
  3.55246045983802e-01  3.84434545773030e-01  4.15469656934620e-01
  4.48405779622088e-01  4.83291585089250e-01  5.20169025127937e-01
  5.59072302536897e-01  6.00026811499339e-01  6.43048058659203e-01
  6.88140576509284e-01  7.35296842621966e-01  7.84496218910097e-01
  8.35703926272360e-01  8.88870070642727e-01  9.43928736924185e-01
  1.00079716754164e+00  1.05937504281763e+00  1.11954388028395e+00
  1.18116657081981e+00  1.24408706989339e+00  1.30813026331163e+00
  1.37310202808229e+00  1.43878951012519e+00  1.50496164153742e+00
  1.57136991989270e+00  1.63774947067756e+00  1.70382041042323e+00
  1.76928952250812e+00  1.83385225011983e+00  1.89719500119047e+00
  1.95899774995830e+00  2.01893690845675e+00  2.07668843080398e+00
  2.13193110263220e+00  2.18434996025245e+00  2.23363977583746e+00
  2.27950854151921e+00  2.32168088110473e+00  2.35990131859948e+00
  2.39393733456817e+00  2.42358214492394e+00  2.44865714402382e+00
  2.46901396127275e+00  2.48453609080373e+00  2.49514006449914e+00
  2.50077615040118e+00  2.50142857064646e+00  2.49711524496345e+00
  2.48788707709189e+00  2.47382681188664e+00  2.45504750048464e+00
  2.43169061664134e+00  2.40392387672165e+00  2.37193881485011e+00
  2.33594817194170e+00  2.29618315337410e+00  2.25289061139117e+00
  2.20633020426232e+00  2.15677158025545e+00  2.10449162983927e+00
  2.04977184322729e+00  1.99289580471772e+00  1.93414684863353e+00
  1.87380589570132e+00  1.81214948269152e+00  1.74944799269336e+00
  1.68596408869195e+00  1.62195134881501e+00  1.55765309810922e+00
  1.49330142919557e+00  1.42911640169794e+00  1.36530540931377e+00
  1.30206270211510e+00  1.23956905156403e+00  1.17799154541628e+00
  1.11748350014633e+00  1.05818447879133e+00  1.00022040284447e+00
  9.43703747366569e-01  8.88733809283157e-01  8.35397039446673e-01
  7.83767429828468e-01  7.33906947786869e-01  6.85866010100041e-01
  6.39683990040961e-01  5.95389751393152e-01  5.53002203707653e-01
  5.12530874111047e-01  4.73976490558354e-01  4.37331572876670e-01
  4.02581027274346e-01  3.69702740997341e-01  3.38668173651780e-01
  3.09442942036538e-01  2.81987395596515e-01  2.56257179721027e-01
  2.32203784445440e-01  2.09775076348988e-01  1.88915811724575e-01
  1.69568129408681e-01  1.51672021985279e-01  1.35165784359393e-01
  1.19986438961963e-01  1.06070137167096e-01  9.33525366490536e-02
  8.17691546769752e-02  7.12556975045195e-02  6.17483660583089e-02
  5.31841383866822e-02  4.55010292344935e-02  3.86383273016862e-02
  3.25368106831100e-02  2.71389410272727e-02  2.23890369496064e-02
  1.82334272084330e-02  1.46205840986365e-02  1.15012375434252e-02
  8.82847026817295e-03  6.55779445538384e-03  4.64721022515305e-03
  3.05724630316990e-03  1.75098322822778e-03  6.94059469314598e-04
 -1.45339091464591e-04 -7.96505849913733e-04 -1.28625571695375e-03
 -1.63898222761612e-03 -1.87672867762114e-03 -2.01927230648742e-03
 -2.08422040883776e-03 -2.08711708823730e-03 -2.04155923005192e-03
 -1.95932013514922e-03 -1.85047914911793e-03 -1.72355553926561e-03
 -1.58564482488626e-03 -1.44255575995793e-03 -1.29894620030033e-03
 -1.15845616370245e-03 -1.02383650935698e-03 -8.97071816682074e-04
 -7.79496231835369e-04 -6.71901262931431e-04 -5.74634735865054e-04
 -4.87690363148984e-04 -4.10787618796473e-04 -3.43441845189086e-04
 -2.85024734616926e-04 -2.34815522548762e-04 -1.92043395929976e-04
 -1.55921754588912e-04 -1.25675064852296e-04 -1.00559111690848e-04
 -7.98754901588443e-05 -6.29811813452735e-05 -4.92940360367479e-05
 -3.82949453315596e-05 -2.95274163111945e-05 -2.25951975777818e-05
 -1.71585187372970e-05 -1.29294241569266e-05 -9.66659834551260e-06
 -7.17000111984903e-06 -5.27555787413669e-06 -3.85008511577883e-06
 -2.78657519663243e-06 -1.99991702474696e-06 -1.42309126872525e-06
 -1.00384895855026e-06 -7.01860096683002e-07 -4.86303519233284e-07
 -3.33859269487854e-07 -2.27059372204283e-07 -1.52951055634042e-07
 -1.02027180968151e-07 -6.73812684315131e-08 -4.40481829005795e-08
 -2.84960175936486e-08 -1.82391843316500e-08 -1.15474432492627e-08
 -7.22960965364639e-09 -4.47485602819734e-09 -2.73752626642199e-09
 -1.65475673563167e-09 -9.88031155786281e-10 -5.82577183236586e-10
 -3.39093910339535e-10 -1.94786676441076e-10 -1.10381851279758e-10
 -6.16871617451135e-11 -3.39871787915918e-11 -1.84545883067404e-11
 -9.87188986516062e-12 -5.20039454279351e-12 -2.69675312418598e-12
 -1.37606599215485e-12 -6.90637446847877e-13 -3.40791392122898e-13
 -1.65258853137684e-13 -7.87197313832379e-14 -3.68167351548884e-14
 -1.68983641101644e-14 -7.60801492480712e-15 -3.35822442206428e-15
 -1.45257599265529e-15 -6.15362053697068e-16 -2.55184411584143e-16
 -1.03532108450250e-16 -4.10704001220772e-17 -1.59224137542398e-17
 -6.03189177755068e-18 -2.23051545845807e-18 -8.04646507768285e-19
 -2.83011704110630e-19 -9.70059750585683e-20 -3.23993898940008e-20
 -1.05555836157468e-20 -3.34841752245597e-21 -1.03174824496420e-21
 -3.08578098194159e-22 -8.95129853026439e-23 -2.51652141176444e-23
 -6.85116489010492e-24 -1.80477990643842e-24
