# k(0:nx, 0:ny, 0:nz) <= 4608
# nx, ny, nz
 24 24 16
#
     1   385   769  1153  1537  1921  2305  2689  3073  3457  3841  4225
   193   577   961  1345  1729  2113  2497  2881  3265  3649  4033  4417
     1    17   401   785  1169  1553  1937  2321  2705  3089  3473  3857
  4241   209   593   977  1361  1745  2129  2513  2897  3281  3665  4049
  4433    17    33   417   801  1185  1569  1953  2337  2721  3105  3489
  3873  4257   225   609   993  1377  1761  2145  2529  2913  3297  3681
  4065  4449    33    49   433   817  1201  1585  1969  2353  2737  3121
  3505  3889  4273   241   625  1009  1393  1777  2161  2545  2929  3313
  3697  4081  4465    49    65   449   833  1217  1601  1985  2369  2753
  3137  3521  3905  4289   257   641  1025  1409  1793  2177  2561  2945
  3329  3713  4097  4481    65    81   465   849  1233  1617  2001  2385
  2769  3153  3537  3921  4305   273   657  1041  1425  1809  2193  2577
  2961  3345  3729  4113  4497    81    97   481   865  1249  1633  2017
  2401  2785  3169  3553  3937  4321   289   673  1057  1441  1825  2209
  2593  2977  3361  3745  4129  4513    97   113   497   881  1265  1649
  2033  2417  2801  3185  3569  3953  4337   305   689  1073  1457  1841
  2225  2609  2993  3377  3761  4145  4529   113   129   513   897  1281
  1665  2049  2433  2817  3201  3585  3969  4353   321   705  1089  1473
  1857  2241  2625  3009  3393  3777  4161  4545   129   145   529   913
  1297  1681  2065  2449  2833  3217  3601  3985  4369   337   721  1105
  1489  1873  2257  2641  3025  3409  3793  4177  4561   145   161   545
   929  1313  1697  2081  2465  2849  3233  3617  4001  4385   353   737
  1121  1505  1889  2273  2657  3041  3425  3809  4193  4577   161   177
   561   945  1329  1713  2097  2481  2865  3249  3633  4017  4401   369
   753  1137  1521  1905  2289  2673  3057  3441  3825  4209  4593   177
   193   577   961  1345  1729  2113  2497  2881  3265  3649  4033  4417
     1   385   769  1153  1537  1921  2305  2689  3073  3457  3841  4225
   193   209   593   977  1361  1745  2129  2513  2897  3281  3665  4049
  4433    17   401   785  1169  1553  1937  2321  2705  3089  3473  3857
  4241   209   225   609   993  1377  1761  2145  2529  2913  3297  3681
  4065  4449    33   417   801  1185  1569  1953  2337  2721  3105  3489
  3873  4257   225   241   625  1009  1393  1777  2161  2545  2929  3313
  3697  4081  4465    49   433   817  1201  1585  1969  2353  2737  3121
  3505  3889  4273   241   257   641  1025  1409  1793  2177  2561  2945
  3329  3713  4097  4481    65   449   833  1217  1601  1985  2369  2753
  3137  3521  3905  4289   257   273   657  1041  1425  1809  2193  2577
  2961  3345  3729  4113  4497    81   465   849  1233  1617  2001  2385
  2769  3153  3537  3921  4305   273   289   673  1057  1441  1825  2209
  2593  2977  3361  3745  4129  4513    97   481   865  1249  1633  2017
  2401  2785  3169  3553  3937  4321   289   305   689  1073  1457  1841
  2225  2609  2993  3377  3761  4145  4529   113   497   881  1265  1649
  2033  2417  2801  3185  3569  3953  4337   305   321   705  1089  1473
  1857  2241  2625  3009  3393  3777  4161  4545   129   513   897  1281
  1665  2049  2433  2817  3201  3585  3969  4353   321   337   721  1105
  1489  1873  2257  2641  3025  3409  3793  4177  4561   145   529   913
  1297  1681  2065  2449  2833  3217  3601  3985  4369   337   353   737
  1121  1505  1889  2273  2657  3041  3425  3809  4193  4577   161   545
   929  1313  1697  2081  2465  2849  3233  3617  4001  4385   353   369
   753  1137  1521  1905  2289  2673  3057  3441  3825  4209  4593   177
   561   945  1329  1713  2097  2481  2865  3249  3633  4017  4401   369
     1   385   769  1153  1537  1921  2305  2689  3073  3457  3841  4225
   193   577   961  1345  1729  2113  2497  2881  3265  3649  4033  4417
     1     2   386   770  1154  1538  1922  2306  2690  3074  3458  3842
  4226   194   578   962  1346  1730  2114  2498  2882  3266  3650  4034
  4418     2    18   402   786  1170  1554  1938  2322  2706  3090  3474
  3858  4242   210   594   978  1362  1746  2130  2514  2898  3282  3666
  4050  4434    18    34   418   802  1186  1570  1954  2338  2722  3106
  3490  3874  4258   226   610   994  1378  1762  2146  2530  2914  3298
  3682  4066  4450    34    50   434   818  1202  1586  1970  2354  2738
  3122  3506  3890  4274   242   626  1010  1394  1778  2162  2546  2930
  3314  3698  4082  4466    50    66   450   834  1218  1602  1986  2370
  2754  3138  3522  3906  4290   258   642  1026  1410  1794  2178  2562
  2946  3330  3714  4098  4482    66    82   466   850  1234  1618  2002
  2386  2770  3154  3538  3922  4306   274   658  1042  1426  1810  2194
  2578  2962  3346  3730  4114  4498    82    98   482   866  1250  1634
  2018  2402  2786  3170  3554  3938  4322   290   674  1058  1442  1826
  2210  2594  2978  3362  3746  4130  4514    98   114   498   882  1266
  1650  2034  2418  2802  3186  3570  3954  4338   306   690  1074  1458
  1842  2226  2610  2994  3378  3762  4146  4530   114   130   514   898
  1282  1666  2050  2434  2818  3202  3586  3970  4354   322   706  1090
  1474  1858  2242  2626  3010  3394  3778  4162  4546   130   146   530
   914  1298  1682  2066  2450  2834  3218  3602  3986  4370   338   722
  1106  1490  1874  2258  2642  3026  3410  3794  4178  4562   146   162
   546   930  1314  1698  2082  2466  2850  3234  3618  4002  4386   354
   738  1122  1506  1890  2274  2658  3042  3426  3810  4194  4578   162
   178   562   946  1330  1714  2098  2482  2866  3250  3634  4018  4402
   370   754  1138  1522  1906  2290  2674  3058  3442  3826  4210  4594
   178   194   578   962  1346  1730  2114  2498  2882  3266  3650  4034
  4418     2   386   770  1154  1538  1922  2306  2690  3074  3458  3842
  4226   194   210   594   978  1362  1746  2130  2514  2898  3282  3666
  4050  4434    18   402   786  1170  1554  1938  2322  2706  3090  3474
  3858  4242   210   226   610   994  1378  1762  2146  2530  2914  3298
  3682  4066  4450    34   418   802  1186  1570  1954  2338  2722  3106
  3490  3874  4258   226   242   626  1010  1394  1778  2162  2546  2930
  3314  3698  4082  4466    50   434   818  1202  1586  1970  2354  2738
  3122  3506  3890  4274   242   258   642  1026  1410  1794  2178  2562
  2946  3330  3714  4098  4482    66   450   834  1218  1602  1986  2370
  2754  3138  3522  3906  4290   258   274   658  1042  1426  1810  2194
  2578  2962  3346  3730  4114  4498    82   466   850  1234  1618  2002
  2386  2770  3154  3538  3922  4306   274   290   674  1058  1442  1826
  2210  2594  2978  3362  3746  4130  4514    98   482   866  1250  1634
  2018  2402  2786  3170  3554  3938  4322   290   306   690  1074  1458
  1842  2226  2610  2994  3378  3762  4146  4530   114   498   882  1266
  1650  2034  2418  2802  3186  3570  3954  4338   306   322   706  1090
  1474  1858  2242  2626  3010  3394  3778  4162  4546   130   514   898
  1282  1666  2050  2434  2818  3202  3586  3970  4354   322   338   722
  1106  1490  1874  2258  2642  3026  3410  3794  4178  4562   146   530
   914  1298  1682  2066  2450  2834  3218  3602  3986  4370   338   354
   738  1122  1506  1890  2274  2658  3042  3426  3810  4194  4578   162
   546   930  1314  1698  2082  2466  2850  3234  3618  4002  4386   354
   370   754  1138  1522  1906  2290  2674  3058  3442  3826  4210  4594
   178   562   946  1330  1714  2098  2482  2866  3250  3634  4018  4402
   370     2   386   770  1154  1538  1922  2306  2690  3074  3458  3842
  4226   194   578   962  1346  1730  2114  2498  2882  3266  3650  4034
  4418     2     3   387   771  1155  1539  1923  2307  2691  3075  3459
  3843  4227   195   579   963  1347  1731  2115  2499  2883  3267  3651
  4035  4419     3    19   403   787  1171  1555  1939  2323  2707  3091
  3475  3859  4243   211   595   979  1363  1747  2131  2515  2899  3283
  3667  4051  4435    19    35   419   803  1187  1571  1955  2339  2723
  3107  3491  3875  4259   227   611   995  1379  1763  2147  2531  2915
  3299  3683  4067  4451    35    51   435   819  1203  1587  1971  2355
  2739  3123  3507  3891  4275   243   627  1011  1395  1779  2163  2547
  2931  3315  3699  4083  4467    51    67   451   835  1219  1603  1987
  2371  2755  3139  3523  3907  4291   259   643  1027  1411  1795  2179
  2563  2947  3331  3715  4099  4483    67    83   467   851  1235  1619
  2003  2387  2771  3155  3539  3923  4307   275   659  1043  1427  1811
  2195  2579  2963  3347  3731  4115  4499    83    99   483   867  1251
  1635  2019  2403  2787  3171  3555  3939  4323   291   675  1059  1443
  1827  2211  2595  2979  3363  3747  4131  4515    99   115   499   883
  1267  1651  2035  2419  2803  3187  3571  3955  4339   307   691  1075
  1459  1843  2227  2611  2995  3379  3763  4147  4531   115   131   515
   899  1283  1667  2051  2435  2819  3203  3587  3971  4355   323   707
  1091  1475  1859  2243  2627  3011  3395  3779  4163  4547   131   147
   531   915  1299  1683  2067  2451  2835  3219  3603  3987  4371   339
   723  1107  1491  1875  2259  2643  3027  3411  3795  4179  4563   147
   163   547   931  1315  1699  2083  2467  2851  3235  3619  4003  4387
   355   739  1123  1507  1891  2275  2659  3043  3427  3811  4195  4579
   163   179   563   947  1331  1715  2099  2483  2867  3251  3635  4019
  4403   371   755  1139  1523  1907  2291  2675  3059  3443  3827  4211
  4595   179   195   579   963  1347  1731  2115  2499  2883  3267  3651
  4035  4419     3   387   771  1155  1539  1923  2307  2691  3075  3459
  3843  4227   195   211   595   979  1363  1747  2131  2515  2899  3283
  3667  4051  4435    19   403   787  1171  1555  1939  2323  2707  3091
  3475  3859  4243   211   227   611   995  1379  1763  2147  2531  2915
  3299  3683  4067  4451    35   419   803  1187  1571  1955  2339  2723
  3107  3491  3875  4259   227   243   627  1011  1395  1779  2163  2547
  2931  3315  3699  4083  4467    51   435   819  1203  1587  1971  2355
  2739  3123  3507  3891  4275   243   259   643  1027  1411  1795  2179
  2563  2947  3331  3715  4099  4483    67   451   835  1219  1603  1987
  2371  2755  3139  3523  3907  4291   259   275   659  1043  1427  1811
  2195  2579  2963  3347  3731  4115  4499    83   467   851  1235  1619
  2003  2387  2771  3155  3539  3923  4307   275   291   675  1059  1443
  1827  2211  2595  2979  3363  3747  4131  4515    99   483   867  1251
  1635  2019  2403  2787  3171  3555  3939  4323   291   307   691  1075
  1459  1843  2227  2611  2995  3379  3763  4147  4531   115   499   883
  1267  1651  2035  2419  2803  3187  3571  3955  4339   307   323   707
  1091  1475  1859  2243  2627  3011  3395  3779  4163  4547   131   515
   899  1283  1667  2051  2435  2819  3203  3587  3971  4355   323   339
   723  1107  1491  1875  2259  2643  3027  3411  3795  4179  4563   147
   531   915  1299  1683  2067  2451  2835  3219  3603  3987  4371   339
   355   739  1123  1507  1891  2275  2659  3043  3427  3811  4195  4579
   163   547   931  1315  1699  2083  2467  2851  3235  3619  4003  4387
   355   371   755  1139  1523  1907  2291  2675  3059  3443  3827  4211
  4595   179   563   947  1331  1715  2099  2483  2867  3251  3635  4019
  4403   371     3   387   771  1155  1539  1923  2307  2691  3075  3459
  3843  4227   195   579   963  1347  1731  2115  2499  2883  3267  3651
  4035  4419     3     4   388   772  1156  1540  1924  2308  2692  3076
  3460  3844  4228   196   580   964  1348  1732  2116  2500  2884  3268
  3652  4036  4420     4    20   404   788  1172  1556  1940  2324  2708
  3092  3476  3860  4244   212   596   980  1364  1748  2132  2516  2900
  3284  3668  4052  4436    20    36   420   804  1188  1572  1956  2340
  2724  3108  3492  3876  4260   228   612   996  1380  1764  2148  2532
  2916  3300  3684  4068  4452    36    52   436   820  1204  1588  1972
  2356  2740  3124  3508  3892  4276   244   628  1012  1396  1780  2164
  2548  2932  3316  3700  4084  4468    52    68   452   836  1220  1604
  1988  2372  2756  3140  3524  3908  4292   260   644  1028  1412  1796
  2180  2564  2948  3332  3716  4100  4484    68    84   468   852  1236
  1620  2004  2388  2772  3156  3540  3924  4308   276   660  1044  1428
  1812  2196  2580  2964  3348  3732  4116  4500    84   100   484   868
  1252  1636  2020  2404  2788  3172  3556  3940  4324   292   676  1060
  1444  1828  2212  2596  2980  3364  3748  4132  4516   100   116   500
   884  1268  1652  2036  2420  2804  3188  3572  3956  4340   308   692
  1076  1460  1844  2228  2612  2996  3380  3764  4148  4532   116   132
   516   900  1284  1668  2052  2436  2820  3204  3588  3972  4356   324
   708  1092  1476  1860  2244  2628  3012  3396  3780  4164  4548   132
   148   532   916  1300  1684  2068  2452  2836  3220  3604  3988  4372
   340   724  1108  1492  1876  2260  2644  3028  3412  3796  4180  4564
   148   164   548   932  1316  1700  2084  2468  2852  3236  3620  4004
  4388   356   740  1124  1508  1892  2276  2660  3044  3428  3812  4196
  4580   164   180   564   948  1332  1716  2100  2484  2868  3252  3636
  4020  4404   372   756  1140  1524  1908  2292  2676  3060  3444  3828
  4212  4596   180   196   580   964  1348  1732  2116  2500  2884  3268
  3652  4036  4420     4   388   772  1156  1540  1924  2308  2692  3076
  3460  3844  4228   196   212   596   980  1364  1748  2132  2516  2900
  3284  3668  4052  4436    20   404   788  1172  1556  1940  2324  2708
  3092  3476  3860  4244   212   228   612   996  1380  1764  2148  2532
  2916  3300  3684  4068  4452    36   420   804  1188  1572  1956  2340
  2724  3108  3492  3876  4260   228   244   628  1012  1396  1780  2164
  2548  2932  3316  3700  4084  4468    52   436   820  1204  1588  1972
  2356  2740  3124  3508  3892  4276   244   260   644  1028  1412  1796
  2180  2564  2948  3332  3716  4100  4484    68   452   836  1220  1604
  1988  2372  2756  3140  3524  3908  4292   260   276   660  1044  1428
  1812  2196  2580  2964  3348  3732  4116  4500    84   468   852  1236
  1620  2004  2388  2772  3156  3540  3924  4308   276   292   676  1060
  1444  1828  2212  2596  2980  3364  3748  4132  4516   100   484   868
  1252  1636  2020  2404  2788  3172  3556  3940  4324   292   308   692
  1076  1460  1844  2228  2612  2996  3380  3764  4148  4532   116   500
   884  1268  1652  2036  2420  2804  3188  3572  3956  4340   308   324
   708  1092  1476  1860  2244  2628  3012  3396  3780  4164  4548   132
   516   900  1284  1668  2052  2436  2820  3204  3588  3972  4356   324
   340   724  1108  1492  1876  2260  2644  3028  3412  3796  4180  4564
   148   532   916  1300  1684  2068  2452  2836  3220  3604  3988  4372
   340   356   740  1124  1508  1892  2276  2660  3044  3428  3812  4196
  4580   164   548   932  1316  1700  2084  2468  2852  3236  3620  4004
  4388   356   372   756  1140  1524  1908  2292  2676  3060  3444  3828
  4212  4596   180   564   948  1332  1716  2100  2484  2868  3252  3636
  4020  4404   372     4   388   772  1156  1540  1924  2308  2692  3076
  3460  3844  4228   196   580   964  1348  1732  2116  2500  2884  3268
  3652  4036  4420     4     5   389   773  1157  1541  1925  2309  2693
  3077  3461  3845  4229   197   581   965  1349  1733  2117  2501  2885
  3269  3653  4037  4421     5    21   405   789  1173  1557  1941  2325
  2709  3093  3477  3861  4245   213   597   981  1365  1749  2133  2517
  2901  3285  3669  4053  4437    21    37   421   805  1189  1573  1957
  2341  2725  3109  3493  3877  4261   229   613   997  1381  1765  2149
  2533  2917  3301  3685  4069  4453    37    53   437   821  1205  1589
  1973  2357  2741  3125  3509  3893  4277   245   629  1013  1397  1781
  2165  2549  2933  3317  3701  4085  4469    53    69   453   837  1221
  1605  1989  2373  2757  3141  3525  3909  4293   261   645  1029  1413
  1797  2181  2565  2949  3333  3717  4101  4485    69    85   469   853
  1237  1621  2005  2389  2773  3157  3541  3925  4309   277   661  1045
  1429  1813  2197  2581  2965  3349  3733  4117  4501    85   101   485
   869  1253  1637  2021  2405  2789  3173  3557  3941  4325   293   677
  1061  1445  1829  2213  2597  2981  3365  3749  4133  4517   101   117
   501   885  1269  1653  2037  2421  2805  3189  3573  3957  4341   309
   693  1077  1461  1845  2229  2613  2997  3381  3765  4149  4533   117
   133   517   901  1285  1669  2053  2437  2821  3205  3589  3973  4357
   325   709  1093  1477  1861  2245  2629  3013  3397  3781  4165  4549
   133   149   533   917  1301  1685  2069  2453  2837  3221  3605  3989
  4373   341   725  1109  1493  1877  2261  2645  3029  3413  3797  4181
  4565   149   165   549   933  1317  1701  2085  2469  2853  3237  3621
  4005  4389   357   741  1125  1509  1893  2277  2661  3045  3429  3813
  4197  4581   165   181   565   949  1333  1717  2101  2485  2869  3253
  3637  4021  4405   373   757  1141  1525  1909  2293  2677  3061  3445
  3829  4213  4597   181   197   581   965  1349  1733  2117  2501  2885
  3269  3653  4037  4421     5   389   773  1157  1541  1925  2309  2693
  3077  3461  3845  4229   197   213   597   981  1365  1749  2133  2517
  2901  3285  3669  4053  4437    21   405   789  1173  1557  1941  2325
  2709  3093  3477  3861  4245   213   229   613   997  1381  1765  2149
  2533  2917  3301  3685  4069  4453    37   421   805  1189  1573  1957
  2341  2725  3109  3493  3877  4261   229   245   629  1013  1397  1781
  2165  2549  2933  3317  3701  4085  4469    53   437   821  1205  1589
  1973  2357  2741  3125  3509  3893  4277   245   261   645  1029  1413
  1797  2181  2565  2949  3333  3717  4101  4485    69   453   837  1221
  1605  1989  2373  2757  3141  3525  3909  4293   261   277   661  1045
  1429  1813  2197  2581  2965  3349  3733  4117  4501    85   469   853
  1237  1621  2005  2389  2773  3157  3541  3925  4309   277   293   677
  1061  1445  1829  2213  2597  2981  3365  3749  4133  4517   101   485
   869  1253  1637  2021  2405  2789  3173  3557  3941  4325   293   309
   693  1077  1461  1845  2229  2613  2997  3381  3765  4149  4533   117
   501   885  1269  1653  2037  2421  2805  3189  3573  3957  4341   309
   325   709  1093  1477  1861  2245  2629  3013  3397  3781  4165  4549
   133   517   901  1285  1669  2053  2437  2821  3205  3589  3973  4357
   325   341   725  1109  1493  1877  2261  2645  3029  3413  3797  4181
  4565   149   533   917  1301  1685  2069  2453  2837  3221  3605  3989
  4373   341   357   741  1125  1509  1893  2277  2661  3045  3429  3813
  4197  4581   165   549   933  1317  1701  2085  2469  2853  3237  3621
  4005  4389   357   373   757  1141  1525  1909  2293  2677  3061  3445
  3829  4213  4597   181   565   949  1333  1717  2101  2485  2869  3253
  3637  4021  4405   373     5   389   773  1157  1541  1925  2309  2693
  3077  3461  3845  4229   197   581   965  1349  1733  2117  2501  2885
  3269  3653  4037  4421     5     6   390   774  1158  1542  1926  2310
  2694  3078  3462  3846  4230   198   582   966  1350  1734  2118  2502
  2886  3270  3654  4038  4422     6    22   406   790  1174  1558  1942
  2326  2710  3094  3478  3862  4246   214   598   982  1366  1750  2134
  2518  2902  3286  3670  4054  4438    22    38   422   806  1190  1574
  1958  2342  2726  3110  3494  3878  4262   230   614   998  1382  1766
  2150  2534  2918  3302  3686  4070  4454    38    54   438   822  1206
  1590  1974  2358  2742  3126  3510  3894  4278   246   630  1014  1398
  1782  2166  2550  2934  3318  3702  4086  4470    54    70   454   838
  1222  1606  1990  2374  2758  3142  3526  3910  4294   262   646  1030
  1414  1798  2182  2566  2950  3334  3718  4102  4486    70    86   470
   854  1238  1622  2006  2390  2774  3158  3542  3926  4310   278   662
  1046  1430  1814  2198  2582  2966  3350  3734  4118  4502    86   102
   486   870  1254  1638  2022  2406  2790  3174  3558  3942  4326   294
   678  1062  1446  1830  2214  2598  2982  3366  3750  4134  4518   102
   118   502   886  1270  1654  2038  2422  2806  3190  3574  3958  4342
   310   694  1078  1462  1846  2230  2614  2998  3382  3766  4150  4534
   118   134   518   902  1286  1670  2054  2438  2822  3206  3590  3974
  4358   326   710  1094  1478  1862  2246  2630  3014  3398  3782  4166
  4550   134   150   534   918  1302  1686  2070  2454  2838  3222  3606
  3990  4374   342   726  1110  1494  1878  2262  2646  3030  3414  3798
  4182  4566   150   166   550   934  1318  1702  2086  2470  2854  3238
  3622  4006  4390   358   742  1126  1510  1894  2278  2662  3046  3430
  3814  4198  4582   166   182   566   950  1334  1718  2102  2486  2870
  3254  3638  4022  4406   374   758  1142  1526  1910  2294  2678  3062
  3446  3830  4214  4598   182   198   582   966  1350  1734  2118  2502
  2886  3270  3654  4038  4422     6   390   774  1158  1542  1926  2310
  2694  3078  3462  3846  4230   198   214   598   982  1366  1750  2134
  2518  2902  3286  3670  4054  4438    22   406   790  1174  1558  1942
  2326  2710  3094  3478  3862  4246   214   230   614   998  1382  1766
  2150  2534  2918  3302  3686  4070  4454    38   422   806  1190  1574
  1958  2342  2726  3110  3494  3878  4262   230   246   630  1014  1398
  1782  2166  2550  2934  3318  3702  4086  4470    54   438   822  1206
  1590  1974  2358  2742  3126  3510  3894  4278   246   262   646  1030
  1414  1798  2182  2566  2950  3334  3718  4102  4486    70   454   838
  1222  1606  1990  2374  2758  3142  3526  3910  4294   262   278   662
  1046  1430  1814  2198  2582  2966  3350  3734  4118  4502    86   470
   854  1238  1622  2006  2390  2774  3158  3542  3926  4310   278   294
   678  1062  1446  1830  2214  2598  2982  3366  3750  4134  4518   102
   486   870  1254  1638  2022  2406  2790  3174  3558  3942  4326   294
   310   694  1078  1462  1846  2230  2614  2998  3382  3766  4150  4534
   118   502   886  1270  1654  2038  2422  2806  3190  3574  3958  4342
   310   326   710  1094  1478  1862  2246  2630  3014  3398  3782  4166
  4550   134   518   902  1286  1670  2054  2438  2822  3206  3590  3974
  4358   326   342   726  1110  1494  1878  2262  2646  3030  3414  3798
  4182  4566   150   534   918  1302  1686  2070  2454  2838  3222  3606
  3990  4374   342   358   742  1126  1510  1894  2278  2662  3046  3430
  3814  4198  4582   166   550   934  1318  1702  2086  2470  2854  3238
  3622  4006  4390   358   374   758  1142  1526  1910  2294  2678  3062
  3446  3830  4214  4598   182   566   950  1334  1718  2102  2486  2870
  3254  3638  4022  4406   374     6   390   774  1158  1542  1926  2310
  2694  3078  3462  3846  4230   198   582   966  1350  1734  2118  2502
  2886  3270  3654  4038  4422     6     7   391   775  1159  1543  1927
  2311  2695  3079  3463  3847  4231   199   583   967  1351  1735  2119
  2503  2887  3271  3655  4039  4423     7    23   407   791  1175  1559
  1943  2327  2711  3095  3479  3863  4247   215   599   983  1367  1751
  2135  2519  2903  3287  3671  4055  4439    23    39   423   807  1191
  1575  1959  2343  2727  3111  3495  3879  4263   231   615   999  1383
  1767  2151  2535  2919  3303  3687  4071  4455    39    55   439   823
  1207  1591  1975  2359  2743  3127  3511  3895  4279   247   631  1015
  1399  1783  2167  2551  2935  3319  3703  4087  4471    55    71   455
   839  1223  1607  1991  2375  2759  3143  3527  3911  4295   263   647
  1031  1415  1799  2183  2567  2951  3335  3719  4103  4487    71    87
   471   855  1239  1623  2007  2391  2775  3159  3543  3927  4311   279
   663  1047  1431  1815  2199  2583  2967  3351  3735  4119  4503    87
   103   487   871  1255  1639  2023  2407  2791  3175  3559  3943  4327
   295   679  1063  1447  1831  2215  2599  2983  3367  3751  4135  4519
   103   119   503   887  1271  1655  2039  2423  2807  3191  3575  3959
  4343   311   695  1079  1463  1847  2231  2615  2999  3383  3767  4151
  4535   119   135   519   903  1287  1671  2055  2439  2823  3207  3591
  3975  4359   327   711  1095  1479  1863  2247  2631  3015  3399  3783
  4167  4551   135   151   535   919  1303  1687  2071  2455  2839  3223
  3607  3991  4375   343   727  1111  1495  1879  2263  2647  3031  3415
  3799  4183  4567   151   167   551   935  1319  1703  2087  2471  2855
  3239  3623  4007  4391   359   743  1127  1511  1895  2279  2663  3047
  3431  3815  4199  4583   167   183   567   951  1335  1719  2103  2487
  2871  3255  3639  4023  4407   375   759  1143  1527  1911  2295  2679
  3063  3447  3831  4215  4599   183   199   583   967  1351  1735  2119
  2503  2887  3271  3655  4039  4423     7   391   775  1159  1543  1927
  2311  2695  3079  3463  3847  4231   199   215   599   983  1367  1751
  2135  2519  2903  3287  3671  4055  4439    23   407   791  1175  1559
  1943  2327  2711  3095  3479  3863  4247   215   231   615   999  1383
  1767  2151  2535  2919  3303  3687  4071  4455    39   423   807  1191
  1575  1959  2343  2727  3111  3495  3879  4263   231   247   631  1015
  1399  1783  2167  2551  2935  3319  3703  4087  4471    55   439   823
  1207  1591  1975  2359  2743  3127  3511  3895  4279   247   263   647
  1031  1415  1799  2183  2567  2951  3335  3719  4103  4487    71   455
   839  1223  1607  1991  2375  2759  3143  3527  3911  4295   263   279
   663  1047  1431  1815  2199  2583  2967  3351  3735  4119  4503    87
   471   855  1239  1623  2007  2391  2775  3159  3543  3927  4311   279
   295   679  1063  1447  1831  2215  2599  2983  3367  3751  4135  4519
   103   487   871  1255  1639  2023  2407  2791  3175  3559  3943  4327
   295   311   695  1079  1463  1847  2231  2615  2999  3383  3767  4151
  4535   119   503   887  1271  1655  2039  2423  2807  3191  3575  3959
  4343   311   327   711  1095  1479  1863  2247  2631  3015  3399  3783
  4167  4551   135   519   903  1287  1671  2055  2439  2823  3207  3591
  3975  4359   327   343   727  1111  1495  1879  2263  2647  3031  3415
  3799  4183  4567   151   535   919  1303  1687  2071  2455  2839  3223
  3607  3991  4375   343   359   743  1127  1511  1895  2279  2663  3047
  3431  3815  4199  4583   167   551   935  1319  1703  2087  2471  2855
  3239  3623  4007  4391   359   375   759  1143  1527  1911  2295  2679
  3063  3447  3831  4215  4599   183   567   951  1335  1719  2103  2487
  2871  3255  3639  4023  4407   375     7   391   775  1159  1543  1927
  2311  2695  3079  3463  3847  4231   199   583   967  1351  1735  2119
  2503  2887  3271  3655  4039  4423     7     8   392   776  1160  1544
  1928  2312  2696  3080  3464  3848  4232   200   584   968  1352  1736
  2120  2504  2888  3272  3656  4040  4424     8    24   408   792  1176
  1560  1944  2328  2712  3096  3480  3864  4248   216   600   984  1368
  1752  2136  2520  2904  3288  3672  4056  4440    24    40   424   808
  1192  1576  1960  2344  2728  3112  3496  3880  4264   232   616  1000
  1384  1768  2152  2536  2920  3304  3688  4072  4456    40    56   440
   824  1208  1592  1976  2360  2744  3128  3512  3896  4280   248   632
  1016  1400  1784  2168  2552  2936  3320  3704  4088  4472    56    72
   456   840  1224  1608  1992  2376  2760  3144  3528  3912  4296   264
   648  1032  1416  1800  2184  2568  2952  3336  3720  4104  4488    72
    88   472   856  1240  1624  2008  2392  2776  3160  3544  3928  4312
   280   664  1048  1432  1816  2200  2584  2968  3352  3736  4120  4504
    88   104   488   872  1256  1640  2024  2408  2792  3176  3560  3944
  4328   296   680  1064  1448  1832  2216  2600  2984  3368  3752  4136
  4520   104   120   504   888  1272  1656  2040  2424  2808  3192  3576
  3960  4344   312   696  1080  1464  1848  2232  2616  3000  3384  3768
  4152  4536   120   136   520   904  1288  1672  2056  2440  2824  3208
  3592  3976  4360   328   712  1096  1480  1864  2248  2632  3016  3400
  3784  4168  4552   136   152   536   920  1304  1688  2072  2456  2840
  3224  3608  3992  4376   344   728  1112  1496  1880  2264  2648  3032
  3416  3800  4184  4568   152   168   552   936  1320  1704  2088  2472
  2856  3240  3624  4008  4392   360   744  1128  1512  1896  2280  2664
  3048  3432  3816  4200  4584   168   184   568   952  1336  1720  2104
  2488  2872  3256  3640  4024  4408   376   760  1144  1528  1912  2296
  2680  3064  3448  3832  4216  4600   184   200   584   968  1352  1736
  2120  2504  2888  3272  3656  4040  4424     8   392   776  1160  1544
  1928  2312  2696  3080  3464  3848  4232   200   216   600   984  1368
  1752  2136  2520  2904  3288  3672  4056  4440    24   408   792  1176
  1560  1944  2328  2712  3096  3480  3864  4248   216   232   616  1000
  1384  1768  2152  2536  2920  3304  3688  4072  4456    40   424   808
  1192  1576  1960  2344  2728  3112  3496  3880  4264   232   248   632
  1016  1400  1784  2168  2552  2936  3320  3704  4088  4472    56   440
   824  1208  1592  1976  2360  2744  3128  3512  3896  4280   248   264
   648  1032  1416  1800  2184  2568  2952  3336  3720  4104  4488    72
   456   840  1224  1608  1992  2376  2760  3144  3528  3912  4296   264
   280   664  1048  1432  1816  2200  2584  2968  3352  3736  4120  4504
    88   472   856  1240  1624  2008  2392  2776  3160  3544  3928  4312
   280   296   680  1064  1448  1832  2216  2600  2984  3368  3752  4136
  4520   104   488   872  1256  1640  2024  2408  2792  3176  3560  3944
  4328   296   312   696  1080  1464  1848  2232  2616  3000  3384  3768
  4152  4536   120   504   888  1272  1656  2040  2424  2808  3192  3576
  3960  4344   312   328   712  1096  1480  1864  2248  2632  3016  3400
  3784  4168  4552   136   520   904  1288  1672  2056  2440  2824  3208
  3592  3976  4360   328   344   728  1112  1496  1880  2264  2648  3032
  3416  3800  4184  4568   152   536   920  1304  1688  2072  2456  2840
  3224  3608  3992  4376   344   360   744  1128  1512  1896  2280  2664
  3048  3432  3816  4200  4584   168   552   936  1320  1704  2088  2472
  2856  3240  3624  4008  4392   360   376   760  1144  1528  1912  2296
  2680  3064  3448  3832  4216  4600   184   568   952  1336  1720  2104
  2488  2872  3256  3640  4024  4408   376     8   392   776  1160  1544
  1928  2312  2696  3080  3464  3848  4232   200   584   968  1352  1736
  2120  2504  2888  3272  3656  4040  4424     8     9   393   777  1161
  1545  1929  2313  2697  3081  3465  3849  4233   201   585   969  1353
  1737  2121  2505  2889  3273  3657  4041  4425     9    25   409   793
  1177  1561  1945  2329  2713  3097  3481  3865  4249   217   601   985
  1369  1753  2137  2521  2905  3289  3673  4057  4441    25    41   425
   809  1193  1577  1961  2345  2729  3113  3497  3881  4265   233   617
  1001  1385  1769  2153  2537  2921  3305  3689  4073  4457    41    57
   441   825  1209  1593  1977  2361  2745  3129  3513  3897  4281   249
   633  1017  1401  1785  2169  2553  2937  3321  3705  4089  4473    57
    73   457   841  1225  1609  1993  2377  2761  3145  3529  3913  4297
   265   649  1033  1417  1801  2185  2569  2953  3337  3721  4105  4489
    73    89   473   857  1241  1625  2009  2393  2777  3161  3545  3929
  4313   281   665  1049  1433  1817  2201  2585  2969  3353  3737  4121
  4505    89   105   489   873  1257  1641  2025  2409  2793  3177  3561
  3945  4329   297   681  1065  1449  1833  2217  2601  2985  3369  3753
  4137  4521   105   121   505   889  1273  1657  2041  2425  2809  3193
  3577  3961  4345   313   697  1081  1465  1849  2233  2617  3001  3385
  3769  4153  4537   121   137   521   905  1289  1673  2057  2441  2825
  3209  3593  3977  4361   329   713  1097  1481  1865  2249  2633  3017
  3401  3785  4169  4553   137   153   537   921  1305  1689  2073  2457
  2841  3225  3609  3993  4377   345   729  1113  1497  1881  2265  2649
  3033  3417  3801  4185  4569   153   169   553   937  1321  1705  2089
  2473  2857  3241  3625  4009  4393   361   745  1129  1513  1897  2281
  2665  3049  3433  3817  4201  4585   169   185   569   953  1337  1721
  2105  2489  2873  3257  3641  4025  4409   377   761  1145  1529  1913
  2297  2681  3065  3449  3833  4217  4601   185   201   585   969  1353
  1737  2121  2505  2889  3273  3657  4041  4425     9   393   777  1161
  1545  1929  2313  2697  3081  3465  3849  4233   201   217   601   985
  1369  1753  2137  2521  2905  3289  3673  4057  4441    25   409   793
  1177  1561  1945  2329  2713  3097  3481  3865  4249   217   233   617
  1001  1385  1769  2153  2537  2921  3305  3689  4073  4457    41   425
   809  1193  1577  1961  2345  2729  3113  3497  3881  4265   233   249
   633  1017  1401  1785  2169  2553  2937  3321  3705  4089  4473    57
   441   825  1209  1593  1977  2361  2745  3129  3513  3897  4281   249
   265   649  1033  1417  1801  2185  2569  2953  3337  3721  4105  4489
    73   457   841  1225  1609  1993  2377  2761  3145  3529  3913  4297
   265   281   665  1049  1433  1817  2201  2585  2969  3353  3737  4121
  4505    89   473   857  1241  1625  2009  2393  2777  3161  3545  3929
  4313   281   297   681  1065  1449  1833  2217  2601  2985  3369  3753
  4137  4521   105   489   873  1257  1641  2025  2409  2793  3177  3561
  3945  4329   297   313   697  1081  1465  1849  2233  2617  3001  3385
  3769  4153  4537   121   505   889  1273  1657  2041  2425  2809  3193
  3577  3961  4345   313   329   713  1097  1481  1865  2249  2633  3017
  3401  3785  4169  4553   137   521   905  1289  1673  2057  2441  2825
  3209  3593  3977  4361   329   345   729  1113  1497  1881  2265  2649
  3033  3417  3801  4185  4569   153   537   921  1305  1689  2073  2457
  2841  3225  3609  3993  4377   345   361   745  1129  1513  1897  2281
  2665  3049  3433  3817  4201  4585   169   553   937  1321  1705  2089
  2473  2857  3241  3625  4009  4393   361   377   761  1145  1529  1913
  2297  2681  3065  3449  3833  4217  4601   185   569   953  1337  1721
  2105  2489  2873  3257  3641  4025  4409   377     9   393   777  1161
  1545  1929  2313  2697  3081  3465  3849  4233   201   585   969  1353
  1737  2121  2505  2889  3273  3657  4041  4425     9    10   394   778
  1162  1546  1930  2314  2698  3082  3466  3850  4234   202   586   970
  1354  1738  2122  2506  2890  3274  3658  4042  4426    10    26   410
   794  1178  1562  1946  2330  2714  3098  3482  3866  4250   218   602
   986  1370  1754  2138  2522  2906  3290  3674  4058  4442    26    42
   426   810  1194  1578  1962  2346  2730  3114  3498  3882  4266   234
   618  1002  1386  1770  2154  2538  2922  3306  3690  4074  4458    42
    58   442   826  1210  1594  1978  2362  2746  3130  3514  3898  4282
   250   634  1018  1402  1786  2170  2554  2938  3322  3706  4090  4474
    58    74   458   842  1226  1610  1994  2378  2762  3146  3530  3914
  4298   266   650  1034  1418  1802  2186  2570  2954  3338  3722  4106
  4490    74    90   474   858  1242  1626  2010  2394  2778  3162  3546
  3930  4314   282   666  1050  1434  1818  2202  2586  2970  3354  3738
  4122  4506    90   106   490   874  1258  1642  2026  2410  2794  3178
  3562  3946  4330   298   682  1066  1450  1834  2218  2602  2986  3370
  3754  4138  4522   106   122   506   890  1274  1658  2042  2426  2810
  3194  3578  3962  4346   314   698  1082  1466  1850  2234  2618  3002
  3386  3770  4154  4538   122   138   522   906  1290  1674  2058  2442
  2826  3210  3594  3978  4362   330   714  1098  1482  1866  2250  2634
  3018  3402  3786  4170  4554   138   154   538   922  1306  1690  2074
  2458  2842  3226  3610  3994  4378   346   730  1114  1498  1882  2266
  2650  3034  3418  3802  4186  4570   154   170   554   938  1322  1706
  2090  2474  2858  3242  3626  4010  4394   362   746  1130  1514  1898
  2282  2666  3050  3434  3818  4202  4586   170   186   570   954  1338
  1722  2106  2490  2874  3258  3642  4026  4410   378   762  1146  1530
  1914  2298  2682  3066  3450  3834  4218  4602   186   202   586   970
  1354  1738  2122  2506  2890  3274  3658  4042  4426    10   394   778
  1162  1546  1930  2314  2698  3082  3466  3850  4234   202   218   602
   986  1370  1754  2138  2522  2906  3290  3674  4058  4442    26   410
   794  1178  1562  1946  2330  2714  3098  3482  3866  4250   218   234
   618  1002  1386  1770  2154  2538  2922  3306  3690  4074  4458    42
   426   810  1194  1578  1962  2346  2730  3114  3498  3882  4266   234
   250   634  1018  1402  1786  2170  2554  2938  3322  3706  4090  4474
    58   442   826  1210  1594  1978  2362  2746  3130  3514  3898  4282
   250   266   650  1034  1418  1802  2186  2570  2954  3338  3722  4106
  4490    74   458   842  1226  1610  1994  2378  2762  3146  3530  3914
  4298   266   282   666  1050  1434  1818  2202  2586  2970  3354  3738
  4122  4506    90   474   858  1242  1626  2010  2394  2778  3162  3546
  3930  4314   282   298   682  1066  1450  1834  2218  2602  2986  3370
  3754  4138  4522   106   490   874  1258  1642  2026  2410  2794  3178
  3562  3946  4330   298   314   698  1082  1466  1850  2234  2618  3002
  3386  3770  4154  4538   122   506   890  1274  1658  2042  2426  2810
  3194  3578  3962  4346   314   330   714  1098  1482  1866  2250  2634
  3018  3402  3786  4170  4554   138   522   906  1290  1674  2058  2442
  2826  3210  3594  3978  4362   330   346   730  1114  1498  1882  2266
  2650  3034  3418  3802  4186  4570   154   538   922  1306  1690  2074
  2458  2842  3226  3610  3994  4378   346   362   746  1130  1514  1898
  2282  2666  3050  3434  3818  4202  4586   170   554   938  1322  1706
  2090  2474  2858  3242  3626  4010  4394   362   378   762  1146  1530
  1914  2298  2682  3066  3450  3834  4218  4602   186   570   954  1338
  1722  2106  2490  2874  3258  3642  4026  4410   378    10   394   778
  1162  1546  1930  2314  2698  3082  3466  3850  4234   202   586   970
  1354  1738  2122  2506  2890  3274  3658  4042  4426    10    11   395
   779  1163  1547  1931  2315  2699  3083  3467  3851  4235   203   587
   971  1355  1739  2123  2507  2891  3275  3659  4043  4427    11    27
   411   795  1179  1563  1947  2331  2715  3099  3483  3867  4251   219
   603   987  1371  1755  2139  2523  2907  3291  3675  4059  4443    27
    43   427   811  1195  1579  1963  2347  2731  3115  3499  3883  4267
   235   619  1003  1387  1771  2155  2539  2923  3307  3691  4075  4459
    43    59   443   827  1211  1595  1979  2363  2747  3131  3515  3899
  4283   251   635  1019  1403  1787  2171  2555  2939  3323  3707  4091
  4475    59    75   459   843  1227  1611  1995  2379  2763  3147  3531
  3915  4299   267   651  1035  1419  1803  2187  2571  2955  3339  3723
  4107  4491    75    91   475   859  1243  1627  2011  2395  2779  3163
  3547  3931  4315   283   667  1051  1435  1819  2203  2587  2971  3355
  3739  4123  4507    91   107   491   875  1259  1643  2027  2411  2795
  3179  3563  3947  4331   299   683  1067  1451  1835  2219  2603  2987
  3371  3755  4139  4523   107   123   507   891  1275  1659  2043  2427
  2811  3195  3579  3963  4347   315   699  1083  1467  1851  2235  2619
  3003  3387  3771  4155  4539   123   139   523   907  1291  1675  2059
  2443  2827  3211  3595  3979  4363   331   715  1099  1483  1867  2251
  2635  3019  3403  3787  4171  4555   139   155   539   923  1307  1691
  2075  2459  2843  3227  3611  3995  4379   347   731  1115  1499  1883
  2267  2651  3035  3419  3803  4187  4571   155   171   555   939  1323
  1707  2091  2475  2859  3243  3627  4011  4395   363   747  1131  1515
  1899  2283  2667  3051  3435  3819  4203  4587   171   187   571   955
  1339  1723  2107  2491  2875  3259  3643  4027  4411   379   763  1147
  1531  1915  2299  2683  3067  3451  3835  4219  4603   187   203   587
   971  1355  1739  2123  2507  2891  3275  3659  4043  4427    11   395
   779  1163  1547  1931  2315  2699  3083  3467  3851  4235   203   219
   603   987  1371  1755  2139  2523  2907  3291  3675  4059  4443    27
   411   795  1179  1563  1947  2331  2715  3099  3483  3867  4251   219
   235   619  1003  1387  1771  2155  2539  2923  3307  3691  4075  4459
    43   427   811  1195  1579  1963  2347  2731  3115  3499  3883  4267
   235   251   635  1019  1403  1787  2171  2555  2939  3323  3707  4091
  4475    59   443   827  1211  1595  1979  2363  2747  3131  3515  3899
  4283   251   267   651  1035  1419  1803  2187  2571  2955  3339  3723
  4107  4491    75   459   843  1227  1611  1995  2379  2763  3147  3531
  3915  4299   267   283   667  1051  1435  1819  2203  2587  2971  3355
  3739  4123  4507    91   475   859  1243  1627  2011  2395  2779  3163
  3547  3931  4315   283   299   683  1067  1451  1835  2219  2603  2987
  3371  3755  4139  4523   107   491   875  1259  1643  2027  2411  2795
  3179  3563  3947  4331   299   315   699  1083  1467  1851  2235  2619
  3003  3387  3771  4155  4539   123   507   891  1275  1659  2043  2427
  2811  3195  3579  3963  4347   315   331   715  1099  1483  1867  2251
  2635  3019  3403  3787  4171  4555   139   523   907  1291  1675  2059
  2443  2827  3211  3595  3979  4363   331   347   731  1115  1499  1883
  2267  2651  3035  3419  3803  4187  4571   155   539   923  1307  1691
  2075  2459  2843  3227  3611  3995  4379   347   363   747  1131  1515
  1899  2283  2667  3051  3435  3819  4203  4587   171   555   939  1323
  1707  2091  2475  2859  3243  3627  4011  4395   363   379   763  1147
  1531  1915  2299  2683  3067  3451  3835  4219  4603   187   571   955
  1339  1723  2107  2491  2875  3259  3643  4027  4411   379    11   395
   779  1163  1547  1931  2315  2699  3083  3467  3851  4235   203   587
   971  1355  1739  2123  2507  2891  3275  3659  4043  4427    11    12
   396   780  1164  1548  1932  2316  2700  3084  3468  3852  4236   204
   588   972  1356  1740  2124  2508  2892  3276  3660  4044  4428    12
    28   412   796  1180  1564  1948  2332  2716  3100  3484  3868  4252
   220   604   988  1372  1756  2140  2524  2908  3292  3676  4060  4444
    28    44   428   812  1196  1580  1964  2348  2732  3116  3500  3884
  4268   236   620  1004  1388  1772  2156  2540  2924  3308  3692  4076
  4460    44    60   444   828  1212  1596  1980  2364  2748  3132  3516
  3900  4284   252   636  1020  1404  1788  2172  2556  2940  3324  3708
  4092  4476    60    76   460   844  1228  1612  1996  2380  2764  3148
  3532  3916  4300   268   652  1036  1420  1804  2188  2572  2956  3340
  3724  4108  4492    76    92   476   860  1244  1628  2012  2396  2780
  3164  3548  3932  4316   284   668  1052  1436  1820  2204  2588  2972
  3356  3740  4124  4508    92   108   492   876  1260  1644  2028  2412
  2796  3180  3564  3948  4332   300   684  1068  1452  1836  2220  2604
  2988  3372  3756  4140  4524   108   124   508   892  1276  1660  2044
  2428  2812  3196  3580  3964  4348   316   700  1084  1468  1852  2236
  2620  3004  3388  3772  4156  4540   124   140   524   908  1292  1676
  2060  2444  2828  3212  3596  3980  4364   332   716  1100  1484  1868
  2252  2636  3020  3404  3788  4172  4556   140   156   540   924  1308
  1692  2076  2460  2844  3228  3612  3996  4380   348   732  1116  1500
  1884  2268  2652  3036  3420  3804  4188  4572   156   172   556   940
  1324  1708  2092  2476  2860  3244  3628  4012  4396   364   748  1132
  1516  1900  2284  2668  3052  3436  3820  4204  4588   172   188   572
   956  1340  1724  2108  2492  2876  3260  3644  4028  4412   380   764
  1148  1532  1916  2300  2684  3068  3452  3836  4220  4604   188   204
   588   972  1356  1740  2124  2508  2892  3276  3660  4044  4428    12
   396   780  1164  1548  1932  2316  2700  3084  3468  3852  4236   204
   220   604   988  1372  1756  2140  2524  2908  3292  3676  4060  4444
    28   412   796  1180  1564  1948  2332  2716  3100  3484  3868  4252
   220   236   620  1004  1388  1772  2156  2540  2924  3308  3692  4076
  4460    44   428   812  1196  1580  1964  2348  2732  3116  3500  3884
  4268   236   252   636  1020  1404  1788  2172  2556  2940  3324  3708
  4092  4476    60   444   828  1212  1596  1980  2364  2748  3132  3516
  3900  4284   252   268   652  1036  1420  1804  2188  2572  2956  3340
  3724  4108  4492    76   460   844  1228  1612  1996  2380  2764  3148
  3532  3916  4300   268   284   668  1052  1436  1820  2204  2588  2972
  3356  3740  4124  4508    92   476   860  1244  1628  2012  2396  2780
  3164  3548  3932  4316   284   300   684  1068  1452  1836  2220  2604
  2988  3372  3756  4140  4524   108   492   876  1260  1644  2028  2412
  2796  3180  3564  3948  4332   300   316   700  1084  1468  1852  2236
  2620  3004  3388  3772  4156  4540   124   508   892  1276  1660  2044
  2428  2812  3196  3580  3964  4348   316   332   716  1100  1484  1868
  2252  2636  3020  3404  3788  4172  4556   140   524   908  1292  1676
  2060  2444  2828  3212  3596  3980  4364   332   348   732  1116  1500
  1884  2268  2652  3036  3420  3804  4188  4572   156   540   924  1308
  1692  2076  2460  2844  3228  3612  3996  4380   348   364   748  1132
  1516  1900  2284  2668  3052  3436  3820  4204  4588   172   556   940
  1324  1708  2092  2476  2860  3244  3628  4012  4396   364   380   764
  1148  1532  1916  2300  2684  3068  3452  3836  4220  4604   188   572
   956  1340  1724  2108  2492  2876  3260  3644  4028  4412   380    12
   396   780  1164  1548  1932  2316  2700  3084  3468  3852  4236   204
   588   972  1356  1740  2124  2508  2892  3276  3660  4044  4428    12
    13   397   781  1165  1549  1933  2317  2701  3085  3469  3853  4237
   205   589   973  1357  1741  2125  2509  2893  3277  3661  4045  4429
    13    29   413   797  1181  1565  1949  2333  2717  3101  3485  3869
  4253   221   605   989  1373  1757  2141  2525  2909  3293  3677  4061
  4445    29    45   429   813  1197  1581  1965  2349  2733  3117  3501
  3885  4269   237   621  1005  1389  1773  2157  2541  2925  3309  3693
  4077  4461    45    61   445   829  1213  1597  1981  2365  2749  3133
  3517  3901  4285   253   637  1021  1405  1789  2173  2557  2941  3325
  3709  4093  4477    61    77   461   845  1229  1613  1997  2381  2765
  3149  3533  3917  4301   269   653  1037  1421  1805  2189  2573  2957
  3341  3725  4109  4493    77    93   477   861  1245  1629  2013  2397
  2781  3165  3549  3933  4317   285   669  1053  1437  1821  2205  2589
  2973  3357  3741  4125  4509    93   109   493   877  1261  1645  2029
  2413  2797  3181  3565  3949  4333   301   685  1069  1453  1837  2221
  2605  2989  3373  3757  4141  4525   109   125   509   893  1277  1661
  2045  2429  2813  3197  3581  3965  4349   317   701  1085  1469  1853
  2237  2621  3005  3389  3773  4157  4541   125   141   525   909  1293
  1677  2061  2445  2829  3213  3597  3981  4365   333   717  1101  1485
  1869  2253  2637  3021  3405  3789  4173  4557   141   157   541   925
  1309  1693  2077  2461  2845  3229  3613  3997  4381   349   733  1117
  1501  1885  2269  2653  3037  3421  3805  4189  4573   157   173   557
   941  1325  1709  2093  2477  2861  3245  3629  4013  4397   365   749
  1133  1517  1901  2285  2669  3053  3437  3821  4205  4589   173   189
   573   957  1341  1725  2109  2493  2877  3261  3645  4029  4413   381
   765  1149  1533  1917  2301  2685  3069  3453  3837  4221  4605   189
   205   589   973  1357  1741  2125  2509  2893  3277  3661  4045  4429
    13   397   781  1165  1549  1933  2317  2701  3085  3469  3853  4237
   205   221   605   989  1373  1757  2141  2525  2909  3293  3677  4061
  4445    29   413   797  1181  1565  1949  2333  2717  3101  3485  3869
  4253   221   237   621  1005  1389  1773  2157  2541  2925  3309  3693
  4077  4461    45   429   813  1197  1581  1965  2349  2733  3117  3501
  3885  4269   237   253   637  1021  1405  1789  2173  2557  2941  3325
  3709  4093  4477    61   445   829  1213  1597  1981  2365  2749  3133
  3517  3901  4285   253   269   653  1037  1421  1805  2189  2573  2957
  3341  3725  4109  4493    77   461   845  1229  1613  1997  2381  2765
  3149  3533  3917  4301   269   285   669  1053  1437  1821  2205  2589
  2973  3357  3741  4125  4509    93   477   861  1245  1629  2013  2397
  2781  3165  3549  3933  4317   285   301   685  1069  1453  1837  2221
  2605  2989  3373  3757  4141  4525   109   493   877  1261  1645  2029
  2413  2797  3181  3565  3949  4333   301   317   701  1085  1469  1853
  2237  2621  3005  3389  3773  4157  4541   125   509   893  1277  1661
  2045  2429  2813  3197  3581  3965  4349   317   333   717  1101  1485
  1869  2253  2637  3021  3405  3789  4173  4557   141   525   909  1293
  1677  2061  2445  2829  3213  3597  3981  4365   333   349   733  1117
  1501  1885  2269  2653  3037  3421  3805  4189  4573   157   541   925
  1309  1693  2077  2461  2845  3229  3613  3997  4381   349   365   749
  1133  1517  1901  2285  2669  3053  3437  3821  4205  4589   173   557
   941  1325  1709  2093  2477  2861  3245  3629  4013  4397   365   381
   765  1149  1533  1917  2301  2685  3069  3453  3837  4221  4605   189
   573   957  1341  1725  2109  2493  2877  3261  3645  4029  4413   381
    13   397   781  1165  1549  1933  2317  2701  3085  3469  3853  4237
   205   589   973  1357  1741  2125  2509  2893  3277  3661  4045  4429
    13    14   398   782  1166  1550  1934  2318  2702  3086  3470  3854
  4238   206   590   974  1358  1742  2126  2510  2894  3278  3662  4046
  4430    14    30   414   798  1182  1566  1950  2334  2718  3102  3486
  3870  4254   222   606   990  1374  1758  2142  2526  2910  3294  3678
  4062  4446    30    46   430   814  1198  1582  1966  2350  2734  3118
  3502  3886  4270   238   622  1006  1390  1774  2158  2542  2926  3310
  3694  4078  4462    46    62   446   830  1214  1598  1982  2366  2750
  3134  3518  3902  4286   254   638  1022  1406  1790  2174  2558  2942
  3326  3710  4094  4478    62    78   462   846  1230  1614  1998  2382
  2766  3150  3534  3918  4302   270   654  1038  1422  1806  2190  2574
  2958  3342  3726  4110  4494    78    94   478   862  1246  1630  2014
  2398  2782  3166  3550  3934  4318   286   670  1054  1438  1822  2206
  2590  2974  3358  3742  4126  4510    94   110   494   878  1262  1646
  2030  2414  2798  3182  3566  3950  4334   302   686  1070  1454  1838
  2222  2606  2990  3374  3758  4142  4526   110   126   510   894  1278
  1662  2046  2430  2814  3198  3582  3966  4350   318   702  1086  1470
  1854  2238  2622  3006  3390  3774  4158  4542   126   142   526   910
  1294  1678  2062  2446  2830  3214  3598  3982  4366   334   718  1102
  1486  1870  2254  2638  3022  3406  3790  4174  4558   142   158   542
   926  1310  1694  2078  2462  2846  3230  3614  3998  4382   350   734
  1118  1502  1886  2270  2654  3038  3422  3806  4190  4574   158   174
   558   942  1326  1710  2094  2478  2862  3246  3630  4014  4398   366
   750  1134  1518  1902  2286  2670  3054  3438  3822  4206  4590   174
   190   574   958  1342  1726  2110  2494  2878  3262  3646  4030  4414
   382   766  1150  1534  1918  2302  2686  3070  3454  3838  4222  4606
   190   206   590   974  1358  1742  2126  2510  2894  3278  3662  4046
  4430    14   398   782  1166  1550  1934  2318  2702  3086  3470  3854
  4238   206   222   606   990  1374  1758  2142  2526  2910  3294  3678
  4062  4446    30   414   798  1182  1566  1950  2334  2718  3102  3486
  3870  4254   222   238   622  1006  1390  1774  2158  2542  2926  3310
  3694  4078  4462    46   430   814  1198  1582  1966  2350  2734  3118
  3502  3886  4270   238   254   638  1022  1406  1790  2174  2558  2942
  3326  3710  4094  4478    62   446   830  1214  1598  1982  2366  2750
  3134  3518  3902  4286   254   270   654  1038  1422  1806  2190  2574
  2958  3342  3726  4110  4494    78   462   846  1230  1614  1998  2382
  2766  3150  3534  3918  4302   270   286   670  1054  1438  1822  2206
  2590  2974  3358  3742  4126  4510    94   478   862  1246  1630  2014
  2398  2782  3166  3550  3934  4318   286   302   686  1070  1454  1838
  2222  2606  2990  3374  3758  4142  4526   110   494   878  1262  1646
  2030  2414  2798  3182  3566  3950  4334   302   318   702  1086  1470
  1854  2238  2622  3006  3390  3774  4158  4542   126   510   894  1278
  1662  2046  2430  2814  3198  3582  3966  4350   318   334   718  1102
  1486  1870  2254  2638  3022  3406  3790  4174  4558   142   526   910
  1294  1678  2062  2446  2830  3214  3598  3982  4366   334   350   734
  1118  1502  1886  2270  2654  3038  3422  3806  4190  4574   158   542
   926  1310  1694  2078  2462  2846  3230  3614  3998  4382   350   366
   750  1134  1518  1902  2286  2670  3054  3438  3822  4206  4590   174
   558   942  1326  1710  2094  2478  2862  3246  3630  4014  4398   366
   382   766  1150  1534  1918  2302  2686  3070  3454  3838  4222  4606
   190   574   958  1342  1726  2110  2494  2878  3262  3646  4030  4414
   382    14   398   782  1166  1550  1934  2318  2702  3086  3470  3854
  4238   206   590   974  1358  1742  2126  2510  2894  3278  3662  4046
  4430    14    15   399   783  1167  1551  1935  2319  2703  3087  3471
  3855  4239   207   591   975  1359  1743  2127  2511  2895  3279  3663
  4047  4431    15    31   415   799  1183  1567  1951  2335  2719  3103
  3487  3871  4255   223   607   991  1375  1759  2143  2527  2911  3295
  3679  4063  4447    31    47   431   815  1199  1583  1967  2351  2735
  3119  3503  3887  4271   239   623  1007  1391  1775  2159  2543  2927
  3311  3695  4079  4463    47    63   447   831  1215  1599  1983  2367
  2751  3135  3519  3903  4287   255   639  1023  1407  1791  2175  2559
  2943  3327  3711  4095  4479    63    79   463   847  1231  1615  1999
  2383  2767  3151  3535  3919  4303   271   655  1039  1423  1807  2191
  2575  2959  3343  3727  4111  4495    79    95   479   863  1247  1631
  2015  2399  2783  3167  3551  3935  4319   287   671  1055  1439  1823
  2207  2591  2975  3359  3743  4127  4511    95   111   495   879  1263
  1647  2031  2415  2799  3183  3567  3951  4335   303   687  1071  1455
  1839  2223  2607  2991  3375  3759  4143  4527   111   127   511   895
  1279  1663  2047  2431  2815  3199  3583  3967  4351   319   703  1087
  1471  1855  2239  2623  3007  3391  3775  4159  4543   127   143   527
   911  1295  1679  2063  2447  2831  3215  3599  3983  4367   335   719
  1103  1487  1871  2255  2639  3023  3407  3791  4175  4559   143   159
   543   927  1311  1695  2079  2463  2847  3231  3615  3999  4383   351
   735  1119  1503  1887  2271  2655  3039  3423  3807  4191  4575   159
   175   559   943  1327  1711  2095  2479  2863  3247  3631  4015  4399
   367   751  1135  1519  1903  2287  2671  3055  3439  3823  4207  4591
   175   191   575   959  1343  1727  2111  2495  2879  3263  3647  4031
  4415   383   767  1151  1535  1919  2303  2687  3071  3455  3839  4223
  4607   191   207   591   975  1359  1743  2127  2511  2895  3279  3663
  4047  4431    15   399   783  1167  1551  1935  2319  2703  3087  3471
  3855  4239   207   223   607   991  1375  1759  2143  2527  2911  3295
  3679  4063  4447    31   415   799  1183  1567  1951  2335  2719  3103
  3487  3871  4255   223   239   623  1007  1391  1775  2159  2543  2927
  3311  3695  4079  4463    47   431   815  1199  1583  1967  2351  2735
  3119  3503  3887  4271   239   255   639  1023  1407  1791  2175  2559
  2943  3327  3711  4095  4479    63   447   831  1215  1599  1983  2367
  2751  3135  3519  3903  4287   255   271   655  1039  1423  1807  2191
  2575  2959  3343  3727  4111  4495    79   463   847  1231  1615  1999
  2383  2767  3151  3535  3919  4303   271   287   671  1055  1439  1823
  2207  2591  2975  3359  3743  4127  4511    95   479   863  1247  1631
  2015  2399  2783  3167  3551  3935  4319   287   303   687  1071  1455
  1839  2223  2607  2991  3375  3759  4143  4527   111   495   879  1263
  1647  2031  2415  2799  3183  3567  3951  4335   303   319   703  1087
  1471  1855  2239  2623  3007  3391  3775  4159  4543   127   511   895
  1279  1663  2047  2431  2815  3199  3583  3967  4351   319   335   719
  1103  1487  1871  2255  2639  3023  3407  3791  4175  4559   143   527
   911  1295  1679  2063  2447  2831  3215  3599  3983  4367   335   351
   735  1119  1503  1887  2271  2655  3039  3423  3807  4191  4575   159
   543   927  1311  1695  2079  2463  2847  3231  3615  3999  4383   351
   367   751  1135  1519  1903  2287  2671  3055  3439  3823  4207  4591
   175   559   943  1327  1711  2095  2479  2863  3247  3631  4015  4399
   367   383   767  1151  1535  1919  2303  2687  3071  3455  3839  4223
  4607   191   575   959  1343  1727  2111  2495  2879  3263  3647  4031
  4415   383    15   399   783  1167  1551  1935  2319  2703  3087  3471
  3855  4239   207   591   975  1359  1743  2127  2511  2895  3279  3663
  4047  4431    15    16   400   784  1168  1552  1936  2320  2704  3088
  3472  3856  4240   208   592   976  1360  1744  2128  2512  2896  3280
  3664  4048  4432    16    32   416   800  1184  1568  1952  2336  2720
  3104  3488  3872  4256   224   608   992  1376  1760  2144  2528  2912
  3296  3680  4064  4448    32    48   432   816  1200  1584  1968  2352
  2736  3120  3504  3888  4272   240   624  1008  1392  1776  2160  2544
  2928  3312  3696  4080  4464    48    64   448   832  1216  1600  1984
  2368  2752  3136  3520  3904  4288   256   640  1024  1408  1792  2176
  2560  2944  3328  3712  4096  4480    64    80   464   848  1232  1616
  2000  2384  2768  3152  3536  3920  4304   272   656  1040  1424  1808
  2192  2576  2960  3344  3728  4112  4496    80    96   480   864  1248
  1632  2016  2400  2784  3168  3552  3936  4320   288   672  1056  1440
  1824  2208  2592  2976  3360  3744  4128  4512    96   112   496   880
  1264  1648  2032  2416  2800  3184  3568  3952  4336   304   688  1072
  1456  1840  2224  2608  2992  3376  3760  4144  4528   112   128   512
   896  1280  1664  2048  2432  2816  3200  3584  3968  4352   320   704
  1088  1472  1856  2240  2624  3008  3392  3776  4160  4544   128   144
   528   912  1296  1680  2064  2448  2832  3216  3600  3984  4368   336
   720  1104  1488  1872  2256  2640  3024  3408  3792  4176  4560   144
   160   544   928  1312  1696  2080  2464  2848  3232  3616  4000  4384
   352   736  1120  1504  1888  2272  2656  3040  3424  3808  4192  4576
   160   176   560   944  1328  1712  2096  2480  2864  3248  3632  4016
  4400   368   752  1136  1520  1904  2288  2672  3056  3440  3824  4208
  4592   176   192   576   960  1344  1728  2112  2496  2880  3264  3648
  4032  4416   384   768  1152  1536  1920  2304  2688  3072  3456  3840
  4224  4608   192   208   592   976  1360  1744  2128  2512  2896  3280
  3664  4048  4432    16   400   784  1168  1552  1936  2320  2704  3088
  3472  3856  4240   208   224   608   992  1376  1760  2144  2528  2912
  3296  3680  4064  4448    32   416   800  1184  1568  1952  2336  2720
  3104  3488  3872  4256   224   240   624  1008  1392  1776  2160  2544
  2928  3312  3696  4080  4464    48   432   816  1200  1584  1968  2352
  2736  3120  3504  3888  4272   240   256   640  1024  1408  1792  2176
  2560  2944  3328  3712  4096  4480    64   448   832  1216  1600  1984
  2368  2752  3136  3520  3904  4288   256   272   656  1040  1424  1808
  2192  2576  2960  3344  3728  4112  4496    80   464   848  1232  1616
  2000  2384  2768  3152  3536  3920  4304   272   288   672  1056  1440
  1824  2208  2592  2976  3360  3744  4128  4512    96   480   864  1248
  1632  2016  2400  2784  3168  3552  3936  4320   288   304   688  1072
  1456  1840  2224  2608  2992  3376  3760  4144  4528   112   496   880
  1264  1648  2032  2416  2800  3184  3568  3952  4336   304   320   704
  1088  1472  1856  2240  2624  3008  3392  3776  4160  4544   128   512
   896  1280  1664  2048  2432  2816  3200  3584  3968  4352   320   336
   720  1104  1488  1872  2256  2640  3024  3408  3792  4176  4560   144
   528   912  1296  1680  2064  2448  2832  3216  3600  3984  4368   336
   352   736  1120  1504  1888  2272  2656  3040  3424  3808  4192  4576
   160   544   928  1312  1696  2080  2464  2848  3232  3616  4000  4384
   352   368   752  1136  1520  1904  2288  2672  3056  3440  3824  4208
  4592   176   560   944  1328  1712  2096  2480  2864  3248  3632  4016
  4400   368   384   768  1152  1536  1920  2304  2688  3072  3456  3840
  4224  4608   192   576   960  1344  1728  2112  2496  2880  3264  3648
  4032  4416   384    16   400   784  1168  1552  1936  2320  2704  3088
  3472  3856  4240   208   592   976  1360  1744  2128  2512  2896  3280
  3664  4048  4432    16     1   385   769  1153  1537  1921  2305  2689
  3073  3457  3841  4225   193   577   961  1345  1729  2113  2497  2881
  3265  3649  4033  4417     1    17   401   785  1169  1553  1937  2321
  2705  3089  3473  3857  4241   209   593   977  1361  1745  2129  2513
  2897  3281  3665  4049  4433    17    33   417   801  1185  1569  1953
  2337  2721  3105  3489  3873  4257   225   609   993  1377  1761  2145
  2529  2913  3297  3681  4065  4449    33    49   433   817  1201  1585
  1969  2353  2737  3121  3505  3889  4273   241   625  1009  1393  1777
  2161  2545  2929  3313  3697  4081  4465    49    65   449   833  1217
  1601  1985  2369  2753  3137  3521  3905  4289   257   641  1025  1409
  1793  2177  2561  2945  3329  3713  4097  4481    65    81   465   849
  1233  1617  2001  2385  2769  3153  3537  3921  4305   273   657  1041
  1425  1809  2193  2577  2961  3345  3729  4113  4497    81    97   481
   865  1249  1633  2017  2401  2785  3169  3553  3937  4321   289   673
  1057  1441  1825  2209  2593  2977  3361  3745  4129  4513    97   113
   497   881  1265  1649  2033  2417  2801  3185  3569  3953  4337   305
   689  1073  1457  1841  2225  2609  2993  3377  3761  4145  4529   113
   129   513   897  1281  1665  2049  2433  2817  3201  3585  3969  4353
   321   705  1089  1473  1857  2241  2625  3009  3393  3777  4161  4545
   129   145   529   913  1297  1681  2065  2449  2833  3217  3601  3985
  4369   337   721  1105  1489  1873  2257  2641  3025  3409  3793  4177
  4561   145   161   545   929  1313  1697  2081  2465  2849  3233  3617
  4001  4385   353   737  1121  1505  1889  2273  2657  3041  3425  3809
  4193  4577   161   177   561   945  1329  1713  2097  2481  2865  3249
  3633  4017  4401   369   753  1137  1521  1905  2289  2673  3057  3441
  3825  4209  4593   177   193   577   961  1345  1729  2113  2497  2881
  3265  3649  4033  4417     1   385   769  1153  1537  1921  2305  2689
  3073  3457  3841  4225   193   209   593   977  1361  1745  2129  2513
  2897  3281  3665  4049  4433    17   401   785  1169  1553  1937  2321
  2705  3089  3473  3857  4241   209   225   609   993  1377  1761  2145
  2529  2913  3297  3681  4065  4449    33   417   801  1185  1569  1953
  2337  2721  3105  3489  3873  4257   225   241   625  1009  1393  1777
  2161  2545  2929  3313  3697  4081  4465    49   433   817  1201  1585
  1969  2353  2737  3121  3505  3889  4273   241   257   641  1025  1409
  1793  2177  2561  2945  3329  3713  4097  4481    65   449   833  1217
  1601  1985  2369  2753  3137  3521  3905  4289   257   273   657  1041
  1425  1809  2193  2577  2961  3345  3729  4113  4497    81   465   849
  1233  1617  2001  2385  2769  3153  3537  3921  4305   273   289   673
  1057  1441  1825  2209  2593  2977  3361  3745  4129  4513    97   481
   865  1249  1633  2017  2401  2785  3169  3553  3937  4321   289   305
   689  1073  1457  1841  2225  2609  2993  3377  3761  4145  4529   113
   497   881  1265  1649  2033  2417  2801  3185  3569  3953  4337   305
   321   705  1089  1473  1857  2241  2625  3009  3393  3777  4161  4545
   129   513   897  1281  1665  2049  2433  2817  3201  3585  3969  4353
   321   337   721  1105  1489  1873  2257  2641  3025  3409  3793  4177
  4561   145   529   913  1297  1681  2065  2449  2833  3217  3601  3985
  4369   337   353   737  1121  1505  1889  2273  2657  3041  3425  3809
  4193  4577   161   545   929  1313  1697  2081  2465  2849  3233  3617
  4001  4385   353   369   753  1137  1521  1905  2289  2673  3057  3441
  3825  4209  4593   177   561   945  1329  1713  2097  2481  2865  3249
  3633  4017  4401   369     1   385   769  1153  1537  1921  2305  2689
  3073  3457  3841  4225   193   577   961  1345  1729  2113  2497  2881
  3265  3649  4033  4417     1
