T         <M>             <M^2>           <M^4>       U_{Binder}        \chi         C_v(tot)         <E>           <E_{exc}>     <E_{lsf}>
0001 1.43269615E+00 2.05261825E+00 4.21324170E+00 6.66666666E-01 1.18068492E-05 1.04977466E+00 -6.86854439E+00 -6.86854439E+00 0.00000000E+00
0003 1.43052372E+00 2.04639811E+00 4.18774524E+00 6.66666666E-01 1.67713250E-05 9.22611157E-01 -6.85586298E+00 -6.85586298E+00 0.00000000E+00
0005 1.42833623E+00 2.04014438E+00 4.16218914E+00 6.66666664E-01 3.11885725E-05 1.05949840E+00 -6.84317709E+00 -6.84317709E+00 0.00000000E+00
0007 1.42614505E+00 2.03388971E+00 4.13670744E+00 6.66666660E-01 5.14729130E-05 1.02877748E+00 -6.83046439E+00 -6.83046439E+00 0.00000000E+00
0010 1.42280430E+00 2.02437210E+00 4.09808254E+00 6.66666654E-01 7.36591770E-05 1.00530423E+00 -6.81139480E+00 -6.81139480E+00 0.00000000E+00
0020 1.41163931E+00 1.99272567E+00 3.97095673E+00 6.66666573E-01 2.62905809E-04 1.01097118E+00 -6.74760939E+00 -6.74760939E+00 0.00000000E+00
0040 1.38937746E+00 1.93037002E+00 3.72633072E+00 6.66666459E-01 2.81135718E-04 9.76817940E-01 -6.61906040E+00 -6.61906040E+00 0.00000000E+00
0060 1.36614854E+00 1.86636251E+00 3.48331418E+00 6.66666173E-01 4.30769994E-04 1.03939309E+00 -6.48918680E+00 -6.48918680E+00 0.00000000E+00
0080 1.34259653E+00 1.80256695E+00 3.24925854E+00 6.66665546E-01 7.09273362E-04 9.15357781E-01 -6.35795040E+00 -6.35795040E+00 0.00000000E+00
0100 1.31942547E+00 1.74088484E+00 3.03068885E+00 6.66665698E-01 4.73452942E-04 1.00978298E+00 -6.22504514E+00 -6.22504514E+00 0.00000000E+00
0120 1.29422068E+00 1.67501034E+00 2.80568095E+00 6.66664134E-01 9.92726673E-04 1.07651004E+00 -6.09055075E+00 -6.09055075E+00 0.00000000E+00
0140 1.26977176E+00 1.61232509E+00 2.59962301E+00 6.66662717E-01 1.27756255E-03 1.11652154E+00 -5.95427650E+00 -5.95427650E+00 0.00000000E+00
0160 1.24306390E+00 1.54521248E+00 2.38771018E+00 6.66662679E-01 1.08133910E-03 1.13320881E+00 -5.81587788E+00 -5.81587788E+00 0.00000000E+00
0180 1.21700079E+00 1.48109673E+00 2.19368192E+00 6.66661440E-01 1.20779461E-03 1.11263119E+00 -5.67556460E+00 -5.67556460E+00 0.00000000E+00
0200 1.18868179E+00 1.41297235E+00 1.99653585E+00 6.66659155E-01 1.49002482E-03 1.19307658E+00 -5.53225133E+00 -5.53225133E+00 0.00000000E+00
0220 1.15994852E+00 1.34549366E+00 1.81042345E+00 6.66653729E-01 2.22495963E-03 1.05594324E+00 -5.38632626E+00 -5.38632626E+00 0.00000000E+00
0240 1.12970972E+00 1.27625682E+00 1.62889659E+00 6.66653342E-01 1.99214628E-03 1.10937087E+00 -5.23747787E+00 -5.23747787E+00 0.00000000E+00
0260 1.09847016E+00 1.20665418E+00 1.45609853E+00 6.66647388E-01 2.51789122E-03 1.17738254E+00 -5.08514566E+00 -5.08514566E+00 0.00000000E+00
0280 1.06433053E+00 1.13282597E+00 1.28341431E+00 6.66635594E-01 3.54274293E-03 1.24322129E+00 -4.92824856E+00 -4.92824856E+00 0.00000000E+00
0300 1.03059151E+00 1.06214721E+00 1.12827661E+00 6.66631234E-01 3.53529705E-03 1.32396746E+00 -4.76684224E+00 -4.76684224E+00 0.00000000E+00
0320 9.93618795E-01 9.87306368E-01 9.74884675E-01 6.66628774E-01 3.28143988E-03 1.28831510E+00 -4.59962836E+00 -4.59962836E+00 0.00000000E+00
0340 9.52416670E-01 9.07174811E-01 8.23244239E-01 6.66554025E-01 8.50821003E-03 1.32872434E+00 -4.42557227E+00 -4.42557227E+00 0.00000000E+00
0360 9.11007715E-01 8.29978152E-01 6.89006574E-01 6.66597548E-01 4.48000837E-03 1.45961077E+00 -4.24407872E+00 -4.24407872E+00 0.00000000E+00
0380 8.61087596E-01 7.41525218E-01 5.50017417E-01 6.66571025E-01 5.25618171E-03 1.57406911E+00 -4.05164270E+00 -4.05164270E+00 0.00000000E+00
0400 8.05137598E-01 6.48331472E-01 4.20552166E-01 6.66493416E-01 7.94513421E-03 1.62477790E+00 -3.84801677E+00 -3.84801677E+00 0.00000000E+00
0420 7.38506309E-01 5.45488289E-01 2.97767756E-01 6.66431102E-01 8.61831090E-03 1.77368213E+00 -3.62808644E+00 -3.62808644E+00 0.00000000E+00
0440 6.54062056E-01 4.27950940E-01 1.83403635E-01 6.66190483E-01 1.30786207E-02 1.89747375E+00 -3.38997769E+00 -3.38997769E+00 0.00000000E+00
0460 5.32163311E-01 2.83472086E-01 8.06614377E-02 6.65401411E-01 2.23160359E-02 2.23219157E+00 -3.12383056E+00 -3.12383056E+00 0.00000000E+00
0480 3.21307683E-01 1.04719798E-01 1.15479256E-02 6.48985444E-01 1.15482944E-01 2.86642295E+00 -2.81482195E+00 -2.81482195E+00 0.00000000E+00
0500 5.91168591E-02 4.09998441E-03 2.77769921E-05 4.49192876E-01 4.52969948E-02 1.61571869E+00 -2.54145590E+00 -2.54145590E+00 0.00000000E+00
0520 3.45256800E-02 1.42637156E-03 3.51778233E-06 4.23655214E-01 1.68660566E-02 1.24800288E+00 -2.36383234E+00 -2.36383234E+00 0.00000000E+00
0540 2.50621208E-02 7.35419977E-04 8.82684025E-07 4.55982129E-01 7.43704801E-03 1.11941291E+00 -2.21702836E+00 -2.21702836E+00 0.00000000E+00
0560 2.05345743E-02 4.93100104E-04 4.03269737E-07 4.47153978E-01 4.77369566E-03 9.36212476E-01 -2.09128506E+00 -2.09128506E+00 0.00000000E+00
0580 1.72058095E-02 3.49091090E-04 2.01841489E-07 4.47907739E-01 3.42311205E-03 8.18822877E-01 -1.98084305E+00 -1.98084305E+00 0.00000000E+00
0600 1.54193816E-02 2.84046376E-04 1.41443169E-07 4.15637662E-01 2.88722628E-03 7.18358709E-01 -1.88335330E+00 -1.88335330E+00 0.00000000E+00
0620 1.39947704E-02 2.30237791E-04 8.81429886E-08 4.45740306E-01 2.07549155E-03 6.73152093E-01 -1.79627446E+00 -1.79627446E+00 0.00000000E+00
0640 1.30152025E-02 1.97669554E-04 6.45165641E-08 4.49610155E-01 1.65333928E-03 5.93585230E-01 -1.71830209E+00 -1.71830209E+00 0.00000000E+00
0660 1.24705673E-02 1.83391776E-04 5.65016378E-08 4.40010262E-01 1.58070811E-03 5.50358076E-01 -1.64614318E+00 -1.64614318E+00 0.00000000E+00
0680 1.14777563E-02 1.56855856E-04 4.27350137E-08 4.21023256E-01 1.38233112E-03 4.72416270E-01 -1.58081169E+00 -1.58081169E+00 0.00000000E+00
0700 1.10819980E-02 1.44461493E-04 3.47051727E-08 4.45669520E-01 1.15752405E-03 4.54011912E-01 -1.52165170E+00 -1.52165170E+00 0.00000000E+00
0720 1.05211161E-02 1.31223615E-04 2.89857660E-08 4.38900953E-01 1.06709870E-03 4.47831792E-01 -1.46660820E+00 -1.46660820E+00 0.00000000E+00
0740 1.02335346E-02 1.23593232E-04 2.55152530E-08 4.43212794E-01 9.54218907E-04 3.82541039E-01 -1.41492541E+00 -1.41492541E+00 0.00000000E+00
0760 9.78701942E-03 1.13225136E-04 2.15694954E-08 4.39167684E-01 8.58759279E-04 3.70382087E-01 -1.36769412E+00 -1.36769412E+00 0.00000000E+00
0780 9.35746625E-03 1.02479734E-04 1.70925246E-08 4.57488459E-01 7.15742815E-04 3.29766427E-01 -1.32449346E+00 -1.32449346E+00 0.00000000E+00
0800 9.28135925E-03 1.01541007E-04 1.75337246E-08 4.33147595E-01 7.20295340E-04 3.13501278E-01 -1.28278905E+00 -1.28278905E+00 0.00000000E+00
