   1    2    0   -1    0    0.995075
   1    3    0    1    1    0.995075
   1    2    0    0    0    0.999118
   1    3    0    0    1    0.999118
   1    2    1    0    0    0.999090
   1    3   -1    0    1    0.999090
   1    1    0   -1    0    0.585031
   1    1    0    1    0    0.585031
   1    1   -1   -1    0    0.585054
   1    1    1    1    0    0.585054
   1    1   -1    0    0    0.579439
   1    1    1    0    0    0.579439
   1    2    1    1    0   -0.195043
   1    3   -1   -1    1   -0.195043
   1    2    1   -1    0   -0.192924
   1    3   -1    1    1   -0.192924
   1    2   -1   -1    0   -0.192914
   1    3    1    1    1   -0.192914
   1    4    0    0    0    0.015314
   1    4    0    0    1    0.015314
   1    2    0   -2    0    0.068873
   1    3    0    2    1    0.068873
   1    2   -1   -2    0    0.068870
   1    3    1    2    1    0.068870
   1    2    0    1    0    0.069807
   1    3    0   -1    1    0.069807
   1    2    2    1    0    0.069809
   1    3   -2   -1    1    0.069809
   1    2   -1    0    0    0.066934
   1    3    1    0    1    0.066934
   1    2    2    0    0    0.066939
   1    3   -2    0    1    0.066939
   1    1   -1   -2    0   -0.046577
   1    1    1    2    0   -0.046577
   1    1   -1    1    0   -0.043531
   1    1    1   -1    0   -0.043531
   1    1   -2   -1    0   -0.043535
   1    1    2    1    0   -0.043535
   1    4    0    1    0   -0.002012
   1    4    0   -1    0   -0.001987
   1    4    0    1    1   -0.001987
   1    4    0   -1    1   -0.002012
   1    4   -1   -1    0   -0.001987
   1    4    1    1    0   -0.002012
   1    4   -1   -1    1   -0.002012
   1    4    1    1    1   -0.001987
   1    4   -1    0    0   -0.002080
   1    4    1    0    0   -0.002080
   1    4   -1    0    1   -0.002080
   1    4    1    0    1   -0.002080
   1    1    0   -2    0    0.005808
   1    1    0    2    0    0.005808
   1    1   -2   -2    0    0.005830
   1    1    2    2    0    0.005830
   1    1   -2    0    0    0.015200
   1    1    2    0    0    0.015200
   1    2    1    2    0   -0.007148
   1    3   -1   -2    1   -0.007148
   1    2    2    2    0   -0.007149
   1    3   -2   -2    1   -0.007149
   1    2    1   -2    0   -0.006425
   1    3   -1    2    1   -0.006425
   1    2   -2   -2    0   -0.006428
   1    3    2    2    1   -0.006428
   1    2    2   -1    0   -0.006131
   1    3   -2    1    1   -0.006131
   1    2   -2   -1    0   -0.006134
   1    3    2    1    1   -0.006134
   1    4   -1   -2    0   -0.002384
   1    4    1    2    0    0.001977
   1    4   -1   -2    1    0.001977
   1    4    1    2    1   -0.002384
   1    4   -1    1    0   -0.002316
   1    4    1   -1    0    0.002077
   1    4   -1    1    1    0.002077
   1    4    1   -1    1   -0.002316
   1    4   -2   -1    0    0.002077
   1    4    2    1    0   -0.002316
   1    4   -2   -1    1   -0.002316
   1    4    2    1    1    0.002077
   1    2   -1   -3    0   -0.004369
   1    3    1    3    1   -0.004369
   1    2   -1    1    0   -0.002400
   1    3    1   -1    1   -0.002400
   1    2    3    1    0   -0.002400
   1    3   -3   -1    1   -0.002400
   1    3    0    1    0   -0.044856
   1    2    0   -1    1   -0.044856
   1    3    0    0    0   -0.045633
   1    2    0    0    1   -0.045633
   1    3   -1    0    0   -0.045634
   1    2    1    0    1   -0.045634
   1    4    0    2    0   -0.000160
   1    4    0   -2    0   -0.000122
   1    4    0    2    1   -0.000122
   1    4    0   -2    1   -0.000160
   1    4   -2   -2    0   -0.000122
   1    4    2    2    0   -0.000160
   1    4   -2   -2    1   -0.000160
   1    4    2    2    1   -0.000122
   1    4   -2    0    0   -0.000040
   1    4    2    0    0   -0.000040
   1    4   -2    0    1   -0.000040
   1    4    2    0    1   -0.000040
   1    2    0   -3    0   -0.020520
   1    3    0    3    1   -0.020520
   1    2   -2   -3    0   -0.020518
   1    3    2    3    1   -0.020518
   1    2    0    2    0   -0.019783
   1    3    0   -2    1   -0.019783
   1    2    3    2    0   -0.019781
   1    3   -3   -2    1   -0.019781
   1    2   -2    0    0   -0.019831
   1    3    2    0    1   -0.019831
   1    2    3    0    0   -0.019831
   1    3   -3    0    1   -0.019831
   1    1   -1   -3    0    0.003892
   1    1    1    3    0    0.003892
   1    1   -2   -3    0    0.003889
   1    1    2    3    0    0.003889
   1    1   -1    2    0    0.003395
   1    1    1   -2    0    0.003395
   1    1   -3   -2    0    0.003389
   1    1    3    2    0    0.003389
   1    1   -2    1    0    0.008421
   1    1    2   -1    0    0.008421
   1    1   -3   -1    0    0.008419
   1    1    3    1    0    0.008419
   1    3   -1   -1    0   -0.010053
   1    2    1    1    1   -0.010053
   1    3   -1    1    0   -0.012137
   1    2    1   -1    1   -0.012137
   1    3    1    1    0   -0.012137
   1    2   -1   -1    1   -0.012137
   1    3    0    2    0    0.019346
   1    2    0   -2    1    0.019346
   1    3    1    2    0    0.019346
   1    2   -1   -2    1    0.019346
   1    3    0   -1    0    0.020750
   1    2    0    1    1    0.020750
   1    3   -2   -1    0    0.020751
   1    2    2    1    1    0.020751
   1    3    1    0    0    0.018286
   1    2   -1    0    1    0.018286
   1    3   -2    0    0    0.018287
   1    2    2    0    1    0.018287
   1    2    2    3    0    0.020052
   1    3   -2   -3    1    0.020052
   1    2    2   -2    0    0.020854
   1    3   -2    2    1    0.020854
   1    2   -3   -2    0    0.020852
   1    3    3    2    1    0.020852
   1    1    0   -3    0   -0.012706
   1    1    0    3    0   -0.012706
   1    1   -3   -3    0   -0.012697
   1    1    3    3    0   -0.012697
   1    1   -3    0    0   -0.004760
   1    1    3    0    0   -0.004760
   2    4    0    1    0   -0.054896
   2    1    0    1    0    0.995075
   2    4    0    0    0   -0.054462
   2    1    0    0    0    0.999118
   2    4   -1    0    0   -0.054456
   2    1   -1    0    0    0.999090
   2    2    0   -1    0    0.894811
   2    2    0    1    0    0.894811
   2    2   -1   -1    0    0.895092
   2    2    1    1    0    0.895092
   2    2   -1    0    0    0.875372
   2    2    1    0    0    0.875372
   2    4   -1   -1    0   -0.000864
   2    1   -1   -1    0   -0.195043
   2    4   -1    1    0   -0.000938
   2    1   -1    1    0   -0.192924
   2    4    1    1    0   -0.000938
   2    1    1    1    0   -0.192914
   2    3   -1    0    1    0.052879
   2    3   -1    0    0   -0.197765
   2    3   -1    1    1    0.050493
   2    3   -1    1    0   -0.176199
   2    3    0    1    1    0.050497
   2    3    0    1    0   -0.176207
   2    4    0    2    0   -0.008538
   2    1    0    2    0    0.068873
   2    4    1    2    0   -0.008537
   2    1    1    2    0    0.068870
   2    4    0   -1    0   -0.008284
   2    1    0   -1    0    0.069807
   2    4   -2   -1    0   -0.008284
   2    1   -2   -1    0    0.069809
   2    4    1    0    0   -0.008005
   2    1    1    0    0    0.066934
   2    4   -2    0    0   -0.008005
   2    1   -2    0    0    0.066939
   2    2   -1   -2    0    0.113596
   2    2    1    2    0    0.113596
   2    2   -1    1    0    0.090312
   2    2    1   -1    0    0.090312
   2    2   -2   -1    0    0.090325
   2    2    2    1    0    0.090325
   2    3    0    2    1   -0.260621
   2    3    0    2    0    0.576159
   2    3    0    0    1   -0.264420
   2    3    0    0    0    0.597571
   2    3   -2    0    1   -0.264426
   2    3   -2    0    0    0.597587
   2    2    0   -2    0   -0.365119
   2    2    0    2    0   -0.365119
   2    2   -2   -2    0   -0.365156
   2    2    2    2    0   -0.365156
   2    2   -2    0    0   -0.334762
   2    2    2    0    0   -0.334762
   2    3   -1   -1    1    0.040615
   2    3   -1   -1    0   -0.080593
   2    3   -2   -1    1    0.040614
   2    3   -2   -1    0   -0.080625
   2    3   -1    2    1    0.041608
   2    3   -1    2    0   -0.069530
   2    3    1    2    1    0.041605
   2    3    1    2    0   -0.069541
   2    3   -2    1    1    0.045292
   2    3   -2    1    0   -0.067954
   2    3    1    1    1    0.045291
   2    3    1    1    0   -0.067933
   2    4   -1   -2    0   -0.000537
   2    1   -1   -2    0   -0.007148
   2    4   -2   -2    0   -0.000537
   2    1   -2   -2    0   -0.007149
   2    4   -1    2    0   -0.000539
   2    1   -1    2    0   -0.006425
   2    4    2    2    0   -0.000538
   2    1    2    2    0   -0.006428
   2    4   -2    1    0   -0.000507
   2    1   -2    1    0   -0.006131
   2    4    2    1    0   -0.000507
   2    1    2    1    0   -0.006134
   2    4    1    3    0   -0.000608
   2    1    1    3    0   -0.004369
   2    4    1   -1    0   -0.000604
   2    1    1   -1    0   -0.002400
   2    4   -3   -1    0   -0.000604
   2    1   -3   -1    0   -0.002400
   2    1    0    1   -1   -0.044856
   2    4    0    1    1   -0.002175
   2    1    0    0   -1   -0.045633
   2    4    0    0    1   -0.002164
   2    1   -1    0   -1   -0.045634
   2    4   -1    0    1   -0.002164
   2    3    0    3    1    0.036088
   2    3    0    3    0    0.067145
   2    3    1    3    1    0.036092
   2    3    1    3    0    0.067148
   2    3    0   -1    1    0.040095
   2    3    0   -1    0    0.076142
   2    3   -3   -1    1    0.040101
   2    3   -3   -1    0    0.076148
   2    3    1    0    1    0.038214
   2    3    1    0    0    0.081234
   2    3   -3    0    1    0.038217
   2    3   -3    0    0    0.081236
   2    4    0    3    0    0.003027
   2    1    0    3    0   -0.020520
   2    4    2    3    0    0.003026
   2    1    2    3    0   -0.020518
   2    4    0   -2    0    0.003036
   2    1    0   -2    0   -0.019783
   2    4   -3   -2    0    0.003036
   2    1   -3   -2    0   -0.019781
   2    4    2    0    0    0.002884
   2    1    2    0    0   -0.019831
   2    4   -3    0    0    0.002885
   2    1   -3    0    0   -0.019831
   2    2   -1   -3    0   -0.009311
   2    2    1    3    0   -0.009311
   2    2   -2   -3    0   -0.009285
   2    2    2    3    0   -0.009285
   2    2   -1    2    0   -0.004103
   2    2    1   -2    0   -0.004103
   2    2   -3   -2    0   -0.004091
   2    2    3    2    0   -0.004091
   2    2   -2    1    0    0.001272
   2    2    2   -1    0    0.001272
   2    2   -3   -1    0    0.001258
   2    2    3    1    0    0.001258
   2    1   -1   -1   -1   -0.010053
   2    4   -1   -1    1   -0.000155
   2    1   -1    1   -1   -0.012137
   2    4   -1    1    1   -0.000187
   2    1    1    1   -1   -0.012137
   2    4    1    1    1   -0.000187
   2    3   -2   -2    1   -0.009348
   2    3   -2   -2    0    0.021754
   2    3   -2    2    1   -0.014322
   2    3   -2    2    0    0.040837
   2    3    2    2    1   -0.014324
   2    3    2    2    0    0.040833
   2    1    0    2   -1    0.019346
   2    4    0    2    1    0.000749
   2    1    1    2   -1    0.019346
   2    4    1    2    1    0.000749
   2    1    0   -1   -1    0.020750
   2    4    0   -1    1    0.000786
   2    1   -2   -1   -1    0.020751
   2    4   -2   -1    1    0.000786
   2    1    1    0   -1    0.018286
   2    4    1    0    1    0.000847
   2    1   -2    0   -1    0.018287
   2    4   -2    0    1    0.000848
   2    3   -1   -2    1    0.005685
   2    3   -1   -2    0   -0.024516
   2    3   -3   -2    1    0.005687
   2    3   -3   -2    0   -0.024515
   2    3   -1    3    1    0.010105
   2    3   -1    3    0   -0.026096
   2    3    2    3    1    0.010105
   2    3    2    3    0   -0.026087
   2    3   -3    1    1    0.006957
   2    3   -3    1    0   -0.021950
   2    3    2    1    1    0.006956
   2    3    2    1    0   -0.021946
   2    4   -2   -3    0    0.002500
   2    1   -2   -3    0    0.020052
   2    4   -2    2    0    0.002230
   2    1   -2    2    0    0.020854
   2    4    3    2    0    0.002230
   2    1    3    2    0    0.020852
   2    2    0   -3    0    0.051072
   2    2    0    3    0    0.051072
   2    2   -3   -3    0    0.051034
   2    2    3    3    0    0.051034
   2    2    3    0    0    0.051208
   3    1    0   -1   -1    0.995075
   3    4    0   -1    0   -0.054896
   3    1    0    0   -1    0.999118
   3    4    0    0    0   -0.054462
   3    1    1    0   -1    0.999090
   3    4    1    0    0   -0.054456
   3    3    0   -1    0    0.894811
   3    3    0    1    0    0.894811
   3    3   -1   -1    0    0.895092
   3    3    1    1    0    0.895092
   3    3   -1    0    0    0.875372
   3    3    1    0    0    0.875372
   3    1    1    1   -1   -0.195043
   3    4    1    1    0   -0.000864
   3    1    1   -1   -1   -0.192924
   3    4    1   -1    0   -0.000938
   3    1   -1   -1   -1   -0.192914
   3    4   -1   -1    0   -0.000938
   3    2    1    0   -1    0.052879
   3    2    1    0    0   -0.197765
   3    2    1   -1   -1    0.050493
   3    2    1   -1    0   -0.176199
   3    2    0   -1   -1    0.050497
   3    2    0   -1    0   -0.176207
   3    1    0   -2   -1    0.068873
   3    4    0   -2    0   -0.008538
   3    1   -1   -2   -1    0.068870
   3    4   -1   -2    0   -0.008537
   3    1    0    1   -1    0.069807
   3    4    0    1    0   -0.008284
   3    1    2    1   -1    0.069809
   3    4    2    1    0   -0.008284
   3    1   -1    0   -1    0.066934
   3    4   -1    0    0   -0.008005
   3    1    2    0   -1    0.066939
   3    4    2    0    0   -0.008005
   3    3   -1   -2    0    0.113596
   3    3    1    2    0    0.113596
   3    3    1   -1    0    0.090312
   3    3   -1    1    0    0.090312
   3    3   -2   -1    0    0.090325
   3    3    2    1    0    0.090325
   3    2    0   -2   -1   -0.260621
   3    2    0   -2    0    0.576159
   3    2    0    0   -1   -0.264420
   3    2    0    0    0    0.597571
   3    2    2    0   -1   -0.264426
   3    2    2    0    0    0.597587
   3    3    0   -2    0   -0.365119
   3    3    0    2    0   -0.365119
   3    3   -2   -2    0   -0.365156
   3    3    2    2    0   -0.365156
   3    3   -2    0    0   -0.334762
   3    3    2    0    0   -0.334762
   3    2    1    1   -1    0.040615
   3    2    1    1    0   -0.080593
   3    2    2    1   -1    0.040614
   3    2    2    1    0   -0.080625
   3    2    1   -2   -1    0.041608
   3    2    1   -2    0   -0.069530
   3    2   -1   -2   -1    0.041605
   3    2   -1   -2    0   -0.069541
   3    2    2   -1   -1    0.045292
   3    2    2   -1    0   -0.067954
   3    2   -1   -1   -1    0.045291
   3    2   -1   -1    0   -0.067933
   3    1    1    2   -1   -0.007148
   3    4    1    2    0   -0.000537
   3    1    2    2   -1   -0.007149
   3    4    2    2    0   -0.000537
   3    1    1   -2   -1   -0.006425
   3    4    1   -2    0   -0.000539
   3    1   -2   -2   -1   -0.006428
   3    4   -2   -2    0   -0.000538
   3    1    2   -1   -1   -0.006131
   3    4    2   -1    0   -0.000507
   3    1   -2   -1   -1   -0.006134
   3    4   -2   -1    0   -0.000507
   3    1   -1   -3   -1   -0.004369
   3    4   -1   -3    0   -0.000608
   3    1   -1    1   -1   -0.002400
   3    4   -1    1    0   -0.000604
   3    1    3    1   -1   -0.002400
   3    4    3    1    0   -0.000604
   3    4    0   -1   -1   -0.002175
   3    1    0   -1    0   -0.044856
   3    4    0    0   -1   -0.002164
   3    1    0    0    0   -0.045633
   3    4    1    0   -1   -0.002164
   3    1    1    0    0   -0.045634
   3    2    0   -3   -1    0.036088
   3    2    0   -3    0    0.067145
   3    2   -1   -3   -1    0.036092
   3    2   -1   -3    0    0.067148
   3    2    0    1   -1    0.040095
   3    2    0    1    0    0.076142
   3    2    3    1   -1    0.040101
   3    2    3    1    0    0.076148
   3    2   -1    0   -1    0.038214
   3    2   -1    0    0    0.081234
   3    2    3    0   -1    0.038217
   3    2    3    0    0    0.081236
   3    1    0   -3   -1   -0.020520
   3    4    0   -3    0    0.003027
   3    1   -2   -3   -1   -0.020518
   3    4   -2   -3    0    0.003026
   3    1    0    2   -1   -0.019783
   3    4    0    2    0    0.003036
   3    1    3    2   -1   -0.019781
   3    4    3    2    0    0.003036
   3    1   -2    0   -1   -0.019831
   3    4   -2    0    0    0.002884
   3    1    3    0   -1   -0.019831
   3    4    3    0    0    0.002885
   3    3   -1   -3    0   -0.009311
   3    3    1    3    0   -0.009311
   3    3   -2   -3    0   -0.009285
   3    3    2    3    0   -0.009285
   3    3   -1    2    0   -0.004103
   3    3    1   -2    0   -0.004103
   3    3   -3   -2    0   -0.004091
   3    3    3    2    0   -0.004091
   3    3   -2    1    0    0.001272
   3    3    2   -1    0    0.001272
   3    3   -3   -1    0    0.001258
   3    3    3    1    0    0.001258
   3    4    1    1   -1   -0.000155
   3    1    1    1    0   -0.010053
   3    4    1   -1   -1   -0.000187
   3    1    1   -1    0   -0.012137
   3    4   -1   -1   -1   -0.000187
   3    1   -1   -1    0   -0.012137
   3    2    2    2   -1   -0.009348
   3    2    2    2    0    0.021754
   3    2    2   -2   -1   -0.014322
   3    2    2   -2    0    0.040837
   3    2   -2   -2   -1   -0.014324
   3    2   -2   -2    0    0.040833
   3    4    0   -2   -1    0.000749
   3    1    0   -2    0    0.019346
   3    4   -1   -2   -1    0.000749
   3    1   -1   -2    0    0.019346
   3    4    0    1   -1    0.000786
   3    1    0    1    0    0.020750
   3    4    2    1   -1    0.000786
   3    1    2    1    0    0.020751
   3    4   -1    0   -1    0.000847
   3    1   -1    0    0    0.018286
   3    4    2    0   -1    0.000848
   3    1    2    0    0    0.018287
   3    2    1    2   -1    0.005685
   3    2    1    2    0   -0.024516
   3    2    3    2   -1    0.005687
   3    2    3    2    0   -0.024515
   3    2    1   -3   -1    0.010105
   3    2    1   -3    0   -0.026096
   3    2   -2   -3   -1    0.010105
   3    2   -2   -3    0   -0.026087
   3    2    3   -1   -1    0.006957
   3    2    3   -1    0   -0.021950
   3    2   -2   -1   -1    0.006956
   3    2   -2   -1    0   -0.021946
   3    1    2    3   -1    0.020052
   3    4    2    3    0    0.002500
   3    1    2   -2   -1    0.020854
   3    4    2   -2    0    0.002230
   3    1   -3   -2   -1    0.020852
   3    4   -3   -2    0    0.002230
   3    3    0   -3    0    0.051072
   3    3    0    3    0    0.051072
   3    3   -3   -3    0    0.051034
   3    3    3    3    0    0.051034
   3    3   -3    0    0    0.051208
   4    2    0   -1    0   -0.054896
   4    3    0    1    0   -0.054896
   4    2    0    0    0   -0.054462
   4    3    0    0    0   -0.054462
   4    2    1    0    0   -0.054456
   4    3   -1    0    0   -0.054456
   4    4    0   -1    0   -0.002164
   4    4    0    1    0   -0.002164
   4    4   -1   -1    0   -0.002165
   4    4    1    1    0   -0.002165
   4    4   -1    0    0   -0.002151
   4    4    1    0    0   -0.002151
   4    2    1    1    0   -0.000864
   4    3   -1   -1    0   -0.000864
   4    2    1   -1    0   -0.000938
   4    3   -1    1    0   -0.000938
   4    2   -1   -1    0   -0.000938
   4    3    1    1    0   -0.000938
   4    1    0    0    0    0.015314
   4    1    0    0   -1    0.015314
   4    2    0   -2    0   -0.008538
   4    3    0    2    0   -0.008538
   4    2   -1   -2    0   -0.008537
   4    3    1    2    0   -0.008537
   4    2    0    1    0   -0.008284
   4    3    0   -1    0   -0.008284
   4    2    2    1    0   -0.008284
   4    3   -2   -1    0   -0.008284
   4    2   -1    0    0   -0.008005
   4    3    1    0    0   -0.008005
   4    2    2    0    0   -0.008005
   4    3   -2    0    0   -0.008005
   4    4   -1   -2    0   -0.000068
   4    4    1    2    0   -0.000068
   4    4   -1    1    0   -0.000096
   4    4    1   -1    0   -0.000096
   4    4   -2   -1    0   -0.000096
   4    4    2    1    0   -0.000096
   4    1    0   -1    0   -0.002012
   4    1    0    1    0   -0.001987
   4    1    0   -1   -1   -0.001987
   4    1    0    1   -1   -0.002012
   4    1    1    1    0   -0.001987
   4    1   -1   -1    0   -0.002012
   4    1    1    1   -1   -0.002012
   4    1   -1   -1   -1   -0.001987
   4    1    1    0    0   -0.002080
   4    1   -1    0    0   -0.002080
   4    1    1    0   -1   -0.002080
   4    1   -1    0   -1   -0.002080
   4    4    0   -2    0   -0.000001
   4    4    0    2    0   -0.000001
   4    4   -2   -2    0   -0.000001
   4    4    2    2    0   -0.000001
   4    4   -2    0    0    0.000007
   4    4    2    0    0    0.000007
   4    2    1    2    0   -0.000537
   4    3   -1   -2    0   -0.000537
   4    2    2    2    0   -0.000537
   4    3   -2   -2    0   -0.000537
   4    2    1   -2    0   -0.000539
   4    3   -1    2    0   -0.000539
   4    2   -2   -2    0   -0.000538
   4    3    2    2    0   -0.000538
   4    2    2   -1    0   -0.000507
   4    3   -2    1    0   -0.000507
   4    2   -2   -1    0   -0.000507
   4    3    2    1    0   -0.000507
   4    1   -1   -2    0    0.001977
   4    1    1    2    0   -0.002384
   4    1   -1   -2   -1   -0.002384
   4    1    1    2   -1    0.001977
   4    1    1   -1    0   -0.002316
   4    1   -1    1    0    0.002077
   4    1    1   -1   -1    0.002077
   4    1   -1    1   -1   -0.002316
   4    1    2    1    0    0.002077
   4    1   -2   -1    0   -0.002316
   4    1    2    1   -1   -0.002316
   4    1   -2   -1   -1    0.002077
   4    2   -1   -3    0   -0.000608
   4    3    1    3    0   -0.000608
   4    2   -1    1    0   -0.000604
   4    3    1   -1    0   -0.000604
   4    2    3    1    0   -0.000604
   4    3   -3   -1    0   -0.000604
   4    3    0    1    1   -0.002175
   4    2    0   -1   -1   -0.002175
   4    3    0    0    1   -0.002164
   4    2    0    0   -1   -0.002164
   4    3   -1    0    1   -0.002164
   4    2    1    0   -1   -0.002164
   4    1    0   -2    0   -0.000160
   4    1    0    2    0   -0.000122
   4    1    0   -2   -1   -0.000122
   4    1    0    2   -1   -0.000160
   4    1    2    2    0   -0.000122
   4    1   -2   -2    0   -0.000160
   4    1    2    2   -1   -0.000160
   4    1   -2   -2   -1   -0.000122
   4    1    2    0    0   -0.000040
   4    1   -2    0    0   -0.000040
   4    1    2    0   -1   -0.000040
   4    1   -2    0   -1   -0.000040
   4    2    0   -3    0    0.003027
   4    3    0    3    0    0.003027
   4    2   -2   -3    0    0.003026
   4    3    2    3    0    0.003026
   4    2    0    2    0    0.003036
   4    3    0   -2    0    0.003036
   4    2    3    2    0    0.003036
   4    3   -3   -2    0    0.003036
   4    2   -2    0    0    0.002884
   4    3    2    0    0    0.002884
   4    2    3    0    0    0.002885
   4    3   -3    0    0    0.002885
   4    4   -1   -3    0   -0.000101
   4    4    1    3    0   -0.000101
   4    4   -2   -3    0   -0.000101
   4    4    2    3    0   -0.000101
   4    4   -1    2    0   -0.000106
   4    4    1   -2    0   -0.000106
   4    4   -3   -2    0   -0.000106
   4    4    3    2    0   -0.000106
   4    4   -2    1    0   -0.000116
   4    4    2   -1    0   -0.000116
   4    4   -3   -1    0   -0.000116
   4    4    3    1    0   -0.000116
   4    3   -1   -1    1   -0.000155
   4    2    1    1   -1   -0.000155
   4    3   -1    1    1   -0.000187
   4    2    1   -1   -1   -0.000187
   4    3    1    1    1   -0.000187
   4    2   -1   -1   -1   -0.000187
   4    3    0    2    1    0.000749
   4    2    0   -2   -1    0.000749
   4    3    1    2    1    0.000749
   4    2   -1   -2   -1    0.000749
   4    3    0   -1    1    0.000786
   4    2    0    1   -1    0.000786
   4    3   -2   -1    1    0.000786
   4    2    2    1   -1    0.000786
   4    3    1    0    1    0.000847
   4    2   -1    0   -1    0.000847
   4    3   -2    0    1    0.000848
   4    2    2    0   -1    0.000848
   4    2    2    3    0    0.002500
   4    3   -2   -3    0    0.002500
   4    2    2   -2    0    0.002230
   4    3   -2    2    0    0.002230
   4    2   -3   -2    0    0.002230
   4    3    3    2    0    0.002230
   4    4    0   -3    0    0.000052
   4    4    0    3    0    0.000052
   4    4   -3   -3    0    0.000052
   4    4    3    3    0    0.000052
   4    4   -3    0    0    0.000058
   4    4    3    0    0    0.000058
