T         <M>             <M^2>           <M^4>       U_{Binder}        \chi         C_v(tot)         <E>           <E_{exc}>     <E_{lsf}>
0000 1.08330663E+00 1.17355325E+00 1.37722723E+00 6.66666665E-01 2.69241151E-02 4.66642529E+04 -6.20013992E+00 -6.20013992E+00 0.00000000E+00
0010 1.08104426E+00 1.16865671E+00 1.36575856E+00 6.66666652E-01 3.11366857E-05 1.03219831E+00 -6.13668551E+00 -6.13668551E+00 0.00000000E+00
0030 1.07613842E+00 1.15807401E+00 1.34113595E+00 6.66666536E-01 9.45346320E-05 9.63405158E-01 -6.00902030E+00 -6.00902030E+00 0.00000000E+00
0050 1.07012272E+00 1.14516288E+00 1.31139912E+00 6.66666387E-01 1.19850569E-04 1.04266224E+00 -5.88321067E+00 -5.88321067E+00 0.00000000E+00
0070 1.06220686E+00 1.12828375E+00 1.27302576E+00 6.66666265E-01 1.21139739E-04 1.00090399E+00 -5.76303244E+00 -5.76303244E+00 0.00000000E+00
0090 1.05205495E+00 1.10682037E+00 1.22505466E+00 6.66665761E-01 2.08610373E-04 8.79420194E-01 -5.64815565E+00 -5.64815565E+00 0.00000000E+00
0110 1.04028125E+00 1.08218690E+00 1.17113636E+00 6.66664424E-01 4.13032541E-04 9.02631003E-01 -5.53658154E+00 -5.53658154E+00 0.00000000E+00
0130 1.02790084E+00 1.05658184E+00 1.11637237E+00 6.66664518E-01 3.26931634E-04 8.24595788E-01 -5.42702111E+00 -5.42702111E+00 0.00000000E+00
0150 1.01470550E+00 1.02962882E+00 1.06014200E+00 6.66664629E-01 2.61777094E-04 8.61746004E-01 -5.31829725E+00 -5.31829725E+00 0.00000000E+00
0170 1.00032824E+00 1.00065936E+00 1.00133025E+00 6.66662972E-01 4.07321475E-04 8.43984816E-01 -5.21028542E+00 -5.21028542E+00 0.00000000E+00
0190 9.85406297E-01 9.71029240E-01 9.42912028E-01 6.66661632E-01 4.81864498E-04 9.09343744E-01 -5.10159472E+00 -5.10159472E+00 0.00000000E+00
0210 9.70522841E-01 9.41918613E-01 8.87225849E-01 6.66660965E-01 4.78483742E-04 8.36100535E-01 -4.99262768E+00 -4.99262768E+00 0.00000000E+00
0230 9.52413831E-01 9.07101312E-01 8.22866158E-01 6.66653149E-01 9.98725272E-04 8.51691862E-01 -4.88232793E+00 -4.88232793E+00 0.00000000E+00
0250 9.37445264E-01 8.78810821E-01 7.72333705E-01 6.66655770E-01 7.18411450E-04 8.24977510E-01 -4.77105684E+00 -4.77105684E+00 0.00000000E+00
0270 9.19786071E-01 8.46015772E-01 7.15774292E-01 6.66651947E-01 8.64548154E-04 8.72083520E-01 -4.65873310E+00 -4.65873310E+00 0.00000000E+00
0290 9.02391951E-01 8.14319162E-01 6.63141518E-01 6.66653688E-01 6.82226683E-04 8.67213064E-01 -4.54432809E+00 -4.54432809E+00 0.00000000E+00
0310 8.81126813E-01 7.76404962E-01 6.02868160E-01 6.66631555E-01 1.65001377E-03 8.91314797E-01 -4.42754862E+00 -4.42754862E+00 0.00000000E+00
0330 8.61913109E-01 7.42921845E-01 5.52014810E-01 6.66617179E-01 2.08949814E-03 9.45936643E-01 -4.30902139E+00 -4.30902139E+00 0.00000000E+00
0350 8.41902915E-01 7.08817982E-01 5.02472417E-01 6.66633835E-01 1.24484739E-03 9.35557205E-01 -4.18751840E+00 -4.18751840E+00 0.00000000E+00
0370 8.21757065E-01 6.75305359E-01 4.56093075E-01 6.66625919E-01 1.39479344E-03 9.28153360E-01 -4.06273463E+00 -4.06273463E+00 0.00000000E+00
0390 7.98582250E-01 6.37765282E-01 4.06825107E-01 6.66600653E-01 2.02614832E-03 9.88125151E-01 -3.93408430E+00 -3.93408430E+00 0.00000000E+00
0410 7.73459966E-01 5.98264368E-01 3.57977792E-01 6.66613082E-01 1.46343455E-03 9.95060235E-01 -3.80167856E+00 -3.80167856E+00 0.00000000E+00
0430 7.46931545E-01 5.57959983E-01 3.11437623E-01 6.66540023E-01 3.08970953E-03 1.05133159E+00 -3.66482225E+00 -3.66482225E+00 0.00000000E+00
0450 7.19060246E-01 5.17110427E-01 2.67531206E-01 6.66507092E-01 3.48132098E-03 1.10394652E+00 -3.52099991E+00 -3.52099991E+00 0.00000000E+00
0470 6.85837008E-01 4.70451056E-01 2.21471790E-01 6.66444378E-01 4.17529459E-03 1.22244581E+00 -3.37264266E+00 -3.37264266E+00 0.00000000E+00
0490 6.55578228E-01 4.29836750E-01 1.84852149E-01 6.66499752E-01 2.74629578E-03 1.22408045E+00 -3.21569280E+00 -3.21569280E+00 0.00000000E+00
0510 6.14724289E-01 3.77962795E-01 1.42971397E-01 6.66397111E-01 3.75923289E-03 1.33404351E+00 -3.04969595E+00 -3.04969595E+00 0.00000000E+00
0530 5.67281067E-01 3.21902333E-01 1.03742191E-01 6.66277173E-01 4.44966676E-03 1.44368509E+00 -2.87311740E+00 -2.87311740E+00 0.00000000E+00
0550 5.15234150E-01 2.65614567E-01 7.07071007E-02 6.65929600E-01 6.72898271E-03 1.53076957E+00 -2.68528409E+00 -2.68528409E+00 0.00000000E+00
0570 4.48602304E-01 2.01493107E-01 4.07976847E-02 6.65039284E-01 1.09025000E-02 1.69823451E+00 -2.48071962E+00 -2.48071962E+00 0.00000000E+00
0590 3.44739880E-01 1.19385500E-01 1.45035904E-02 6.60803701E-01 2.28315928E-02 1.73902700E+00 -2.25269603E+00 -2.25269603E+00 0.00000000E+00
0610 1.47920736E-01 2.43739459E-02 8.12940813E-04 5.43872784E-01 1.01982353E-01 2.00018665E+00 -1.99555398E+00 -1.99555398E+00 0.00000000E+00
0630 5.20675996E-02 3.17742585E-03 1.65593907E-05 4.53270825E-01 1.84702218E-02 1.06575500E+00 -1.82095226E+00 -1.82095226E+00 0.00000000E+00
0650 3.33270229E-02 1.30495555E-03 2.79519738E-06 4.52858332E-01 7.45665384E-03 7.46502819E-01 -1.70802605E+00 -1.70802605E+00 0.00000000E+00
0670 2.62140827E-02 8.06225482E-04 1.07829980E-06 4.47025344E-01 4.43309974E-03 6.62915689E-01 -1.61416853E+00 -1.61416853E+00 0.00000000E+00
0690 2.17810131E-02 5.59948921E-04 5.23768210E-07 4.43172013E-01 3.09288950E-03 6.05928653E-01 -1.53327908E+00 -1.53327908E+00 0.00000000E+00
0710 1.89252197E-02 4.24903724E-04 3.06225594E-07 4.34621674E-01 2.34524929E-03 5.05838061E-01 -1.46279562E+00 -1.46279562E+00 0.00000000E+00
0730 1.71141869E-02 3.46311738E-04 2.00764093E-07 4.42004931E-01 1.82563465E-03 4.76523664E-01 -1.39941846E+00 -1.39941846E+00 0.00000000E+00
0750 1.60837496E-02 3.02594180E-04 1.51126498E-07 4.49828330E-01 1.46061862E-03 4.18416393E-01 -1.34183746E+00 -1.34183746E+00 0.00000000E+00
0770 1.47440966E-02 2.55671673E-04 1.08132362E-07 4.48596892E-01 1.24045516E-03 3.90561187E-01 -1.28941607E+00 -1.28941607E+00 0.00000000E+00
0790 1.39249760E-02 2.28875147E-04 8.70099658E-08 4.46330663E-01 1.10441801E-03 3.63874418E-01 -1.24209943E+00 -1.24209943E+00 0.00000000E+00
0810 1.33783373E-02 2.09792896E-04 7.08081618E-08 4.63733696E-01 9.49098681E-04 3.21664333E-01 -1.19816594E+00 -1.19816594E+00 0.00000000E+00
0830 1.27428409E-02 1.91268726E-04 6.07566128E-08 4.46414929E-01 8.68386289E-04 3.27459884E-01 -1.15718689E+00 -1.15718689E+00 0.00000000E+00
0850 1.24356116E-02 1.83791710E-04 5.79992962E-08 4.27665888E-01 8.55542522E-04 2.88537384E-01 -1.11960234E+00 -1.11960234E+00 0.00000000E+00
0870 1.18827077E-02 1.66297558E-04 4.58634554E-08 4.47192696E-01 7.19774657E-04 2.79547588E-01 -1.08461621E+00 -1.08461621E+00 0.00000000E+00
0890 1.09439885E-02 1.41069545E-04 3.33901292E-08 4.40718681E-01 5.97069498E-04 2.36518531E-01 -1.05123467E+00 -1.05123467E+00 0.00000000E+00
0910 1.09749572E-02 1.42374007E-04 3.49425465E-08 4.25391717E-01 6.01100863E-04 2.26426272E-01 -1.02045575E+00 -1.02045575E+00 0.00000000E+00
0930 1.06153271E-02 1.33514949E-04 3.00210795E-08 4.38635087E-01 5.58810163E-04 2.15835913E-01 -9.91627646E-01 -9.91627646E-01 0.00000000E+00
0950 1.04531435E-02 1.27928104E-04 2.66606163E-08 4.56978529E-01 4.90058786E-04 2.03211179E-01 -9.65021663E-01 -9.65021663E-01 0.00000000E+00
0970 1.01068859E-02 1.19696710E-04 2.36089480E-08 4.50723582E-01 4.51344099E-04 1.82335462E-01 -9.38397123E-01 -9.38397123E-01 0.00000000E+00
0990 1.01260448E-02 1.20477531E-04 2.37681890E-08 4.54163320E-01 4.52134775E-04 1.85096488E-01 -9.14098712E-01 -9.14098712E-01 0.00000000E+00
1010 9.78159506E-03 1.13432500E-04 2.14115933E-08 4.45306955E-01 4.38541268E-04 1.78747276E-01 -8.91586942E-01 -8.91586942E-01 0.00000000E+00
1030 9.42000113E-03 1.04558989E-04 1.78952154E-08 4.54376676E-01 3.83267774E-04 1.76192684E-01 -8.69828391E-01 -8.69828391E-01 0.00000000E+00
1050 9.37615492E-03 1.03851236E-04 1.79691113E-08 4.44630529E-01 3.78732975E-04 1.61806774E-01 -8.48644490E-01 -8.48644490E-01 0.00000000E+00
1070 9.07019233E-03 9.68080760E-05 1.56719001E-08 4.42586833E-01 3.39026664E-04 1.40094804E-01 -8.29216448E-01 -8.29216448E-01 0.00000000E+00
1090 8.88812428E-03 9.37736007E-05 1.48252285E-08 4.38022465E-01 3.38188691E-04 1.44780504E-01 -8.10042919E-01 -8.10042919E-01 0.00000000E+00
1110 8.97858333E-03 9.39309859E-05 1.45774484E-08 4.49265230E-01 2.99305207E-04 1.31793053E-01 -7.91805713E-01 -7.91805713E-01 0.00000000E+00
1130 8.86755076E-03 9.27095632E-05 1.44549304E-08 4.39409570E-01 3.10789747E-04 1.25510156E-01 -7.75310285E-01 -7.75310285E-01 0.00000000E+00
1150 8.66393953E-03 8.91029971E-05 1.31322389E-08 4.48642997E-01 3.04582898E-04 1.24714710E-01 -7.58719775E-01 -7.58719775E-01 0.00000000E+00
1170 8.51919883E-03 8.47185187E-05 1.17788415E-08 4.52953030E-01 2.58915893E-04 1.16062937E-01 -7.42919918E-01 -7.42919918E-01 0.00000000E+00
1190 8.49895126E-03 8.52930819E-05 1.20497592E-08 4.47885058E-01 2.73835044E-04 1.19261257E-01 -7.27902753E-01 -7.27902753E-01 0.00000000E+00
1210 8.35728174E-03 8.17013890E-05 1.10523771E-08 4.48080730E-01 2.44489652E-04 1.21280251E-01 -7.13467222E-01 -7.13467222E-01 0.00000000E+00
1230 8.17752753E-03 7.89912463E-05 1.02638707E-08 4.51682654E-01 2.45829857E-04 1.11001853E-01 -6.99543594E-01 -6.99543594E-01 0.00000000E+00
1250 8.27459331E-03 7.97051820E-05 1.03798988E-08 4.55373523E-01 2.24272179E-04 9.80766521E-02 -6.86620124E-01 -6.86620124E-01 0.00000000E+00
1270 7.99406651E-03 7.50905546E-05 9.14938460E-09 4.59121143E-01 2.19741717E-04 1.07038143E-01 -6.73686496E-01 -6.73686496E-01 0.00000000E+00
1290 8.06427969E-03 7.60174252E-05 9.41867857E-09 4.56696615E-01 2.12454402E-04 9.45496543E-02 -6.61244263E-01 -6.61244263E-01 0.00000000E+00
1310 8.02396303E-03 7.55265427E-05 9.39177512E-09 4.51183424E-01 2.12215088E-04 8.83659015E-02 -6.49744081E-01 -6.49744081E-01 0.00000000E+00
1330 7.94744341E-03 7.41119621E-05 9.01936200E-09 4.52633845E-01 2.05413615E-04 9.89067444E-02 -6.38665762E-01 -6.38665762E-01 0.00000000E+00
1350 7.91819775E-03 7.40000450E-05 9.04772643E-09 4.49250340E-01 2.08877369E-04 8.49227665E-02 -6.27218258E-01 -6.27218258E-01 0.00000000E+00
1370 7.69379764E-03 6.98685075E-05 8.05463973E-09 4.50000958E-01 1.94387624E-04 7.76651905E-02 -6.16520172E-01 -6.16520172E-01 0.00000000E+00
1390 7.88887964E-03 7.36419222E-05 9.03448822E-09 4.44694379E-01 2.04756763E-04 7.97060357E-02 -6.05999326E-01 -6.05999326E-01 0.00000000E+00
1410 7.78255390E-03 7.10095292E-05 8.25684103E-09 4.54167485E-01 1.84757265E-04 7.86957618E-02 -5.96361929E-01 -5.96361929E-01 0.00000000E+00
1430 7.63298253E-03 6.81734003E-05 7.55173710E-09 4.58378749E-01 1.72919132E-04 7.63349274E-02 -5.86719055E-01 -5.86719055E-01 0.00000000E+00
1450 7.51636769E-03 6.68725447E-05 7.41977524E-09 4.46938030E-01 1.78548580E-04 7.41056593E-02 -5.77634365E-01 -5.77634365E-01 0.00000000E+00
1470 7.54229641E-03 6.70566914E-05 7.59514593E-09 4.36971182E-01 1.72617840E-04 7.17051575E-02 -5.68764304E-01 -5.68764304E-01 0.00000000E+00
1490 7.32549131E-03 6.26486948E-05 6.18099208E-09 4.75056120E-01 1.50465360E-04 6.62877873E-02 -5.59781510E-01 -5.59781510E-01 0.00000000E+00
1510 7.31656511E-03 6.31117762E-05 6.56070931E-09 4.50953996E-01 1.58283381E-04 6.51485449E-02 -5.51459705E-01 -5.51459705E-01 0.00000000E+00
1530 7.42846752E-03 6.49161166E-05 6.97497868E-09 4.48282746E-01 1.58731053E-04 5.84611322E-02 -5.43167200E-01 -5.43167200E-01 0.00000000E+00
1550 7.29906069E-03 6.24454194E-05 6.37187329E-09 4.55315894E-01 1.47590745E-04 6.48732698E-02 -5.35133537E-01 -5.35133537E-01 0.00000000E+00
1570 7.27316020E-03 6.24119572E-05 6.53725061E-09 4.40579630E-01 1.51176708E-04 5.97301737E-02 -5.27384767E-01 -5.27384767E-01 0.00000000E+00
1600 7.30714087E-03 6.22895173E-05 6.25760703E-09 4.62402673E-01 1.38707126E-04 6.23082204E-02 -5.16308725E-01 -5.16308725E-01 0.00000000E+00
