# k(0:nx, 0:ny, 0:nz) <= 4000
# nx, ny, nz
 20 20 20
#
     1   401   801  1201  1601  2001  2401  2801  3201  3601   201   601
  1001  1401  1801  2201  2601  3001  3401  3801     1    21   421   821
  1221  1621  2021  2421  2821  3221  3621   221   621  1021  1421  1821
  2221  2621  3021  3421  3821    21    41   441   841  1241  1641  2041
  2441  2841  3241  3641   241   641  1041  1441  1841  2241  2641  3041
  3441  3841    41    61   461   861  1261  1661  2061  2461  2861  3261
  3661   261   661  1061  1461  1861  2261  2661  3061  3461  3861    61
    81   481   881  1281  1681  2081  2481  2881  3281  3681   281   681
  1081  1481  1881  2281  2681  3081  3481  3881    81   101   501   901
  1301  1701  2101  2501  2901  3301  3701   301   701  1101  1501  1901
  2301  2701  3101  3501  3901   101   121   521   921  1321  1721  2121
  2521  2921  3321  3721   321   721  1121  1521  1921  2321  2721  3121
  3521  3921   121   141   541   941  1341  1741  2141  2541  2941  3341
  3741   341   741  1141  1541  1941  2341  2741  3141  3541  3941   141
   161   561   961  1361  1761  2161  2561  2961  3361  3761   361   761
  1161  1561  1961  2361  2761  3161  3561  3961   161   181   581   981
  1381  1781  2181  2581  2981  3381  3781   381   781  1181  1581  1981
  2381  2781  3181  3581  3981   181   201   601  1001  1401  1801  2201
  2601  3001  3401  3801     1   401   801  1201  1601  2001  2401  2801
  3201  3601   201   221   621  1021  1421  1821  2221  2621  3021  3421
  3821    21   421   821  1221  1621  2021  2421  2821  3221  3621   221
   241   641  1041  1441  1841  2241  2641  3041  3441  3841    41   441
   841  1241  1641  2041  2441  2841  3241  3641   241   261   661  1061
  1461  1861  2261  2661  3061  3461  3861    61   461   861  1261  1661
  2061  2461  2861  3261  3661   261   281   681  1081  1481  1881  2281
  2681  3081  3481  3881    81   481   881  1281  1681  2081  2481  2881
  3281  3681   281   301   701  1101  1501  1901  2301  2701  3101  3501
  3901   101   501   901  1301  1701  2101  2501  2901  3301  3701   301
   321   721  1121  1521  1921  2321  2721  3121  3521  3921   121   521
   921  1321  1721  2121  2521  2921  3321  3721   321   341   741  1141
  1541  1941  2341  2741  3141  3541  3941   141   541   941  1341  1741
  2141  2541  2941  3341  3741   341   361   761  1161  1561  1961  2361
  2761  3161  3561  3961   161   561   961  1361  1761  2161  2561  2961
  3361  3761   361   381   781  1181  1581  1981  2381  2781  3181  3581
  3981   181   581   981  1381  1781  2181  2581  2981  3381  3781   381
     1   401   801  1201  1601  2001  2401  2801  3201  3601   201   601
  1001  1401  1801  2201  2601  3001  3401  3801     1     2   402   802
  1202  1602  2002  2402  2802  3202  3602   202   602  1002  1402  1802
  2202  2602  3002  3402  3802     2    22   422   822  1222  1622  2022
  2422  2822  3222  3622   222   622  1022  1422  1822  2222  2622  3022
  3422  3822    22    42   442   842  1242  1642  2042  2442  2842  3242
  3642   242   642  1042  1442  1842  2242  2642  3042  3442  3842    42
    62   462   862  1262  1662  2062  2462  2862  3262  3662   262   662
  1062  1462  1862  2262  2662  3062  3462  3862    62    82   482   882
  1282  1682  2082  2482  2882  3282  3682   282   682  1082  1482  1882
  2282  2682  3082  3482  3882    82   102   502   902  1302  1702  2102
  2502  2902  3302  3702   302   702  1102  1502  1902  2302  2702  3102
  3502  3902   102   122   522   922  1322  1722  2122  2522  2922  3322
  3722   322   722  1122  1522  1922  2322  2722  3122  3522  3922   122
   142   542   942  1342  1742  2142  2542  2942  3342  3742   342   742
  1142  1542  1942  2342  2742  3142  3542  3942   142   162   562   962
  1362  1762  2162  2562  2962  3362  3762   362   762  1162  1562  1962
  2362  2762  3162  3562  3962   162   182   582   982  1382  1782  2182
  2582  2982  3382  3782   382   782  1182  1582  1982  2382  2782  3182
  3582  3982   182   202   602  1002  1402  1802  2202  2602  3002  3402
  3802     2   402   802  1202  1602  2002  2402  2802  3202  3602   202
   222   622  1022  1422  1822  2222  2622  3022  3422  3822    22   422
   822  1222  1622  2022  2422  2822  3222  3622   222   242   642  1042
  1442  1842  2242  2642  3042  3442  3842    42   442   842  1242  1642
  2042  2442  2842  3242  3642   242   262   662  1062  1462  1862  2262
  2662  3062  3462  3862    62   462   862  1262  1662  2062  2462  2862
  3262  3662   262   282   682  1082  1482  1882  2282  2682  3082  3482
  3882    82   482   882  1282  1682  2082  2482  2882  3282  3682   282
   302   702  1102  1502  1902  2302  2702  3102  3502  3902   102   502
   902  1302  1702  2102  2502  2902  3302  3702   302   322   722  1122
  1522  1922  2322  2722  3122  3522  3922   122   522   922  1322  1722
  2122  2522  2922  3322  3722   322   342   742  1142  1542  1942  2342
  2742  3142  3542  3942   142   542   942  1342  1742  2142  2542  2942
  3342  3742   342   362   762  1162  1562  1962  2362  2762  3162  3562
  3962   162   562   962  1362  1762  2162  2562  2962  3362  3762   362
   382   782  1182  1582  1982  2382  2782  3182  3582  3982   182   582
   982  1382  1782  2182  2582  2982  3382  3782   382     2   402   802
  1202  1602  2002  2402  2802  3202  3602   202   602  1002  1402  1802
  2202  2602  3002  3402  3802     2     3   403   803  1203  1603  2003
  2403  2803  3203  3603   203   603  1003  1403  1803  2203  2603  3003
  3403  3803     3    23   423   823  1223  1623  2023  2423  2823  3223
  3623   223   623  1023  1423  1823  2223  2623  3023  3423  3823    23
    43   443   843  1243  1643  2043  2443  2843  3243  3643   243   643
  1043  1443  1843  2243  2643  3043  3443  3843    43    63   463   863
  1263  1663  2063  2463  2863  3263  3663   263   663  1063  1463  1863
  2263  2663  3063  3463  3863    63    83   483   883  1283  1683  2083
  2483  2883  3283  3683   283   683  1083  1483  1883  2283  2683  3083
  3483  3883    83   103   503   903  1303  1703  2103  2503  2903  3303
  3703   303   703  1103  1503  1903  2303  2703  3103  3503  3903   103
   123   523   923  1323  1723  2123  2523  2923  3323  3723   323   723
  1123  1523  1923  2323  2723  3123  3523  3923   123   143   543   943
  1343  1743  2143  2543  2943  3343  3743   343   743  1143  1543  1943
  2343  2743  3143  3543  3943   143   163   563   963  1363  1763  2163
  2563  2963  3363  3763   363   763  1163  1563  1963  2363  2763  3163
  3563  3963   163   183   583   983  1383  1783  2183  2583  2983  3383
  3783   383   783  1183  1583  1983  2383  2783  3183  3583  3983   183
   203   603  1003  1403  1803  2203  2603  3003  3403  3803     3   403
   803  1203  1603  2003  2403  2803  3203  3603   203   223   623  1023
  1423  1823  2223  2623  3023  3423  3823    23   423   823  1223  1623
  2023  2423  2823  3223  3623   223   243   643  1043  1443  1843  2243
  2643  3043  3443  3843    43   443   843  1243  1643  2043  2443  2843
  3243  3643   243   263   663  1063  1463  1863  2263  2663  3063  3463
  3863    63   463   863  1263  1663  2063  2463  2863  3263  3663   263
   283   683  1083  1483  1883  2283  2683  3083  3483  3883    83   483
   883  1283  1683  2083  2483  2883  3283  3683   283   303   703  1103
  1503  1903  2303  2703  3103  3503  3903   103   503   903  1303  1703
  2103  2503  2903  3303  3703   303   323   723  1123  1523  1923  2323
  2723  3123  3523  3923   123   523   923  1323  1723  2123  2523  2923
  3323  3723   323   343   743  1143  1543  1943  2343  2743  3143  3543
  3943   143   543   943  1343  1743  2143  2543  2943  3343  3743   343
   363   763  1163  1563  1963  2363  2763  3163  3563  3963   163   563
   963  1363  1763  2163  2563  2963  3363  3763   363   383   783  1183
  1583  1983  2383  2783  3183  3583  3983   183   583   983  1383  1783
  2183  2583  2983  3383  3783   383     3   403   803  1203  1603  2003
  2403  2803  3203  3603   203   603  1003  1403  1803  2203  2603  3003
  3403  3803     3     4   404   804  1204  1604  2004  2404  2804  3204
  3604   204   604  1004  1404  1804  2204  2604  3004  3404  3804     4
    24   424   824  1224  1624  2024  2424  2824  3224  3624   224   624
  1024  1424  1824  2224  2624  3024  3424  3824    24    44   444   844
  1244  1644  2044  2444  2844  3244  3644   244   644  1044  1444  1844
  2244  2644  3044  3444  3844    44    64   464   864  1264  1664  2064
  2464  2864  3264  3664   264   664  1064  1464  1864  2264  2664  3064
  3464  3864    64    84   484   884  1284  1684  2084  2484  2884  3284
  3684   284   684  1084  1484  1884  2284  2684  3084  3484  3884    84
   104   504   904  1304  1704  2104  2504  2904  3304  3704   304   704
  1104  1504  1904  2304  2704  3104  3504  3904   104   124   524   924
  1324  1724  2124  2524  2924  3324  3724   324   724  1124  1524  1924
  2324  2724  3124  3524  3924   124   144   544   944  1344  1744  2144
  2544  2944  3344  3744   344   744  1144  1544  1944  2344  2744  3144
  3544  3944   144   164   564   964  1364  1764  2164  2564  2964  3364
  3764   364   764  1164  1564  1964  2364  2764  3164  3564  3964   164
   184   584   984  1384  1784  2184  2584  2984  3384  3784   384   784
  1184  1584  1984  2384  2784  3184  3584  3984   184   204   604  1004
  1404  1804  2204  2604  3004  3404  3804     4   404   804  1204  1604
  2004  2404  2804  3204  3604   204   224   624  1024  1424  1824  2224
  2624  3024  3424  3824    24   424   824  1224  1624  2024  2424  2824
  3224  3624   224   244   644  1044  1444  1844  2244  2644  3044  3444
  3844    44   444   844  1244  1644  2044  2444  2844  3244  3644   244
   264   664  1064  1464  1864  2264  2664  3064  3464  3864    64   464
   864  1264  1664  2064  2464  2864  3264  3664   264   284   684  1084
  1484  1884  2284  2684  3084  3484  3884    84   484   884  1284  1684
  2084  2484  2884  3284  3684   284   304   704  1104  1504  1904  2304
  2704  3104  3504  3904   104   504   904  1304  1704  2104  2504  2904
  3304  3704   304   324   724  1124  1524  1924  2324  2724  3124  3524
  3924   124   524   924  1324  1724  2124  2524  2924  3324  3724   324
   344   744  1144  1544  1944  2344  2744  3144  3544  3944   144   544
   944  1344  1744  2144  2544  2944  3344  3744   344   364   764  1164
  1564  1964  2364  2764  3164  3564  3964   164   564   964  1364  1764
  2164  2564  2964  3364  3764   364   384   784  1184  1584  1984  2384
  2784  3184  3584  3984   184   584   984  1384  1784  2184  2584  2984
  3384  3784   384     4   404   804  1204  1604  2004  2404  2804  3204
  3604   204   604  1004  1404  1804  2204  2604  3004  3404  3804     4
     5   405   805  1205  1605  2005  2405  2805  3205  3605   205   605
  1005  1405  1805  2205  2605  3005  3405  3805     5    25   425   825
  1225  1625  2025  2425  2825  3225  3625   225   625  1025  1425  1825
  2225  2625  3025  3425  3825    25    45   445   845  1245  1645  2045
  2445  2845  3245  3645   245   645  1045  1445  1845  2245  2645  3045
  3445  3845    45    65   465   865  1265  1665  2065  2465  2865  3265
  3665   265   665  1065  1465  1865  2265  2665  3065  3465  3865    65
    85   485   885  1285  1685  2085  2485  2885  3285  3685   285   685
  1085  1485  1885  2285  2685  3085  3485  3885    85   105   505   905
  1305  1705  2105  2505  2905  3305  3705   305   705  1105  1505  1905
  2305  2705  3105  3505  3905   105   125   525   925  1325  1725  2125
  2525  2925  3325  3725   325   725  1125  1525  1925  2325  2725  3125
  3525  3925   125   145   545   945  1345  1745  2145  2545  2945  3345
  3745   345   745  1145  1545  1945  2345  2745  3145  3545  3945   145
   165   565   965  1365  1765  2165  2565  2965  3365  3765   365   765
  1165  1565  1965  2365  2765  3165  3565  3965   165   185   585   985
  1385  1785  2185  2585  2985  3385  3785   385   785  1185  1585  1985
  2385  2785  3185  3585  3985   185   205   605  1005  1405  1805  2205
  2605  3005  3405  3805     5   405   805  1205  1605  2005  2405  2805
  3205  3605   205   225   625  1025  1425  1825  2225  2625  3025  3425
  3825    25   425   825  1225  1625  2025  2425  2825  3225  3625   225
   245   645  1045  1445  1845  2245  2645  3045  3445  3845    45   445
   845  1245  1645  2045  2445  2845  3245  3645   245   265   665  1065
  1465  1865  2265  2665  3065  3465  3865    65   465   865  1265  1665
  2065  2465  2865  3265  3665   265   285   685  1085  1485  1885  2285
  2685  3085  3485  3885    85   485   885  1285  1685  2085  2485  2885
  3285  3685   285   305   705  1105  1505  1905  2305  2705  3105  3505
  3905   105   505   905  1305  1705  2105  2505  2905  3305  3705   305
   325   725  1125  1525  1925  2325  2725  3125  3525  3925   125   525
   925  1325  1725  2125  2525  2925  3325  3725   325   345   745  1145
  1545  1945  2345  2745  3145  3545  3945   145   545   945  1345  1745
  2145  2545  2945  3345  3745   345   365   765  1165  1565  1965  2365
  2765  3165  3565  3965   165   565   965  1365  1765  2165  2565  2965
  3365  3765   365   385   785  1185  1585  1985  2385  2785  3185  3585
  3985   185   585   985  1385  1785  2185  2585  2985  3385  3785   385
     5   405   805  1205  1605  2005  2405  2805  3205  3605   205   605
  1005  1405  1805  2205  2605  3005  3405  3805     5     6   406   806
  1206  1606  2006  2406  2806  3206  3606   206   606  1006  1406  1806
  2206  2606  3006  3406  3806     6    26   426   826  1226  1626  2026
  2426  2826  3226  3626   226   626  1026  1426  1826  2226  2626  3026
  3426  3826    26    46   446   846  1246  1646  2046  2446  2846  3246
  3646   246   646  1046  1446  1846  2246  2646  3046  3446  3846    46
    66   466   866  1266  1666  2066  2466  2866  3266  3666   266   666
  1066  1466  1866  2266  2666  3066  3466  3866    66    86   486   886
  1286  1686  2086  2486  2886  3286  3686   286   686  1086  1486  1886
  2286  2686  3086  3486  3886    86   106   506   906  1306  1706  2106
  2506  2906  3306  3706   306   706  1106  1506  1906  2306  2706  3106
  3506  3906   106   126   526   926  1326  1726  2126  2526  2926  3326
  3726   326   726  1126  1526  1926  2326  2726  3126  3526  3926   126
   146   546   946  1346  1746  2146  2546  2946  3346  3746   346   746
  1146  1546  1946  2346  2746  3146  3546  3946   146   166   566   966
  1366  1766  2166  2566  2966  3366  3766   366   766  1166  1566  1966
  2366  2766  3166  3566  3966   166   186   586   986  1386  1786  2186
  2586  2986  3386  3786   386   786  1186  1586  1986  2386  2786  3186
  3586  3986   186   206   606  1006  1406  1806  2206  2606  3006  3406
  3806     6   406   806  1206  1606  2006  2406  2806  3206  3606   206
   226   626  1026  1426  1826  2226  2626  3026  3426  3826    26   426
   826  1226  1626  2026  2426  2826  3226  3626   226   246   646  1046
  1446  1846  2246  2646  3046  3446  3846    46   446   846  1246  1646
  2046  2446  2846  3246  3646   246   266   666  1066  1466  1866  2266
  2666  3066  3466  3866    66   466   866  1266  1666  2066  2466  2866
  3266  3666   266   286   686  1086  1486  1886  2286  2686  3086  3486
  3886    86   486   886  1286  1686  2086  2486  2886  3286  3686   286
   306   706  1106  1506  1906  2306  2706  3106  3506  3906   106   506
   906  1306  1706  2106  2506  2906  3306  3706   306   326   726  1126
  1526  1926  2326  2726  3126  3526  3926   126   526   926  1326  1726
  2126  2526  2926  3326  3726   326   346   746  1146  1546  1946  2346
  2746  3146  3546  3946   146   546   946  1346  1746  2146  2546  2946
  3346  3746   346   366   766  1166  1566  1966  2366  2766  3166  3566
  3966   166   566   966  1366  1766  2166  2566  2966  3366  3766   366
   386   786  1186  1586  1986  2386  2786  3186  3586  3986   186   586
   986  1386  1786  2186  2586  2986  3386  3786   386     6   406   806
  1206  1606  2006  2406  2806  3206  3606   206   606  1006  1406  1806
  2206  2606  3006  3406  3806     6     7   407   807  1207  1607  2007
  2407  2807  3207  3607   207   607  1007  1407  1807  2207  2607  3007
  3407  3807     7    27   427   827  1227  1627  2027  2427  2827  3227
  3627   227   627  1027  1427  1827  2227  2627  3027  3427  3827    27
    47   447   847  1247  1647  2047  2447  2847  3247  3647   247   647
  1047  1447  1847  2247  2647  3047  3447  3847    47    67   467   867
  1267  1667  2067  2467  2867  3267  3667   267   667  1067  1467  1867
  2267  2667  3067  3467  3867    67    87   487   887  1287  1687  2087
  2487  2887  3287  3687   287   687  1087  1487  1887  2287  2687  3087
  3487  3887    87   107   507   907  1307  1707  2107  2507  2907  3307
  3707   307   707  1107  1507  1907  2307  2707  3107  3507  3907   107
   127   527   927  1327  1727  2127  2527  2927  3327  3727   327   727
  1127  1527  1927  2327  2727  3127  3527  3927   127   147   547   947
  1347  1747  2147  2547  2947  3347  3747   347   747  1147  1547  1947
  2347  2747  3147  3547  3947   147   167   567   967  1367  1767  2167
  2567  2967  3367  3767   367   767  1167  1567  1967  2367  2767  3167
  3567  3967   167   187   587   987  1387  1787  2187  2587  2987  3387
  3787   387   787  1187  1587  1987  2387  2787  3187  3587  3987   187
   207   607  1007  1407  1807  2207  2607  3007  3407  3807     7   407
   807  1207  1607  2007  2407  2807  3207  3607   207   227   627  1027
  1427  1827  2227  2627  3027  3427  3827    27   427   827  1227  1627
  2027  2427  2827  3227  3627   227   247   647  1047  1447  1847  2247
  2647  3047  3447  3847    47   447   847  1247  1647  2047  2447  2847
  3247  3647   247   267   667  1067  1467  1867  2267  2667  3067  3467
  3867    67   467   867  1267  1667  2067  2467  2867  3267  3667   267
   287   687  1087  1487  1887  2287  2687  3087  3487  3887    87   487
   887  1287  1687  2087  2487  2887  3287  3687   287   307   707  1107
  1507  1907  2307  2707  3107  3507  3907   107   507   907  1307  1707
  2107  2507  2907  3307  3707   307   327   727  1127  1527  1927  2327
  2727  3127  3527  3927   127   527   927  1327  1727  2127  2527  2927
  3327  3727   327   347   747  1147  1547  1947  2347  2747  3147  3547
  3947   147   547   947  1347  1747  2147  2547  2947  3347  3747   347
   367   767  1167  1567  1967  2367  2767  3167  3567  3967   167   567
   967  1367  1767  2167  2567  2967  3367  3767   367   387   787  1187
  1587  1987  2387  2787  3187  3587  3987   187   587   987  1387  1787
  2187  2587  2987  3387  3787   387     7   407   807  1207  1607  2007
  2407  2807  3207  3607   207   607  1007  1407  1807  2207  2607  3007
  3407  3807     7     8   408   808  1208  1608  2008  2408  2808  3208
  3608   208   608  1008  1408  1808  2208  2608  3008  3408  3808     8
    28   428   828  1228  1628  2028  2428  2828  3228  3628   228   628
  1028  1428  1828  2228  2628  3028  3428  3828    28    48   448   848
  1248  1648  2048  2448  2848  3248  3648   248   648  1048  1448  1848
  2248  2648  3048  3448  3848    48    68   468   868  1268  1668  2068
  2468  2868  3268  3668   268   668  1068  1468  1868  2268  2668  3068
  3468  3868    68    88   488   888  1288  1688  2088  2488  2888  3288
  3688   288   688  1088  1488  1888  2288  2688  3088  3488  3888    88
   108   508   908  1308  1708  2108  2508  2908  3308  3708   308   708
  1108  1508  1908  2308  2708  3108  3508  3908   108   128   528   928
  1328  1728  2128  2528  2928  3328  3728   328   728  1128  1528  1928
  2328  2728  3128  3528  3928   128   148   548   948  1348  1748  2148
  2548  2948  3348  3748   348   748  1148  1548  1948  2348  2748  3148
  3548  3948   148   168   568   968  1368  1768  2168  2568  2968  3368
  3768   368   768  1168  1568  1968  2368  2768  3168  3568  3968   168
   188   588   988  1388  1788  2188  2588  2988  3388  3788   388   788
  1188  1588  1988  2388  2788  3188  3588  3988   188   208   608  1008
  1408  1808  2208  2608  3008  3408  3808     8   408   808  1208  1608
  2008  2408  2808  3208  3608   208   228   628  1028  1428  1828  2228
  2628  3028  3428  3828    28   428   828  1228  1628  2028  2428  2828
  3228  3628   228   248   648  1048  1448  1848  2248  2648  3048  3448
  3848    48   448   848  1248  1648  2048  2448  2848  3248  3648   248
   268   668  1068  1468  1868  2268  2668  3068  3468  3868    68   468
   868  1268  1668  2068  2468  2868  3268  3668   268   288   688  1088
  1488  1888  2288  2688  3088  3488  3888    88   488   888  1288  1688
  2088  2488  2888  3288  3688   288   308   708  1108  1508  1908  2308
  2708  3108  3508  3908   108   508   908  1308  1708  2108  2508  2908
  3308  3708   308   328   728  1128  1528  1928  2328  2728  3128  3528
  3928   128   528   928  1328  1728  2128  2528  2928  3328  3728   328
   348   748  1148  1548  1948  2348  2748  3148  3548  3948   148   548
   948  1348  1748  2148  2548  2948  3348  3748   348   368   768  1168
  1568  1968  2368  2768  3168  3568  3968   168   568   968  1368  1768
  2168  2568  2968  3368  3768   368   388   788  1188  1588  1988  2388
  2788  3188  3588  3988   188   588   988  1388  1788  2188  2588  2988
  3388  3788   388     8   408   808  1208  1608  2008  2408  2808  3208
  3608   208   608  1008  1408  1808  2208  2608  3008  3408  3808     8
     9   409   809  1209  1609  2009  2409  2809  3209  3609   209   609
  1009  1409  1809  2209  2609  3009  3409  3809     9    29   429   829
  1229  1629  2029  2429  2829  3229  3629   229   629  1029  1429  1829
  2229  2629  3029  3429  3829    29    49   449   849  1249  1649  2049
  2449  2849  3249  3649   249   649  1049  1449  1849  2249  2649  3049
  3449  3849    49    69   469   869  1269  1669  2069  2469  2869  3269
  3669   269   669  1069  1469  1869  2269  2669  3069  3469  3869    69
    89   489   889  1289  1689  2089  2489  2889  3289  3689   289   689
  1089  1489  1889  2289  2689  3089  3489  3889    89   109   509   909
  1309  1709  2109  2509  2909  3309  3709   309   709  1109  1509  1909
  2309  2709  3109  3509  3909   109   129   529   929  1329  1729  2129
  2529  2929  3329  3729   329   729  1129  1529  1929  2329  2729  3129
  3529  3929   129   149   549   949  1349  1749  2149  2549  2949  3349
  3749   349   749  1149  1549  1949  2349  2749  3149  3549  3949   149
   169   569   969  1369  1769  2169  2569  2969  3369  3769   369   769
  1169  1569  1969  2369  2769  3169  3569  3969   169   189   589   989
  1389  1789  2189  2589  2989  3389  3789   389   789  1189  1589  1989
  2389  2789  3189  3589  3989   189   209   609  1009  1409  1809  2209
  2609  3009  3409  3809     9   409   809  1209  1609  2009  2409  2809
  3209  3609   209   229   629  1029  1429  1829  2229  2629  3029  3429
  3829    29   429   829  1229  1629  2029  2429  2829  3229  3629   229
   249   649  1049  1449  1849  2249  2649  3049  3449  3849    49   449
   849  1249  1649  2049  2449  2849  3249  3649   249   269   669  1069
  1469  1869  2269  2669  3069  3469  3869    69   469   869  1269  1669
  2069  2469  2869  3269  3669   269   289   689  1089  1489  1889  2289
  2689  3089  3489  3889    89   489   889  1289  1689  2089  2489  2889
  3289  3689   289   309   709  1109  1509  1909  2309  2709  3109  3509
  3909   109   509   909  1309  1709  2109  2509  2909  3309  3709   309
   329   729  1129  1529  1929  2329  2729  3129  3529  3929   129   529
   929  1329  1729  2129  2529  2929  3329  3729   329   349   749  1149
  1549  1949  2349  2749  3149  3549  3949   149   549   949  1349  1749
  2149  2549  2949  3349  3749   349   369   769  1169  1569  1969  2369
  2769  3169  3569  3969   169   569   969  1369  1769  2169  2569  2969
  3369  3769   369   389   789  1189  1589  1989  2389  2789  3189  3589
  3989   189   589   989  1389  1789  2189  2589  2989  3389  3789   389
     9   409   809  1209  1609  2009  2409  2809  3209  3609   209   609
  1009  1409  1809  2209  2609  3009  3409  3809     9    10   410   810
  1210  1610  2010  2410  2810  3210  3610   210   610  1010  1410  1810
  2210  2610  3010  3410  3810    10    30   430   830  1230  1630  2030
  2430  2830  3230  3630   230   630  1030  1430  1830  2230  2630  3030
  3430  3830    30    50   450   850  1250  1650  2050  2450  2850  3250
  3650   250   650  1050  1450  1850  2250  2650  3050  3450  3850    50
    70   470   870  1270  1670  2070  2470  2870  3270  3670   270   670
  1070  1470  1870  2270  2670  3070  3470  3870    70    90   490   890
  1290  1690  2090  2490  2890  3290  3690   290   690  1090  1490  1890
  2290  2690  3090  3490  3890    90   110   510   910  1310  1710  2110
  2510  2910  3310  3710   310   710  1110  1510  1910  2310  2710  3110
  3510  3910   110   130   530   930  1330  1730  2130  2530  2930  3330
  3730   330   730  1130  1530  1930  2330  2730  3130  3530  3930   130
   150   550   950  1350  1750  2150  2550  2950  3350  3750   350   750
  1150  1550  1950  2350  2750  3150  3550  3950   150   170   570   970
  1370  1770  2170  2570  2970  3370  3770   370   770  1170  1570  1970
  2370  2770  3170  3570  3970   170   190   590   990  1390  1790  2190
  2590  2990  3390  3790   390   790  1190  1590  1990  2390  2790  3190
  3590  3990   190   210   610  1010  1410  1810  2210  2610  3010  3410
  3810    10   410   810  1210  1610  2010  2410  2810  3210  3610   210
   230   630  1030  1430  1830  2230  2630  3030  3430  3830    30   430
   830  1230  1630  2030  2430  2830  3230  3630   230   250   650  1050
  1450  1850  2250  2650  3050  3450  3850    50   450   850  1250  1650
  2050  2450  2850  3250  3650   250   270   670  1070  1470  1870  2270
  2670  3070  3470  3870    70   470   870  1270  1670  2070  2470  2870
  3270  3670   270   290   690  1090  1490  1890  2290  2690  3090  3490
  3890    90   490   890  1290  1690  2090  2490  2890  3290  3690   290
   310   710  1110  1510  1910  2310  2710  3110  3510  3910   110   510
   910  1310  1710  2110  2510  2910  3310  3710   310   330   730  1130
  1530  1930  2330  2730  3130  3530  3930   130   530   930  1330  1730
  2130  2530  2930  3330  3730   330   350   750  1150  1550  1950  2350
  2750  3150  3550  3950   150   550   950  1350  1750  2150  2550  2950
  3350  3750   350   370   770  1170  1570  1970  2370  2770  3170  3570
  3970   170   570   970  1370  1770  2170  2570  2970  3370  3770   370
   390   790  1190  1590  1990  2390  2790  3190  3590  3990   190   590
   990  1390  1790  2190  2590  2990  3390  3790   390    10   410   810
  1210  1610  2010  2410  2810  3210  3610   210   610  1010  1410  1810
  2210  2610  3010  3410  3810    10    11   411   811  1211  1611  2011
  2411  2811  3211  3611   211   611  1011  1411  1811  2211  2611  3011
  3411  3811    11    31   431   831  1231  1631  2031  2431  2831  3231
  3631   231   631  1031  1431  1831  2231  2631  3031  3431  3831    31
    51   451   851  1251  1651  2051  2451  2851  3251  3651   251   651
  1051  1451  1851  2251  2651  3051  3451  3851    51    71   471   871
  1271  1671  2071  2471  2871  3271  3671   271   671  1071  1471  1871
  2271  2671  3071  3471  3871    71    91   491   891  1291  1691  2091
  2491  2891  3291  3691   291   691  1091  1491  1891  2291  2691  3091
  3491  3891    91   111   511   911  1311  1711  2111  2511  2911  3311
  3711   311   711  1111  1511  1911  2311  2711  3111  3511  3911   111
   131   531   931  1331  1731  2131  2531  2931  3331  3731   331   731
  1131  1531  1931  2331  2731  3131  3531  3931   131   151   551   951
  1351  1751  2151  2551  2951  3351  3751   351   751  1151  1551  1951
  2351  2751  3151  3551  3951   151   171   571   971  1371  1771  2171
  2571  2971  3371  3771   371   771  1171  1571  1971  2371  2771  3171
  3571  3971   171   191   591   991  1391  1791  2191  2591  2991  3391
  3791   391   791  1191  1591  1991  2391  2791  3191  3591  3991   191
   211   611  1011  1411  1811  2211  2611  3011  3411  3811    11   411
   811  1211  1611  2011  2411  2811  3211  3611   211   231   631  1031
  1431  1831  2231  2631  3031  3431  3831    31   431   831  1231  1631
  2031  2431  2831  3231  3631   231   251   651  1051  1451  1851  2251
  2651  3051  3451  3851    51   451   851  1251  1651  2051  2451  2851
  3251  3651   251   271   671  1071  1471  1871  2271  2671  3071  3471
  3871    71   471   871  1271  1671  2071  2471  2871  3271  3671   271
   291   691  1091  1491  1891  2291  2691  3091  3491  3891    91   491
   891  1291  1691  2091  2491  2891  3291  3691   291   311   711  1111
  1511  1911  2311  2711  3111  3511  3911   111   511   911  1311  1711
  2111  2511  2911  3311  3711   311   331   731  1131  1531  1931  2331
  2731  3131  3531  3931   131   531   931  1331  1731  2131  2531  2931
  3331  3731   331   351   751  1151  1551  1951  2351  2751  3151  3551
  3951   151   551   951  1351  1751  2151  2551  2951  3351  3751   351
   371   771  1171  1571  1971  2371  2771  3171  3571  3971   171   571
   971  1371  1771  2171  2571  2971  3371  3771   371   391   791  1191
  1591  1991  2391  2791  3191  3591  3991   191   591   991  1391  1791
  2191  2591  2991  3391  3791   391    11   411   811  1211  1611  2011
  2411  2811  3211  3611   211   611  1011  1411  1811  2211  2611  3011
  3411  3811    11    12   412   812  1212  1612  2012  2412  2812  3212
  3612   212   612  1012  1412  1812  2212  2612  3012  3412  3812    12
    32   432   832  1232  1632  2032  2432  2832  3232  3632   232   632
  1032  1432  1832  2232  2632  3032  3432  3832    32    52   452   852
  1252  1652  2052  2452  2852  3252  3652   252   652  1052  1452  1852
  2252  2652  3052  3452  3852    52    72   472   872  1272  1672  2072
  2472  2872  3272  3672   272   672  1072  1472  1872  2272  2672  3072
  3472  3872    72    92   492   892  1292  1692  2092  2492  2892  3292
  3692   292   692  1092  1492  1892  2292  2692  3092  3492  3892    92
   112   512   912  1312  1712  2112  2512  2912  3312  3712   312   712
  1112  1512  1912  2312  2712  3112  3512  3912   112   132   532   932
  1332  1732  2132  2532  2932  3332  3732   332   732  1132  1532  1932
  2332  2732  3132  3532  3932   132   152   552   952  1352  1752  2152
  2552  2952  3352  3752   352   752  1152  1552  1952  2352  2752  3152
  3552  3952   152   172   572   972  1372  1772  2172  2572  2972  3372
  3772   372   772  1172  1572  1972  2372  2772  3172  3572  3972   172
   192   592   992  1392  1792  2192  2592  2992  3392  3792   392   792
  1192  1592  1992  2392  2792  3192  3592  3992   192   212   612  1012
  1412  1812  2212  2612  3012  3412  3812    12   412   812  1212  1612
  2012  2412  2812  3212  3612   212   232   632  1032  1432  1832  2232
  2632  3032  3432  3832    32   432   832  1232  1632  2032  2432  2832
  3232  3632   232   252   652  1052  1452  1852  2252  2652  3052  3452
  3852    52   452   852  1252  1652  2052  2452  2852  3252  3652   252
   272   672  1072  1472  1872  2272  2672  3072  3472  3872    72   472
   872  1272  1672  2072  2472  2872  3272  3672   272   292   692  1092
  1492  1892  2292  2692  3092  3492  3892    92   492   892  1292  1692
  2092  2492  2892  3292  3692   292   312   712  1112  1512  1912  2312
  2712  3112  3512  3912   112   512   912  1312  1712  2112  2512  2912
  3312  3712   312   332   732  1132  1532  1932  2332  2732  3132  3532
  3932   132   532   932  1332  1732  2132  2532  2932  3332  3732   332
   352   752  1152  1552  1952  2352  2752  3152  3552  3952   152   552
   952  1352  1752  2152  2552  2952  3352  3752   352   372   772  1172
  1572  1972  2372  2772  3172  3572  3972   172   572   972  1372  1772
  2172  2572  2972  3372  3772   372   392   792  1192  1592  1992  2392
  2792  3192  3592  3992   192   592   992  1392  1792  2192  2592  2992
  3392  3792   392    12   412   812  1212  1612  2012  2412  2812  3212
  3612   212   612  1012  1412  1812  2212  2612  3012  3412  3812    12
    13   413   813  1213  1613  2013  2413  2813  3213  3613   213   613
  1013  1413  1813  2213  2613  3013  3413  3813    13    33   433   833
  1233  1633  2033  2433  2833  3233  3633   233   633  1033  1433  1833
  2233  2633  3033  3433  3833    33    53   453   853  1253  1653  2053
  2453  2853  3253  3653   253   653  1053  1453  1853  2253  2653  3053
  3453  3853    53    73   473   873  1273  1673  2073  2473  2873  3273
  3673   273   673  1073  1473  1873  2273  2673  3073  3473  3873    73
    93   493   893  1293  1693  2093  2493  2893  3293  3693   293   693
  1093  1493  1893  2293  2693  3093  3493  3893    93   113   513   913
  1313  1713  2113  2513  2913  3313  3713   313   713  1113  1513  1913
  2313  2713  3113  3513  3913   113   133   533   933  1333  1733  2133
  2533  2933  3333  3733   333   733  1133  1533  1933  2333  2733  3133
  3533  3933   133   153   553   953  1353  1753  2153  2553  2953  3353
  3753   353   753  1153  1553  1953  2353  2753  3153  3553  3953   153
   173   573   973  1373  1773  2173  2573  2973  3373  3773   373   773
  1173  1573  1973  2373  2773  3173  3573  3973   173   193   593   993
  1393  1793  2193  2593  2993  3393  3793   393   793  1193  1593  1993
  2393  2793  3193  3593  3993   193   213   613  1013  1413  1813  2213
  2613  3013  3413  3813    13   413   813  1213  1613  2013  2413  2813
  3213  3613   213   233   633  1033  1433  1833  2233  2633  3033  3433
  3833    33   433   833  1233  1633  2033  2433  2833  3233  3633   233
   253   653  1053  1453  1853  2253  2653  3053  3453  3853    53   453
   853  1253  1653  2053  2453  2853  3253  3653   253   273   673  1073
  1473  1873  2273  2673  3073  3473  3873    73   473   873  1273  1673
  2073  2473  2873  3273  3673   273   293   693  1093  1493  1893  2293
  2693  3093  3493  3893    93   493   893  1293  1693  2093  2493  2893
  3293  3693   293   313   713  1113  1513  1913  2313  2713  3113  3513
  3913   113   513   913  1313  1713  2113  2513  2913  3313  3713   313
   333   733  1133  1533  1933  2333  2733  3133  3533  3933   133   533
   933  1333  1733  2133  2533  2933  3333  3733   333   353   753  1153
  1553  1953  2353  2753  3153  3553  3953   153   553   953  1353  1753
  2153  2553  2953  3353  3753   353   373   773  1173  1573  1973  2373
  2773  3173  3573  3973   173   573   973  1373  1773  2173  2573  2973
  3373  3773   373   393   793  1193  1593  1993  2393  2793  3193  3593
  3993   193   593   993  1393  1793  2193  2593  2993  3393  3793   393
    13   413   813  1213  1613  2013  2413  2813  3213  3613   213   613
  1013  1413  1813  2213  2613  3013  3413  3813    13    14   414   814
  1214  1614  2014  2414  2814  3214  3614   214   614  1014  1414  1814
  2214  2614  3014  3414  3814    14    34   434   834  1234  1634  2034
  2434  2834  3234  3634   234   634  1034  1434  1834  2234  2634  3034
  3434  3834    34    54   454   854  1254  1654  2054  2454  2854  3254
  3654   254   654  1054  1454  1854  2254  2654  3054  3454  3854    54
    74   474   874  1274  1674  2074  2474  2874  3274  3674   274   674
  1074  1474  1874  2274  2674  3074  3474  3874    74    94   494   894
  1294  1694  2094  2494  2894  3294  3694   294   694  1094  1494  1894
  2294  2694  3094  3494  3894    94   114   514   914  1314  1714  2114
  2514  2914  3314  3714   314   714  1114  1514  1914  2314  2714  3114
  3514  3914   114   134   534   934  1334  1734  2134  2534  2934  3334
  3734   334   734  1134  1534  1934  2334  2734  3134  3534  3934   134
   154   554   954  1354  1754  2154  2554  2954  3354  3754   354   754
  1154  1554  1954  2354  2754  3154  3554  3954   154   174   574   974
  1374  1774  2174  2574  2974  3374  3774   374   774  1174  1574  1974
  2374  2774  3174  3574  3974   174   194   594   994  1394  1794  2194
  2594  2994  3394  3794   394   794  1194  1594  1994  2394  2794  3194
  3594  3994   194   214   614  1014  1414  1814  2214  2614  3014  3414
  3814    14   414   814  1214  1614  2014  2414  2814  3214  3614   214
   234   634  1034  1434  1834  2234  2634  3034  3434  3834    34   434
   834  1234  1634  2034  2434  2834  3234  3634   234   254   654  1054
  1454  1854  2254  2654  3054  3454  3854    54   454   854  1254  1654
  2054  2454  2854  3254  3654   254   274   674  1074  1474  1874  2274
  2674  3074  3474  3874    74   474   874  1274  1674  2074  2474  2874
  3274  3674   274   294   694  1094  1494  1894  2294  2694  3094  3494
  3894    94   494   894  1294  1694  2094  2494  2894  3294  3694   294
   314   714  1114  1514  1914  2314  2714  3114  3514  3914   114   514
   914  1314  1714  2114  2514  2914  3314  3714   314   334   734  1134
  1534  1934  2334  2734  3134  3534  3934   134   534   934  1334  1734
  2134  2534  2934  3334  3734   334   354   754  1154  1554  1954  2354
  2754  3154  3554  3954   154   554   954  1354  1754  2154  2554  2954
  3354  3754   354   374   774  1174  1574  1974  2374  2774  3174  3574
  3974   174   574   974  1374  1774  2174  2574  2974  3374  3774   374
   394   794  1194  1594  1994  2394  2794  3194  3594  3994   194   594
   994  1394  1794  2194  2594  2994  3394  3794   394    14   414   814
  1214  1614  2014  2414  2814  3214  3614   214   614  1014  1414  1814
  2214  2614  3014  3414  3814    14    15   415   815  1215  1615  2015
  2415  2815  3215  3615   215   615  1015  1415  1815  2215  2615  3015
  3415  3815    15    35   435   835  1235  1635  2035  2435  2835  3235
  3635   235   635  1035  1435  1835  2235  2635  3035  3435  3835    35
    55   455   855  1255  1655  2055  2455  2855  3255  3655   255   655
  1055  1455  1855  2255  2655  3055  3455  3855    55    75   475   875
  1275  1675  2075  2475  2875  3275  3675   275   675  1075  1475  1875
  2275  2675  3075  3475  3875    75    95   495   895  1295  1695  2095
  2495  2895  3295  3695   295   695  1095  1495  1895  2295  2695  3095
  3495  3895    95   115   515   915  1315  1715  2115  2515  2915  3315
  3715   315   715  1115  1515  1915  2315  2715  3115  3515  3915   115
   135   535   935  1335  1735  2135  2535  2935  3335  3735   335   735
  1135  1535  1935  2335  2735  3135  3535  3935   135   155   555   955
  1355  1755  2155  2555  2955  3355  3755   355   755  1155  1555  1955
  2355  2755  3155  3555  3955   155   175   575   975  1375  1775  2175
  2575  2975  3375  3775   375   775  1175  1575  1975  2375  2775  3175
  3575  3975   175   195   595   995  1395  1795  2195  2595  2995  3395
  3795   395   795  1195  1595  1995  2395  2795  3195  3595  3995   195
   215   615  1015  1415  1815  2215  2615  3015  3415  3815    15   415
   815  1215  1615  2015  2415  2815  3215  3615   215   235   635  1035
  1435  1835  2235  2635  3035  3435  3835    35   435   835  1235  1635
  2035  2435  2835  3235  3635   235   255   655  1055  1455  1855  2255
  2655  3055  3455  3855    55   455   855  1255  1655  2055  2455  2855
  3255  3655   255   275   675  1075  1475  1875  2275  2675  3075  3475
  3875    75   475   875  1275  1675  2075  2475  2875  3275  3675   275
   295   695  1095  1495  1895  2295  2695  3095  3495  3895    95   495
   895  1295  1695  2095  2495  2895  3295  3695   295   315   715  1115
  1515  1915  2315  2715  3115  3515  3915   115   515   915  1315  1715
  2115  2515  2915  3315  3715   315   335   735  1135  1535  1935  2335
  2735  3135  3535  3935   135   535   935  1335  1735  2135  2535  2935
  3335  3735   335   355   755  1155  1555  1955  2355  2755  3155  3555
  3955   155   555   955  1355  1755  2155  2555  2955  3355  3755   355
   375   775  1175  1575  1975  2375  2775  3175  3575  3975   175   575
   975  1375  1775  2175  2575  2975  3375  3775   375   395   795  1195
  1595  1995  2395  2795  3195  3595  3995   195   595   995  1395  1795
  2195  2595  2995  3395  3795   395    15   415   815  1215  1615  2015
  2415  2815  3215  3615   215   615  1015  1415  1815  2215  2615  3015
  3415  3815    15    16   416   816  1216  1616  2016  2416  2816  3216
  3616   216   616  1016  1416  1816  2216  2616  3016  3416  3816    16
    36   436   836  1236  1636  2036  2436  2836  3236  3636   236   636
  1036  1436  1836  2236  2636  3036  3436  3836    36    56   456   856
  1256  1656  2056  2456  2856  3256  3656   256   656  1056  1456  1856
  2256  2656  3056  3456  3856    56    76   476   876  1276  1676  2076
  2476  2876  3276  3676   276   676  1076  1476  1876  2276  2676  3076
  3476  3876    76    96   496   896  1296  1696  2096  2496  2896  3296
  3696   296   696  1096  1496  1896  2296  2696  3096  3496  3896    96
   116   516   916  1316  1716  2116  2516  2916  3316  3716   316   716
  1116  1516  1916  2316  2716  3116  3516  3916   116   136   536   936
  1336  1736  2136  2536  2936  3336  3736   336   736  1136  1536  1936
  2336  2736  3136  3536  3936   136   156   556   956  1356  1756  2156
  2556  2956  3356  3756   356   756  1156  1556  1956  2356  2756  3156
  3556  3956   156   176   576   976  1376  1776  2176  2576  2976  3376
  3776   376   776  1176  1576  1976  2376  2776  3176  3576  3976   176
   196   596   996  1396  1796  2196  2596  2996  3396  3796   396   796
  1196  1596  1996  2396  2796  3196  3596  3996   196   216   616  1016
  1416  1816  2216  2616  3016  3416  3816    16   416   816  1216  1616
  2016  2416  2816  3216  3616   216   236   636  1036  1436  1836  2236
  2636  3036  3436  3836    36   436   836  1236  1636  2036  2436  2836
  3236  3636   236   256   656  1056  1456  1856  2256  2656  3056  3456
  3856    56   456   856  1256  1656  2056  2456  2856  3256  3656   256
   276   676  1076  1476  1876  2276  2676  3076  3476  3876    76   476
   876  1276  1676  2076  2476  2876  3276  3676   276   296   696  1096
  1496  1896  2296  2696  3096  3496  3896    96   496   896  1296  1696
  2096  2496  2896  3296  3696   296   316   716  1116  1516  1916  2316
  2716  3116  3516  3916   116   516   916  1316  1716  2116  2516  2916
  3316  3716   316   336   736  1136  1536  1936  2336  2736  3136  3536
  3936   136   536   936  1336  1736  2136  2536  2936  3336  3736   336
   356   756  1156  1556  1956  2356  2756  3156  3556  3956   156   556
   956  1356  1756  2156  2556  2956  3356  3756   356   376   776  1176
  1576  1976  2376  2776  3176  3576  3976   176   576   976  1376  1776
  2176  2576  2976  3376  3776   376   396   796  1196  1596  1996  2396
  2796  3196  3596  3996   196   596   996  1396  1796  2196  2596  2996
  3396  3796   396    16   416   816  1216  1616  2016  2416  2816  3216
  3616   216   616  1016  1416  1816  2216  2616  3016  3416  3816    16
    17   417   817  1217  1617  2017  2417  2817  3217  3617   217   617
  1017  1417  1817  2217  2617  3017  3417  3817    17    37   437   837
  1237  1637  2037  2437  2837  3237  3637   237   637  1037  1437  1837
  2237  2637  3037  3437  3837    37    57   457   857  1257  1657  2057
  2457  2857  3257  3657   257   657  1057  1457  1857  2257  2657  3057
  3457  3857    57    77   477   877  1277  1677  2077  2477  2877  3277
  3677   277   677  1077  1477  1877  2277  2677  3077  3477  3877    77
    97   497   897  1297  1697  2097  2497  2897  3297  3697   297   697
  1097  1497  1897  2297  2697  3097  3497  3897    97   117   517   917
  1317  1717  2117  2517  2917  3317  3717   317   717  1117  1517  1917
  2317  2717  3117  3517  3917   117   137   537   937  1337  1737  2137
  2537  2937  3337  3737   337   737  1137  1537  1937  2337  2737  3137
  3537  3937   137   157   557   957  1357  1757  2157  2557  2957  3357
  3757   357   757  1157  1557  1957  2357  2757  3157  3557  3957   157
   177   577   977  1377  1777  2177  2577  2977  3377  3777   377   777
  1177  1577  1977  2377  2777  3177  3577  3977   177   197   597   997
  1397  1797  2197  2597  2997  3397  3797   397   797  1197  1597  1997
  2397  2797  3197  3597  3997   197   217   617  1017  1417  1817  2217
  2617  3017  3417  3817    17   417   817  1217  1617  2017  2417  2817
  3217  3617   217   237   637  1037  1437  1837  2237  2637  3037  3437
  3837    37   437   837  1237  1637  2037  2437  2837  3237  3637   237
   257   657  1057  1457  1857  2257  2657  3057  3457  3857    57   457
   857  1257  1657  2057  2457  2857  3257  3657   257   277   677  1077
  1477  1877  2277  2677  3077  3477  3877    77   477   877  1277  1677
  2077  2477  2877  3277  3677   277   297   697  1097  1497  1897  2297
  2697  3097  3497  3897    97   497   897  1297  1697  2097  2497  2897
  3297  3697   297   317   717  1117  1517  1917  2317  2717  3117  3517
  3917   117   517   917  1317  1717  2117  2517  2917  3317  3717   317
   337   737  1137  1537  1937  2337  2737  3137  3537  3937   137   537
   937  1337  1737  2137  2537  2937  3337  3737   337   357   757  1157
  1557  1957  2357  2757  3157  3557  3957   157   557   957  1357  1757
  2157  2557  2957  3357  3757   357   377   777  1177  1577  1977  2377
  2777  3177  3577  3977   177   577   977  1377  1777  2177  2577  2977
  3377  3777   377   397   797  1197  1597  1997  2397  2797  3197  3597
  3997   197   597   997  1397  1797  2197  2597  2997  3397  3797   397
    17   417   817  1217  1617  2017  2417  2817  3217  3617   217   617
  1017  1417  1817  2217  2617  3017  3417  3817    17    18   418   818
  1218  1618  2018  2418  2818  3218  3618   218   618  1018  1418  1818
  2218  2618  3018  3418  3818    18    38   438   838  1238  1638  2038
  2438  2838  3238  3638   238   638  1038  1438  1838  2238  2638  3038
  3438  3838    38    58   458   858  1258  1658  2058  2458  2858  3258
  3658   258   658  1058  1458  1858  2258  2658  3058  3458  3858    58
    78   478   878  1278  1678  2078  2478  2878  3278  3678   278   678
  1078  1478  1878  2278  2678  3078  3478  3878    78    98   498   898
  1298  1698  2098  2498  2898  3298  3698   298   698  1098  1498  1898
  2298  2698  3098  3498  3898    98   118   518   918  1318  1718  2118
  2518  2918  3318  3718   318   718  1118  1518  1918  2318  2718  3118
  3518  3918   118   138   538   938  1338  1738  2138  2538  2938  3338
  3738   338   738  1138  1538  1938  2338  2738  3138  3538  3938   138
   158   558   958  1358  1758  2158  2558  2958  3358  3758   358   758
  1158  1558  1958  2358  2758  3158  3558  3958   158   178   578   978
  1378  1778  2178  2578  2978  3378  3778   378   778  1178  1578  1978
  2378  2778  3178  3578  3978   178   198   598   998  1398  1798  2198
  2598  2998  3398  3798   398   798  1198  1598  1998  2398  2798  3198
  3598  3998   198   218   618  1018  1418  1818  2218  2618  3018  3418
  3818    18   418   818  1218  1618  2018  2418  2818  3218  3618   218
   238   638  1038  1438  1838  2238  2638  3038  3438  3838    38   438
   838  1238  1638  2038  2438  2838  3238  3638   238   258   658  1058
  1458  1858  2258  2658  3058  3458  3858    58   458   858  1258  1658
  2058  2458  2858  3258  3658   258   278   678  1078  1478  1878  2278
  2678  3078  3478  3878    78   478   878  1278  1678  2078  2478  2878
  3278  3678   278   298   698  1098  1498  1898  2298  2698  3098  3498
  3898    98   498   898  1298  1698  2098  2498  2898  3298  3698   298
   318   718  1118  1518  1918  2318  2718  3118  3518  3918   118   518
   918  1318  1718  2118  2518  2918  3318  3718   318   338   738  1138
  1538  1938  2338  2738  3138  3538  3938   138   538   938  1338  1738
  2138  2538  2938  3338  3738   338   358   758  1158  1558  1958  2358
  2758  3158  3558  3958   158   558   958  1358  1758  2158  2558  2958
  3358  3758   358   378   778  1178  1578  1978  2378  2778  3178  3578
  3978   178   578   978  1378  1778  2178  2578  2978  3378  3778   378
   398   798  1198  1598  1998  2398  2798  3198  3598  3998   198   598
   998  1398  1798  2198  2598  2998  3398  3798   398    18   418   818
  1218  1618  2018  2418  2818  3218  3618   218   618  1018  1418  1818
  2218  2618  3018  3418  3818    18    19   419   819  1219  1619  2019
  2419  2819  3219  3619   219   619  1019  1419  1819  2219  2619  3019
  3419  3819    19    39   439   839  1239  1639  2039  2439  2839  3239
  3639   239   639  1039  1439  1839  2239  2639  3039  3439  3839    39
    59   459   859  1259  1659  2059  2459  2859  3259  3659   259   659
  1059  1459  1859  2259  2659  3059  3459  3859    59    79   479   879
  1279  1679  2079  2479  2879  3279  3679   279   679  1079  1479  1879
  2279  2679  3079  3479  3879    79    99   499   899  1299  1699  2099
  2499  2899  3299  3699   299   699  1099  1499  1899  2299  2699  3099
  3499  3899    99   119   519   919  1319  1719  2119  2519  2919  3319
  3719   319   719  1119  1519  1919  2319  2719  3119  3519  3919   119
   139   539   939  1339  1739  2139  2539  2939  3339  3739   339   739
  1139  1539  1939  2339  2739  3139  3539  3939   139   159   559   959
  1359  1759  2159  2559  2959  3359  3759   359   759  1159  1559  1959
  2359  2759  3159  3559  3959   159   179   579   979  1379  1779  2179
  2579  2979  3379  3779   379   779  1179  1579  1979  2379  2779  3179
  3579  3979   179   199   599   999  1399  1799  2199  2599  2999  3399
  3799   399   799  1199  1599  1999  2399  2799  3199  3599  3999   199
   219   619  1019  1419  1819  2219  2619  3019  3419  3819    19   419
   819  1219  1619  2019  2419  2819  3219  3619   219   239   639  1039
  1439  1839  2239  2639  3039  3439  3839    39   439   839  1239  1639
  2039  2439  2839  3239  3639   239   259   659  1059  1459  1859  2259
  2659  3059  3459  3859    59   459   859  1259  1659  2059  2459  2859
  3259  3659   259   279   679  1079  1479  1879  2279  2679  3079  3479
  3879    79   479   879  1279  1679  2079  2479  2879  3279  3679   279
   299   699  1099  1499  1899  2299  2699  3099  3499  3899    99   499
   899  1299  1699  2099  2499  2899  3299  3699   299   319   719  1119
  1519  1919  2319  2719  3119  3519  3919   119   519   919  1319  1719
  2119  2519  2919  3319  3719   319   339   739  1139  1539  1939  2339
  2739  3139  3539  3939   139   539   939  1339  1739  2139  2539  2939
  3339  3739   339   359   759  1159  1559  1959  2359  2759  3159  3559
  3959   159   559   959  1359  1759  2159  2559  2959  3359  3759   359
   379   779  1179  1579  1979  2379  2779  3179  3579  3979   179   579
   979  1379  1779  2179  2579  2979  3379  3779   379   399   799  1199
  1599  1999  2399  2799  3199  3599  3999   199   599   999  1399  1799
  2199  2599  2999  3399  3799   399    19   419   819  1219  1619  2019
  2419  2819  3219  3619   219   619  1019  1419  1819  2219  2619  3019
  3419  3819    19    20   420   820  1220  1620  2020  2420  2820  3220
  3620   220   620  1020  1420  1820  2220  2620  3020  3420  3820    20
    40   440   840  1240  1640  2040  2440  2840  3240  3640   240   640
  1040  1440  1840  2240  2640  3040  3440  3840    40    60   460   860
  1260  1660  2060  2460  2860  3260  3660   260   660  1060  1460  1860
  2260  2660  3060  3460  3860    60    80   480   880  1280  1680  2080
  2480  2880  3280  3680   280   680  1080  1480  1880  2280  2680  3080
  3480  3880    80   100   500   900  1300  1700  2100  2500  2900  3300
  3700   300   700  1100  1500  1900  2300  2700  3100  3500  3900   100
   120   520   920  1320  1720  2120  2520  2920  3320  3720   320   720
  1120  1520  1920  2320  2720  3120  3520  3920   120   140   540   940
  1340  1740  2140  2540  2940  3340  3740   340   740  1140  1540  1940
  2340  2740  3140  3540  3940   140   160   560   960  1360  1760  2160
  2560  2960  3360  3760   360   760  1160  1560  1960  2360  2760  3160
  3560  3960   160   180   580   980  1380  1780  2180  2580  2980  3380
  3780   380   780  1180  1580  1980  2380  2780  3180  3580  3980   180
   200   600  1000  1400  1800  2200  2600  3000  3400  3800   400   800
  1200  1600  2000  2400  2800  3200  3600  4000   200   220   620  1020
  1420  1820  2220  2620  3020  3420  3820    20   420   820  1220  1620
  2020  2420  2820  3220  3620   220   240   640  1040  1440  1840  2240
  2640  3040  3440  3840    40   440   840  1240  1640  2040  2440  2840
  3240  3640   240   260   660  1060  1460  1860  2260  2660  3060  3460
  3860    60   460   860  1260  1660  2060  2460  2860  3260  3660   260
   280   680  1080  1480  1880  2280  2680  3080  3480  3880    80   480
   880  1280  1680  2080  2480  2880  3280  3680   280   300   700  1100
  1500  1900  2300  2700  3100  3500  3900   100   500   900  1300  1700
  2100  2500  2900  3300  3700   300   320   720  1120  1520  1920  2320
  2720  3120  3520  3920   120   520   920  1320  1720  2120  2520  2920
  3320  3720   320   340   740  1140  1540  1940  2340  2740  3140  3540
  3940   140   540   940  1340  1740  2140  2540  2940  3340  3740   340
   360   760  1160  1560  1960  2360  2760  3160  3560  3960   160   560
   960  1360  1760  2160  2560  2960  3360  3760   360   380   780  1180
  1580  1980  2380  2780  3180  3580  3980   180   580   980  1380  1780
  2180  2580  2980  3380  3780   380   400   800  1200  1600  2000  2400
  2800  3200  3600  4000   200   600  1000  1400  1800  2200  2600  3000
  3400  3800   400    20   420   820  1220  1620  2020  2420  2820  3220
  3620   220   620  1020  1420  1820  2220  2620  3020  3420  3820    20
     1   401   801  1201  1601  2001  2401  2801  3201  3601   201   601
  1001  1401  1801  2201  2601  3001  3401  3801     1    21   421   821
  1221  1621  2021  2421  2821  3221  3621   221   621  1021  1421  1821
  2221  2621  3021  3421  3821    21    41   441   841  1241  1641  2041
  2441  2841  3241  3641   241   641  1041  1441  1841  2241  2641  3041
  3441  3841    41    61   461   861  1261  1661  2061  2461  2861  3261
  3661   261   661  1061  1461  1861  2261  2661  3061  3461  3861    61
    81   481   881  1281  1681  2081  2481  2881  3281  3681   281   681
  1081  1481  1881  2281  2681  3081  3481  3881    81   101   501   901
  1301  1701  2101  2501  2901  3301  3701   301   701  1101  1501  1901
  2301  2701  3101  3501  3901   101   121   521   921  1321  1721  2121
  2521  2921  3321  3721   321   721  1121  1521  1921  2321  2721  3121
  3521  3921   121   141   541   941  1341  1741  2141  2541  2941  3341
  3741   341   741  1141  1541  1941  2341  2741  3141  3541  3941   141
   161   561   961  1361  1761  2161  2561  2961  3361  3761   361   761
  1161  1561  1961  2361  2761  3161  3561  3961   161   181   581   981
  1381  1781  2181  2581  2981  3381  3781   381   781  1181  1581  1981
  2381  2781  3181  3581  3981   181   201   601  1001  1401  1801  2201
  2601  3001  3401  3801     1   401   801  1201  1601  2001  2401  2801
  3201  3601   201   221   621  1021  1421  1821  2221  2621  3021  3421
  3821    21   421   821  1221  1621  2021  2421  2821  3221  3621   221
   241   641  1041  1441  1841  2241  2641  3041  3441  3841    41   441
   841  1241  1641  2041  2441  2841  3241  3641   241   261   661  1061
  1461  1861  2261  2661  3061  3461  3861    61   461   861  1261  1661
  2061  2461  2861  3261  3661   261   281   681  1081  1481  1881  2281
  2681  3081  3481  3881    81   481   881  1281  1681  2081  2481  2881
  3281  3681   281   301   701  1101  1501  1901  2301  2701  3101  3501
  3901   101   501   901  1301  1701  2101  2501  2901  3301  3701   301
   321   721  1121  1521  1921  2321  2721  3121  3521  3921   121   521
   921  1321  1721  2121  2521  2921  3321  3721   321   341   741  1141
  1541  1941  2341  2741  3141  3541  3941   141   541   941  1341  1741
  2141  2541  2941  3341  3741   341   361   761  1161  1561  1961  2361
  2761  3161  3561  3961   161   561   961  1361  1761  2161  2561  2961
  3361  3761   361   381   781  1181  1581  1981  2381  2781  3181  3581
  3981   181   581   981  1381  1781  2181  2581  2981  3381  3781   381
     1   401   801  1201  1601  2001  2401  2801  3201  3601   201   601
  1001  1401  1801  2201  2601  3001  3401  3801     1
