    .    1    .    2    .    3    .    4    .    5    .    6    .    7
fftffffftffffffffffftftfffffffftfffftffffffftffffffffffffffftfffffttffff
 (/ 2i6, f6.0, 2i6, 2f6.0, 4l6, i6)
  lmax ntype  zval     . icorr     .  pmix   win   wmt f-rel sp-po     .
     8    36  513.     8    04    1.  .020     t     t     f     t     1
 LABEL
 (f12.0)
  9.90376158
 (i6)
     0
 (/ 2f12.0, i6)
       W(Ry)        dE/W     .
       0.003         24.     0
 (i6)
     1 placeholder for obsolete panel index
 (/ i6, 3x, 3i1, i6, 2f6.0, f12.0 /)
  ntls   ... nsets     .     .   log(epst)
     3   111     2    .0    .0        -38.
         T^2   ...  ?   ... sc t^2 = a/S^2         + b
 (f12.0, f5.0, i1, i3, 3i2, l3, f6.0, i3, 6f12.0)
        -0.1   .01  0 1 0 1  f    .0  0          .0
        -2.3   .01  0 1 0 1  f    .0  0          .0
        -1.5   .01  0 1 0 1  f    .0  0          .0
 (3f6.0)
    .0    1.    1.
 (/ (3f18.0))
 R transpose
  1.00000000000000  .000000000000000  .000000000000000
 -.500000000000000  .866025403784439  .000000000000000
  .000000000000000  .000000000000001  4.73887989436818
 (/ 3i6, 4x, 2i1, 2i6)
   ft1   ft2   ft3    ..  diag     .
    40    40   192    00     2     0
 (/ 3f18.0, 5x, a1 // f18.0, i24, f18.0)
                          axis                         coord
  .000000000000000  .000000000000000  .000000000000000     l
    field(Ry/bohr)   field modulation star    spin mix ratio
              .000                       1               .10
 (// 2i8)
 TYPE 1: species: 41a
   natom   nharm  (L=   0   1   2   3   4   5   6   7   8)
       1      81  (n=   1   4   9  16  25  36  49  64  81)
 (/ (24i3))
 density exponents
  1
  1
  1
  1
 basis exponents
  5  4  3  2  1  0  0  0  0
 (/ (3f18.0, 5x, a1))
              tau1              tau2              tau3     c
  .000000000000000  .000000000000000  .332980000000068     l
 (/ i6, 2f12.0, 5x, a1 /)
     n           S          dx coord
   572  .809342209       0.025     v
   572  2.41103829       0.025     a
 (/f6.0, i6, f12.0, 2f6.0, 2x, 2i1, f2.0, 11x, a1//(2i6, f12.0, i12))
     Z    nc      Sinf/S     . Sws/S  ....     ScoFlag
   41.    12          1.    1.    1.  10.0           p
     n     k         occ        flag
     1    -1          2.           0
     2    -1          2.           0
     2     1          2.           0
     2    -2          4.           0
     3    -1          2.           0
     3     1          2.           0
     3    -2          4.           0
     3     2          4.           0
     3    -3          6.           0
     4    -1          .0           0
     4     1          .0           0
     4    -2          .0           0
    12 Bases
     0     1     1
     0     1     2
     0     1     3
     1     1     1
     1     1     2
     1     1     3
     2     1     1
     2     1     2
     0     2     1
     0     2     2
     1     2     1
     1     2     2
     5     5     4     4     5     6     7     8     9
    20    21     0     0     0     0     0     0     0
     5     5     4     4     5     6     7     8     9
    20    21     0     0     0     0     0     0     0
     4     4     4     4     5     6     7     8     9
    -1    -1     0     0     0     0     0     0     0
     4     4     4     4     5     6     7     8     9
    -1    -1     0     0     0     0     0     0     0
 (// 2i8)
 TYPE 2: species: 41a
   natom   nharm  (L=   0   1   2   3   4   5   6   7   8)
       1      81  (n=   1   4   9  16  25  36  49  64  81)
 (/ (24i3))
 density exponents
  1
  1
  1
  1
 basis exponents
  5  4  3  2  1  0  0  0  0
 (/ (3f18.0, 5x, a1))
              tau1              tau2              tau3     c
  .000000000000000  .000000000000000 -.332979999999934     l
 (/ i6, 2f12.0, 5x, a1 /)
     n           S          dx coord
   572  .809342209       0.025     v
   572  2.41103829       0.025     a
 (/f6.0, i6, f12.0, 2f6.0, 2x, 2i1, f2.0, 11x, a1//(2i6, f12.0, i12))
     Z    nc      Sinf/S     . Sws/S  ....     ScoFlag
   41.    12          1.    1.    1.  10.0           p
     n     k         occ        flag
     1    -1          2.           0
     2    -1          2.           0
     2     1          2.           0
     2    -2          4.           0
     3    -1          2.           0
     3     1          2.           0
     3    -2          4.           0
     3     2          4.           0
     3    -3          6.           0
     4    -1          .0           0
     4     1          .0           0
     4    -2          .0           0
    12 Bases
     0     1     1
     0     1     2
     0     1     3
     1     1     1
     1     1     2
     1     1     3
     2     1     1
     2     1     2
     0     2     1
     0     2     2
     1     2     1
     1     2     2
     5     5     4     4     5     6     7     8     9
    20    21     0     0     0     0     0     0     0
     5     5     4     4     5     6     7     8     9
    20    21     0     0     0     0     0     0     0
     4     4     4     4     5     6     7     8     9
    -1    -1     0     0     0     0     0     0     0
     4     4     4     4     5     6     7     8     9
    -1    -1     0     0     0     0     0     0     0
 (// 2i8)
 TYPE 3: species: 41a
   natom   nharm  (L=   0   1   2   3   4   5   6   7   8)
       1      81  (n=   1   4   9  16  25  36  49  64  81)
 (/ (24i3))
 density exponents
  1
  1
  1
  1
 basis exponents
  5  4  3  2  1  0  0  0  0
 (/ (3f18.0, 5x, a1))
              tau1              tau2              tau3     c
 -.333333333333333  .333333333333333 -.333687000000049     l
 (/ i6, 2f12.0, 5x, a1 /)
     n           S          dx coord
   572  .809342209       0.025     v
   572  2.41103829       0.025     a
 (/f6.0, i6, f12.0, 2f6.0, 2x, 2i1, f2.0, 11x, a1//(2i6, f12.0, i12))
     Z    nc      Sinf/S     . Sws/S  ....     ScoFlag
   41.    12          1.    1.    1.  10.0           p
     n     k         occ        flag
     1    -1          2.           0
     2    -1          2.           0
     2     1          2.           0
     2    -2          4.           0
     3    -1          2.           0
     3     1          2.           0
     3    -2          4.           0
     3     2          4.           0
     3    -3          6.           0
     4    -1          .0           0
     4     1          .0           0
     4    -2          .0           0
    12 Bases
     0     1     1
     0     1     2
     0     1     3
     1     1     1
     1     1     2
     1     1     3
     2     1     1
     2     1     2
     0     2     1
     0     2     2
     1     2     1
     1     2     2
     5     5     4     4     5     6     7     8     9
    20    21     0     0     0     0     0     0     0
     5     5     4     4     5     6     7     8     9
    20    21     0     0     0     0     0     0     0
     4     4     4     4     5     6     7     8     9
    -1    -1     0     0     0     0     0     0     0
     4     4     4     4     5     6     7     8     9
    -1    -1     0     0     0     0     0     0     0
 (// 2i8)
 TYPE 4: species: 41a
   natom   nharm  (L=   0   1   2   3   4   5   6   7   8)
       1      81  (n=   1   4   9  16  25  36  49  64  81)
 (/ (24i3))
 density exponents
  1
  1
  1
  1
 basis exponents
  5  4  3  2  1  0  0  0  0
 (/ (3f18.0, 5x, a1))
              tau1              tau2              tau3     c
 -.333333333333333  .333333333333333  .000353000000036     l
 (/ i6, 2f12.0, 5x, a1 /)
     n           S          dx coord
   572  .809342209       0.025     v
   572  2.41103829       0.025     a
 (/f6.0, i6, f12.0, 2f6.0, 2x, 2i1, f2.0, 11x, a1//(2i6, f12.0, i12))
     Z    nc      Sinf/S     . Sws/S  ....     ScoFlag
   41.    12          1.    1.    1.  10.0           p
     n     k         occ        flag
     1    -1          2.           0
     2    -1          2.           0
     2     1          2.           0
     2    -2          4.           0
     3    -1          2.           0
     3     1          2.           0
     3    -2          4.           0
     3     2          4.           0
     3    -3          6.           0
     4    -1          .0           0
     4     1          .0           0
     4    -2          .0           0
    12 Bases
     0     1     1
     0     1     2
     0     1     3
     1     1     1
     1     1     2
     1     1     3
     2     1     1
     2     1     2
     0     2     1
     0     2     2
     1     2     1
     1     2     2
     5     5     4     4     5     6     7     8     9
    20    21     0     0     0     0     0     0     0
     5     5     4     4     5     6     7     8     9
    20    21     0     0     0     0     0     0     0
     4     4     4     4     5     6     7     8     9
    -1    -1     0     0     0     0     0     0     0
     4     4     4     4     5     6     7     8     9
    -1    -1     0     0     0     0     0     0     0
 (// 2i8)
 TYPE 5: species: 41a
   natom   nharm  (L=   0   1   2   3   4   5   6   7   8)
       1      81  (n=   1   4   9  16  25  36  49  64  81)
 (/ (24i3))
 density exponents
  1
  1
  1
  1
 basis exponents
  5  4  3  2  1  0  0  0  0
 (/ (3f18.0, 5x, a1))
              tau1              tau2              tau3     c
  .333333333333333 -.333333333333333 -.000353000000001     l
 (/ i6, 2f12.0, 5x, a1 /)
     n           S          dx coord
   572  .809342209       0.025     v
   572  2.41103829       0.025     a
 (/f6.0, i6, f12.0, 2f6.0, 2x, 2i1, f2.0, 11x, a1//(2i6, f12.0, i12))
     Z    nc      Sinf/S     . Sws/S  ....     ScoFlag
   41.    12          1.    1.    1.  10.0           p
     n     k         occ        flag
     1    -1          2.           0
     2    -1          2.           0
     2     1          2.           0
     2    -2          4.           0
     3    -1          2.           0
     3     1          2.           0
     3    -2          4.           0
     3     2          4.           0
     3    -3          6.           0
     4    -1          .0           0
     4     1          .0           0
     4    -2          .0           0
    12 Bases
     0     1     1
     0     1     2
     0     1     3
     1     1     1
     1     1     2
     1     1     3
     2     1     1
     2     1     2
     0     2     1
     0     2     2
     1     2     1
     1     2     2
     5     5     4     4     5     6     7     8     9
    20    21     0     0     0     0     0     0     0
     5     5     4     4     5     6     7     8     9
    20    21     0     0     0     0     0     0     0
     4     4     4     4     5     6     7     8     9
    -1    -1     0     0     0     0     0     0     0
     4     4     4     4     5     6     7     8     9
    -1    -1     0     0     0     0     0     0     0
 (// 2i8)
 TYPE 6: species: 41a
   natom   nharm  (L=   0   1   2   3   4   5   6   7   8)
       1      81  (n=   1   4   9  16  25  36  49  64  81)
 (/ (24i3))
 density exponents
  1
  1
  1
  1
 basis exponents
  5  4  3  2  1  0  0  0  0
 (/ (3f18.0, 5x, a1))
              tau1              tau2              tau3     c
  .333333333333333 -.333333333333333  .333687000000017     l
 (/ i6, 2f12.0, 5x, a1 /)
     n           S          dx coord
   572  .809342209       0.025     v
   572  2.41103829       0.025     a
 (/f6.0, i6, f12.0, 2f6.0, 2x, 2i1, f2.0, 11x, a1//(2i6, f12.0, i12))
     Z    nc      Sinf/S     . Sws/S  ....     ScoFlag
   41.    12          1.    1.    1.  10.0           p
     n     k         occ        flag
     1    -1          2.           0
     2    -1          2.           0
     2     1          2.           0
     2    -2          4.           0
     3    -1          2.           0
     3     1          2.           0
     3    -2          4.           0
     3     2          4.           0
     3    -3          6.           0
     4    -1          .0           0
     4     1          .0           0
     4    -2          .0           0
    12 Bases
     0     1     1
     0     1     2
     0     1     3
     1     1     1
     1     1     2
     1     1     3
     2     1     1
     2     1     2
     0     2     1
     0     2     2
     1     2     1
     1     2     2
     5     5     4     4     5     6     7     8     9
    20    21     0     0     0     0     0     0     0
     5     5     4     4     5     6     7     8     9
    20    21     0     0     0     0     0     0     0
     4     4     4     4     5     6     7     8     9
    -1    -1     0     0     0     0     0     0     0
     4     4     4     4     5     6     7     8     9
    -1    -1     0     0     0     0     0     0     0
 (// 2i8)
 TYPE 7: species: 39a
   natom   nharm  (L=   0   1   2   3   4   5   6   7   8)
       1      81  (n=   1   4   9  16  25  36  49  64  81)
 (/ (24i3))
 density exponents
  1
  1
  1
  1
 basis exponents
  5  4  3  2  1  0  0  0  0
 (/ (3f18.0, 5x, a1))
              tau1              tau2              tau3     c
  .000000000000000  .000000000000000  .000000000000004     l
 (/ i6, 2f12.0, 5x, a1 /)
     n           S          dx coord
   577  .803147814       0.025     v
   577  2.39258513       0.025     a
 (/f6.0, i6, f12.0, 2f6.0, 2x, 2i1, f2.0, 11x, a1//(2i6, f12.0, i12))
     Z    nc      Sinf/S     . Sws/S  ....     ScoFlag
   39.    12          1.    1.    1.  10.0           p
     n     k         occ        flag
     1    -1          2.           0
     2    -1          2.           0
     2     1          2.           0
     2    -2          4.           0
     3    -1          2.           0
     3     1          2.           0
     3    -2          4.           0
     3     2          4.           0
     3    -3          6.           0
     4    -1          .0           0
     4     1          .0           0
     4    -2          .0           0
    12 Bases
     0     1     1
     0     1     2
     0     1     3
     1     1     1
     1     1     2
     1     1     3
     2     1     1
     2     1     2
     0     2     1
     0     2     2
     1     2     1
     1     2     2
     5     5     4     4     5     6     7     8     9
    20    21     0     0     0     0     0     0     0
     5     5     4     4     5     6     7     8     9
    20    21     0     0     0     0     0     0     0
     4     4     4     4     5     6     7     8     9
    -1    -1     0     0     0     0     0     0     0
     4     4     4     4     5     6     7     8     9
    -1    -1     0     0     0     0     0     0     0
 (// 2i8)
 TYPE 8: species: 39a
   natom   nharm  (L=   0   1   2   3   4   5   6   7   8)
       1      81  (n=   1   4   9  16  25  36  49  64  81)
 (/ (24i3))
 density exponents
  1
  1
  1
  1
 basis exponents
  5  4  3  2  1  0  0  0  0
 (/ (3f18.0, 5x, a1))
              tau1              tau2              tau3     c
 -.333333333333333  .333333333333333  .333333333333333     l
 (/ i6, 2f12.0, 5x, a1 /)
     n           S          dx coord
   577  .803147814       0.025     v
   577  2.39258513       0.025     a
 (/f6.0, i6, f12.0, 2f6.0, 2x, 2i1, f2.0, 11x, a1//(2i6, f12.0, i12))
     Z    nc      Sinf/S     . Sws/S  ....     ScoFlag
   39.    12          1.    1.    1.  10.0           p
     n     k         occ        flag
     1    -1          2.           0
     2    -1          2.           0
     2     1          2.           0
     2    -2          4.           0
     3    -1          2.           0
     3     1          2.           0
     3    -2          4.           0
     3     2          4.           0
     3    -3          6.           0
     4    -1          .0           0
     4     1          .0           0
     4    -2          .0           0
    12 Bases
     0     1     1
     0     1     2
     0     1     3
     1     1     1
     1     1     2
     1     1     3
     2     1     1
     2     1     2
     0     2     1
     0     2     2
     1     2     1
     1     2     2
     5     5     4     4     5     6     7     8     9
    20    21     0     0     0     0     0     0     0
     5     5     4     4     5     6     7     8     9
    20    21     0     0     0     0     0     0     0
     4     4     4     4     5     6     7     8     9
    -1    -1     0     0     0     0     0     0     0
     4     4     4     4     5     6     7     8     9
    -1    -1     0     0     0     0     0     0     0
 (// 2i8)
 TYPE 9: species: 39a
   natom   nharm  (L=   0   1   2   3   4   5   6   7   8)
       1      81  (n=   1   4   9  16  25  36  49  64  81)
 (/ (24i3))
 density exponents
  1
  1
  1
  1
 basis exponents
  5  4  3  2  1  0  0  0  0
 (/ (3f18.0, 5x, a1))
              tau1              tau2              tau3     c
  .333333333333333 -.333333333333333 -.333333333333333     l
 (/ i6, 2f12.0, 5x, a1 /)
     n           S          dx coord
   577  .803147814       0.025     v
   577  2.39258513       0.025     a
 (/f6.0, i6, f12.0, 2f6.0, 2x, 2i1, f2.0, 11x, a1//(2i6, f12.0, i12))
     Z    nc      Sinf/S     . Sws/S  ....     ScoFlag
   39.    12          1.    1.    1.  10.0           p
     n     k         occ        flag
     1    -1          2.           0
     2    -1          2.           0
     2     1          2.           0
     2    -2          4.           0
     3    -1          2.           0
     3     1          2.           0
     3    -2          4.           0
     3     2          4.           0
     3    -3          6.           0
     4    -1          .0           0
     4     1          .0           0
     4    -2          .0           0
    12 Bases
     0     1     1
     0     1     2
     0     1     3
     1     1     1
     1     1     2
     1     1     3
     2     1     1
     2     1     2
     0     2     1
     0     2     2
     1     2     1
     1     2     2
     5     5     4     4     5     6     7     8     9
    20    21     0     0     0     0     0     0     0
     5     5     4     4     5     6     7     8     9
    20    21     0     0     0     0     0     0     0
     4     4     4     4     5     6     7     8     9
    -1    -1     0     0     0     0     0     0     0
     4     4     4     4     5     6     7     8     9
    -1    -1     0     0     0     0     0     0     0
 (// 2i8)
 TYPE 10: species: 39a
   natom   nharm  (L=   0   1   2   3   4   5   6   7   8)
       1      81  (n=   1   4   9  16  25  36  49  64  81)
 (/ (24i3))
 density exponents
  1
  1
  1
  1
 basis exponents
  5  4  3  2  1  0  0  0  0
 (/ (3f18.0, 5x, a1))
              tau1              tau2              tau3     c
  .000000000000000  .000000000000000  .141439000000010     l
 (/ i6, 2f12.0, 5x, a1 /)
     n           S          dx coord
   577  .803147814       0.025     v
   577  2.39258513       0.025     a
 (/f6.0, i6, f12.0, 2f6.0, 2x, 2i1, f2.0, 11x, a1//(2i6, f12.0, i12))
     Z    nc      Sinf/S     . Sws/S  ....     ScoFlag
   39.    12          1.    1.    1.  10.0           p
     n     k         occ        flag
     1    -1          2.           0
     2    -1          2.           0
     2     1          2.           0
     2    -2          4.           0
     3    -1          2.           0
     3     1          2.           0
     3    -2          4.           0
     3     2          4.           0
     3    -3          6.           0
     4    -1          .0           0
     4     1          .0           0
     4    -2          .0           0
    12 Bases
     0     1     1
     0     1     2
     0     1     3
     1     1     1
     1     1     2
     1     1     3
     2     1     1
     2     1     2
     0     2     1
     0     2     2
     1     2     1
     1     2     2
     5     5     4     4     5     6     7     8     9
    20    21     0     0     0     0     0     0     0
     5     5     4     4     5     6     7     8     9
    20    21     0     0     0     0     0     0     0
     4     4     4     4     5     6     7     8     9
    -1    -1     0     0     0     0     0     0     0
     4     4     4     4     5     6     7     8     9
    -1    -1     0     0     0     0     0     0     0
 (// 2i8)
 TYPE 11: species: 39a
   natom   nharm  (L=   0   1   2   3   4   5   6   7   8)
       1      81  (n=   1   4   9  16  25  36  49  64  81)
 (/ (24i3))
 density exponents
  1
  1
  1
  1
 basis exponents
  5  4  3  2  1  0  0  0  0
 (/ (3f18.0, 5x, a1))
              tau1              tau2              tau3     c
  .000000000000000  .000000000000000 -.141439000000050     l
 (/ i6, 2f12.0, 5x, a1 /)
     n           S          dx coord
   577  .803147814       0.025     v
   577  2.39258513       0.025     a
 (/f6.0, i6, f12.0, 2f6.0, 2x, 2i1, f2.0, 11x, a1//(2i6, f12.0, i12))
     Z    nc      Sinf/S     . Sws/S  ....     ScoFlag
   39.    12          1.    1.    1.  10.0           p
     n     k         occ        flag
     1    -1          2.           0
     2    -1          2.           0
     2     1          2.           0
     2    -2          4.           0
     3    -1          2.           0
     3     1          2.           0
     3    -2          4.           0
     3     2          4.           0
     3    -3          6.           0
     4    -1          .0           0
     4     1          .0           0
     4    -2          .0           0
    12 Bases
     0     1     1
     0     1     2
     0     1     3
     1     1     1
     1     1     2
     1     1     3
     2     1     1
     2     1     2
     0     2     1
     0     2     2
     1     2     1
     1     2     2
     5     5     4     4     5     6     7     8     9
    20    21     0     0     0     0     0     0     0
     5     5     4     4     5     6     7     8     9
    20    21     0     0     0     0     0     0     0
     4     4     4     4     5     6     7     8     9
    -1    -1     0     0     0     0     0     0     0
     4     4     4     4     5     6     7     8     9
    -1    -1     0     0     0     0     0     0     0
 (// 2i8)
 TYPE 12: species: 39a
   natom   nharm  (L=   0   1   2   3   4   5   6   7   8)
       1      81  (n=   1   4   9  16  25  36  49  64  81)
 (/ (24i3))
 density exponents
  1
  1
  1
  1
 basis exponents
  5  4  3  2  1  0  0  0  0
 (/ (3f18.0, 5x, a1))
              tau1              tau2              tau3     c
 -.333333333333333  .333333333333333  .474771999999971     l
 (/ i6, 2f12.0, 5x, a1 /)
     n           S          dx coord
   577  .803147814       0.025     v
   577  2.39258513       0.025     a
 (/f6.0, i6, f12.0, 2f6.0, 2x, 2i1, f2.0, 11x, a1//(2i6, f12.0, i12))
     Z    nc      Sinf/S     . Sws/S  ....     ScoFlag
   39.    12          1.    1.    1.  10.0           p
     n     k         occ        flag
     1    -1          2.           0
     2    -1          2.           0
     2     1          2.           0
     2    -2          4.           0
     3    -1          2.           0
     3     1          2.           0
     3    -2          4.           0
     3     2          4.           0
     3    -3          6.           0
     4    -1          .0           0
     4     1          .0           0
     4    -2          .0           0
    12 Bases
     0     1     1
     0     1     2
     0     1     3
     1     1     1
     1     1     2
     1     1     3
     2     1     1
     2     1     2
     0     2     1
     0     2     2
     1     2     1
     1     2     2
     5     5     4     4     5     6     7     8     9
    20    21     0     0     0     0     0     0     0
     5     5     4     4     5     6     7     8     9
    20    21     0     0     0     0     0     0     0
     4     4     4     4     5     6     7     8     9
    -1    -1     0     0     0     0     0     0     0
     4     4     4     4     5     6     7     8     9
    -1    -1     0     0     0     0     0     0     0
 (// 2i8)
 TYPE 13: species: 39a
   natom   nharm  (L=   0   1   2   3   4   5   6   7   8)
       1      81  (n=   1   4   9  16  25  36  49  64  81)
 (/ (24i3))
 density exponents
  1
  1
  1
  1
 basis exponents
  5  4  3  2  1  0  0  0  0
 (/ (3f18.0, 5x, a1))
              tau1              tau2              tau3     c
 -.333333333333333  .333333333333333  .191894999999922     l
 (/ i6, 2f12.0, 5x, a1 /)
     n           S          dx coord
   577  .803147814       0.025     v
   577  2.39258513       0.025     a
 (/f6.0, i6, f12.0, 2f6.0, 2x, 2i1, f2.0, 11x, a1//(2i6, f12.0, i12))
     Z    nc      Sinf/S     . Sws/S  ....     ScoFlag
   39.    12          1.    1.    1.  10.0           p
     n     k         occ        flag
     1    -1          2.           0
     2    -1          2.           0
     2     1          2.           0
     2    -2          4.           0
     3    -1          2.           0
     3     1          2.           0
     3    -2          4.           0
     3     2          4.           0
     3    -3          6.           0
     4    -1          .0           0
     4     1          .0           0
     4    -2          .0           0
    12 Bases
     0     1     1
     0     1     2
     0     1     3
     1     1     1
     1     1     2
     1     1     3
     2     1     1
     2     1     2
     0     2     1
     0     2     2
     1     2     1
     1     2     2
     5     5     4     4     5     6     7     8     9
    20    21     0     0     0     0     0     0     0
     5     5     4     4     5     6     7     8     9
    20    21     0     0     0     0     0     0     0
     4     4     4     4     5     6     7     8     9
    -1    -1     0     0     0     0     0     0     0
     4     4     4     4     5     6     7     8     9
    -1    -1     0     0     0     0     0     0     0
 (// 2i8)
 TYPE 14: species: 39a
   natom   nharm  (L=   0   1   2   3   4   5   6   7   8)
       1      81  (n=   1   4   9  16  25  36  49  64  81)
 (/ (24i3))
 density exponents
  1
  1
  1
  1
 basis exponents
  5  4  3  2  1  0  0  0  0
 (/ (3f18.0, 5x, a1))
              tau1              tau2              tau3     c
  .333333333333333 -.333333333333333 -.191894999999989     l
 (/ i6, 2f12.0, 5x, a1 /)
     n           S          dx coord
   577  .803147814       0.025     v
   577  2.39258513       0.025     a
 (/f6.0, i6, f12.0, 2f6.0, 2x, 2i1, f2.0, 11x, a1//(2i6, f12.0, i12))
     Z    nc      Sinf/S     . Sws/S  ....     ScoFlag
   39.    12          1.    1.    1.  10.0           p
     n     k         occ        flag
     1    -1          2.           0
     2    -1          2.           0
     2     1          2.           0
     2    -2          4.           0
     3    -1          2.           0
     3     1          2.           0
     3    -2          4.           0
     3     2          4.           0
     3    -3          6.           0
     4    -1          .0           0
     4     1          .0           0
     4    -2          .0           0
    12 Bases
     0     1     1
     0     1     2
     0     1     3
     1     1     1
     1     1     2
     1     1     3
     2     1     1
     2     1     2
     0     2     1
     0     2     2
     1     2     1
     1     2     2
     5     5     4     4     5     6     7     8     9
    20    21     0     0     0     0     0     0     0
     5     5     4     4     5     6     7     8     9
    20    21     0     0     0     0     0     0     0
     4     4     4     4     5     6     7     8     9
    -1    -1     0     0     0     0     0     0     0
     4     4     4     4     5     6     7     8     9
    -1    -1     0     0     0     0     0     0     0
 (// 2i8)
 TYPE 15: species: 39a
   natom   nharm  (L=   0   1   2   3   4   5   6   7   8)
       1      81  (n=   1   4   9  16  25  36  49  64  81)
 (/ (24i3))
 density exponents
  1
  1
  1
  1
 basis exponents
  5  4  3  2  1  0  0  0  0
 (/ (3f18.0, 5x, a1))
              tau1              tau2              tau3     c
  .333333333333333 -.333333333333333 -.474772000000051     l
 (/ i6, 2f12.0, 5x, a1 /)
     n           S          dx coord
   577  .803147814       0.025     v
   577  2.39258513       0.025     a
 (/f6.0, i6, f12.0, 2f6.0, 2x, 2i1, f2.0, 11x, a1//(2i6, f12.0, i12))
     Z    nc      Sinf/S     . Sws/S  ....     ScoFlag
   39.    12          1.    1.    1.  10.0           p
     n     k         occ        flag
     1    -1          2.           0
     2    -1          2.           0
     2     1          2.           0
     2    -2          4.           0
     3    -1          2.           0
     3     1          2.           0
     3    -2          4.           0
     3     2          4.           0
     3    -3          6.           0
     4    -1          .0           0
     4     1          .0           0
     4    -2          .0           0
    12 Bases
     0     1     1
     0     1     2
     0     1     3
     1     1     1
     1     1     2
     1     1     3
     2     1     1
     2     1     2
     0     2     1
     0     2     2
     1     2     1
     1     2     2
     5     5     4     4     5     6     7     8     9
    20    21     0     0     0     0     0     0     0
     5     5     4     4     5     6     7     8     9
    20    21     0     0     0     0     0     0     0
     4     4     4     4     5     6     7     8     9
    -1    -1     0     0     0     0     0     0     0
     4     4     4     4     5     6     7     8     9
    -1    -1     0     0     0     0     0     0     0
 (// 2i8)
 TYPE 16: species: 26up
   natom   nharm  (L=   0   1   2   3   4   5   6   7   8)
       1      81  (n=   1   4   9  16  25  36  49  64  81)
 (/ (24i3))
 density exponents
  1
  1
  1
  1
 basis exponents
  5  4  3  2  1  0  0  0  0
 (/ (3f18.0, 5x, a1))
              tau1              tau2              tau3     c
  .000000000000000  .000000000000000  .499999999999974     l
 (/ i6, 2f12.0, 5x, a1 /)
     n           S          dx coord
   539  .756562512       0.025     v
   539  2.25380706       0.025     a
 (/f6.0, i6, f12.0, 2f6.0, 2x, 2i1, f2.0, 11x, a1//(2i6, f12.0, i12))
     Z    nc      Sinf/S     . Sws/S  ....     ScoFlag
   26.     7          1.    1.    1.  10.0           p
     n     k         occ        flag
     1    -1          2.           0
     2    -1          2.           0
     2     1          2.           0
     2    -2          4.           0
     3    -1          .0           0
     3     1          .0           0
     3    -2          .0           0
    12 Bases
     0     1     1
     0     1     2
     0     1     3
     1     1     1
     1     1     2
     1     1     3
     2     1     1
     2     1     2
     0     2     1
     0     2     2
     1     2     1
     1     2     2
     4     4     3     4     5     6     7     8     9
     0     0    -1     0     0     0     0     0     0
     4     4     3     4     5     6     7     8     9
     0     0    -1     0     0     0     0     0     0
     3     3     3     4     5     6     7     8     9
     0     0     0     0     0     0     0     0     0
     3     3     3     4     5     6     7     8     9
     0     0     0     0     0     0     0     0     0
 (// 2i8)
 TYPE 17: species: 26up
   natom   nharm  (L=   0   1   2   3   4   5   6   7   8)
       1      81  (n=   1   4   9  16  25  36  49  64  81)
 (/ (24i3))
 density exponents
  1
  1
  1
  1
 basis exponents
  5  4  3  2  1  0  0  0  0
 (/ (3f18.0, 5x, a1))
              tau1              tau2              tau3     c
 -.333333333333333  .333333333333333 -.166666999999980     l
 (/ i6, 2f12.0, 5x, a1 /)
     n           S          dx coord
   539  .756562512       0.025     v
   539  2.25380706       0.025     a
 (/f6.0, i6, f12.0, 2f6.0, 2x, 2i1, f2.0, 11x, a1//(2i6, f12.0, i12))
     Z    nc      Sinf/S     . Sws/S  ....     ScoFlag
   26.     7          1.    1.    1.  10.0           p
     n     k         occ        flag
     1    -1          2.           0
     2    -1          2.           0
     2     1          2.           0
     2    -2          4.           0
     3    -1          .0           0
     3     1          .0           0
     3    -2          .0           0
    12 Bases
     0     1     1
     0     1     2
     0     1     3
     1     1     1
     1     1     2
     1     1     3
     2     1     1
     2     1     2
     0     2     1
     0     2     2
     1     2     1
     1     2     2
     4     4     3     4     5     6     7     8     9
     0     0    -1     0     0     0     0     0     0
     4     4     3     4     5     6     7     8     9
     0     0    -1     0     0     0     0     0     0
     3     3     3     4     5     6     7     8     9
     0     0     0     0     0     0     0     0     0
     3     3     3     4     5     6     7     8     9
     0     0     0     0     0     0     0     0     0
 (// 2i8)
 TYPE 18: species: 26up
   natom   nharm  (L=   0   1   2   3   4   5   6   7   8)
       1      81  (n=   1   4   9  16  25  36  49  64  81)
 (/ (24i3))
 density exponents
  1
  1
  1
  1
 basis exponents
  5  4  3  2  1  0  0  0  0
 (/ (3f18.0, 5x, a1))
              tau1              tau2              tau3     c
  .333333333333333 -.333333333333333  .166666999999979     l
 (/ i6, 2f12.0, 5x, a1 /)
     n           S          dx coord
   539  .756562512       0.025     v
   539  2.25380706       0.025     a
 (/f6.0, i6, f12.0, 2f6.0, 2x, 2i1, f2.0, 11x, a1//(2i6, f12.0, i12))
     Z    nc      Sinf/S     . Sws/S  ....     ScoFlag
   26.     7          1.    1.    1.  10.0           p
     n     k         occ        flag
     1    -1          2.           0
     2    -1          2.           0
     2     1          2.           0
     2    -2          4.           0
     3    -1          .0           0
     3     1          .0           0
     3    -2          .0           0
    12 Bases
     0     1     1
     0     1     2
     0     1     3
     1     1     1
     1     1     2
     1     1     3
     2     1     1
     2     1     2
     0     2     1
     0     2     2
     1     2     1
     1     2     2
     4     4     3     4     5     6     7     8     9
     0     0    -1     0     0     0     0     0     0
     4     4     3     4     5     6     7     8     9
     0     0    -1     0     0     0     0     0     0
     3     3     3     4     5     6     7     8     9
     0     0     0     0     0     0     0     0     0
     3     3     3     4     5     6     7     8     9
     0     0     0     0     0     0     0     0     0
 (// 2i8)
 TYPE 19: species: 26up
   natom   nharm  (L=   0   1   2   3   4   5   6   7   8)
       1      81  (n=   1   4   9  16  25  36  49  64  81)
 (/ (24i3))
 density exponents
  1
  1
  1
  1
 basis exponents
  5  4  3  2  1  0  0  0  0
 (/ (3f18.0, 5x, a1))
              tau1              tau2              tau3     c
  .498900000000000 -.498900000000000  .085696999999897     l
 (/ i6, 2f12.0, 5x, a1 /)
     n           S          dx coord
   539  .756562512       0.025     v
   539  2.25380706       0.025     a
 (/f6.0, i6, f12.0, 2f6.0, 2x, 2i1, f2.0, 11x, a1//(2i6, f12.0, i12))
     Z    nc      Sinf/S     . Sws/S  ....     ScoFlag
   26.     7          1.    1.    1.  10.0           p
     n     k         occ        flag
     1    -1          2.           0
     2    -1          2.           0
     2     1          2.           0
     2    -2          4.           0
     3    -1          .0           0
     3     1          .0           0
     3    -2          .0           0
    12 Bases
     0     1     1
     0     1     2
     0     1     3
     1     1     1
     1     1     2
     1     1     3
     2     1     1
     2     1     2
     0     2     1
     0     2     2
     1     2     1
     1     2     2
     4     4     3     4     5     6     7     8     9
     0     0    -1     0     0     0     0     0     0
     4     4     3     4     5     6     7     8     9
     0     0    -1     0     0     0     0     0     0
     3     3     3     4     5     6     7     8     9
     0     0     0     0     0     0     0     0     0
     3     3     3     4     5     6     7     8     9
     0     0     0     0     0     0     0     0     0
 (// 2i8)
 TYPE 20: species: 26up
   natom   nharm  (L=   0   1   2   3   4   5   6   7   8)
       1      81  (n=   1   4   9  16  25  36  49  64  81)
 (/ (24i3))
 density exponents
  1
  1
  1
  1
 basis exponents
  5  4  3  2  1  0  0  0  0
 (/ (3f18.0, 5x, a1))
              tau1              tau2              tau3     c
 -.498900000000000  .498900000000000 -.085696999999919     l
 (/ i6, 2f12.0, 5x, a1 /)
     n           S          dx coord
   539  .756562512       0.025     v
   539  2.25380706       0.025     a
 (/f6.0, i6, f12.0, 2f6.0, 2x, 2i1, f2.0, 11x, a1//(2i6, f12.0, i12))
     Z    nc      Sinf/S     . Sws/S  ....     ScoFlag
   26.     7          1.    1.    1.  10.0           p
     n     k         occ        flag
     1    -1          2.           0
     2    -1          2.           0
     2     1          2.           0
     2    -2          4.           0
     3    -1          .0           0
     3     1          .0           0
     3    -2          .0           0
    12 Bases
     0     1     1
     0     1     2
     0     1     3
     1     1     1
     1     1     2
     1     1     3
     2     1     1
     2     1     2
     0     2     1
     0     2     2
     1     2     1
     1     2     2
     4     4     3     4     5     6     7     8     9
     0     0    -1     0     0     0     0     0     0
     4     4     3     4     5     6     7     8     9
     0     0    -1     0     0     0     0     0     0
     3     3     3     4     5     6     7     8     9
     0     0     0     0     0     0     0     0     0
     3     3     3     4     5     6     7     8     9
     0     0     0     0     0     0     0     0     0
 (// 2i8)
 TYPE 21: species: 26up
   natom   nharm  (L=   0   1   2   3   4   5   6   7   8)
       1      81  (n=   1   4   9  16  25  36  49  64  81)
 (/ (24i3))
 density exponents
  1
  1
  1
  1
 basis exponents
  5  4  3  2  1  0  0  0  0
 (/ (3f18.0, 5x, a1))
              tau1              tau2              tau3     c
  .498900000000000 -.002200000000000  .085696999999947     l
 (/ i6, 2f12.0, 5x, a1 /)
     n           S          dx coord
   539  .756562512       0.025     v
   539  2.25380706       0.025     a
 (/f6.0, i6, f12.0, 2f6.0, 2x, 2i1, f2.0, 11x, a1//(2i6, f12.0, i12))
     Z    nc      Sinf/S     . Sws/S  ....     ScoFlag
   26.     7          1.    1.    1.  10.0           p
     n     k         occ        flag
     1    -1          2.           0
     2    -1          2.           0
     2     1          2.           0
     2    -2          4.           0
     3    -1          .0           0
     3     1          .0           0
     3    -2          .0           0
    12 Bases
     0     1     1
     0     1     2
     0     1     3
     1     1     1
     1     1     2
     1     1     3
     2     1     1
     2     1     2
     0     2     1
     0     2     2
     1     2     1
     1     2     2
     4     4     3     4     5     6     7     8     9
     0     0    -1     0     0     0     0     0     0
     4     4     3     4     5     6     7     8     9
     0     0    -1     0     0     0     0     0     0
     3     3     3     4     5     6     7     8     9
     0     0     0     0     0     0     0     0     0
     3     3     3     4     5     6     7     8     9
     0     0     0     0     0     0     0     0     0
 (// 2i8)
 TYPE 22: species: 26up
   natom   nharm  (L=   0   1   2   3   4   5   6   7   8)
       1      81  (n=   1   4   9  16  25  36  49  64  81)
 (/ (24i3))
 density exponents
  1
  1
  1
  1
 basis exponents
  5  4  3  2  1  0  0  0  0
 (/ (3f18.0, 5x, a1))
              tau1              tau2              tau3     c
 -.498900000000000  .002200000000000 -.085697000000000     l
 (/ i6, 2f12.0, 5x, a1 /)
     n           S          dx coord
   539  .756562512       0.025     v
   539  2.25380706       0.025     a
 (/f6.0, i6, f12.0, 2f6.0, 2x, 2i1, f2.0, 11x, a1//(2i6, f12.0, i12))
     Z    nc      Sinf/S     . Sws/S  ....     ScoFlag
   26.     7          1.    1.    1.  10.0           p
     n     k         occ        flag
     1    -1          2.           0
     2    -1          2.           0
     2     1          2.           0
     2    -2          4.           0
     3    -1          .0           0
     3     1          .0           0
     3    -2          .0           0
    12 Bases
     0     1     1
     0     1     2
     0     1     3
     1     1     1
     1     1     2
     1     1     3
     2     1     1
     2     1     2
     0     2     1
     0     2     2
     1     2     1
     1     2     2
     4     4     3     4     5     6     7     8     9
     0     0    -1     0     0     0     0     0     0
     4     4     3     4     5     6     7     8     9
     0     0    -1     0     0     0     0     0     0
     3     3     3     4     5     6     7     8     9
     0     0     0     0     0     0     0     0     0
     3     3     3     4     5     6     7     8     9
     0     0     0     0     0     0     0     0     0
 (// 2i8)
 TYPE 23: species: 26up
   natom   nharm  (L=   0   1   2   3   4   5   6   7   8)
       1      81  (n=   1   4   9  16  25  36  49  64  81)
 (/ (24i3))
 density exponents
  1
  1
  1
  1
 basis exponents
  5  4  3  2  1  0  0  0  0
 (/ (3f18.0, 5x, a1))
              tau1              tau2              tau3     c
  .002200000000000 -.498900000000000  .085696999999918     l
 (/ i6, 2f12.0, 5x, a1 /)
     n           S          dx coord
   539  .756562512       0.025     v
   539  2.25380706       0.025     a
 (/f6.0, i6, f12.0, 2f6.0, 2x, 2i1, f2.0, 11x, a1//(2i6, f12.0, i12))
     Z    nc      Sinf/S     . Sws/S  ....     ScoFlag
   26.     7          1.    1.    1.  10.0           p
     n     k         occ        flag
     1    -1          2.           0
     2    -1          2.           0
     2     1          2.           0
     2    -2          4.           0
     3    -1          .0           0
     3     1          .0           0
     3    -2          .0           0
    12 Bases
     0     1     1
     0     1     2
     0     1     3
     1     1     1
     1     1     2
     1     1     3
     2     1     1
     2     1     2
     0     2     1
     0     2     2
     1     2     1
     1     2     2
     4     4     3     4     5     6     7     8     9
     0     0    -1     0     0     0     0     0     0
     4     4     3     4     5     6     7     8     9
     0     0    -1     0     0     0     0     0     0
     3     3     3     4     5     6     7     8     9
     0     0     0     0     0     0     0     0     0
     3     3     3     4     5     6     7     8     9
     0     0     0     0     0     0     0     0     0
 (// 2i8)
 TYPE 24: species: 26up
   natom   nharm  (L=   0   1   2   3   4   5   6   7   8)
       1      81  (n=   1   4   9  16  25  36  49  64  81)
 (/ (24i3))
 density exponents
  1
  1
  1
  1
 basis exponents
  5  4  3  2  1  0  0  0  0
 (/ (3f18.0, 5x, a1))
              tau1              tau2              tau3     c
 -.002200000000000  .498900000000000 -.085696999999937     l
 (/ i6, 2f12.0, 5x, a1 /)
     n           S          dx coord
   539  .756562512       0.025     v
   539  2.25380706       0.025     a
 (/f6.0, i6, f12.0, 2f6.0, 2x, 2i1, f2.0, 11x, a1//(2i6, f12.0, i12))
     Z    nc      Sinf/S     . Sws/S  ....     ScoFlag
   26.     7          1.    1.    1.  10.0           p
     n     k         occ        flag
     1    -1          2.           0
     2    -1          2.           0
     2     1          2.           0
     2    -2          4.           0
     3    -1          .0           0
     3     1          .0           0
     3    -2          .0           0
    12 Bases
     0     1     1
     0     1     2
     0     1     3
     1     1     1
     1     1     2
     1     1     3
     2     1     1
     2     1     2
     0     2     1
     0     2     2
     1     2     1
     1     2     2
     4     4     3     4     5     6     7     8     9
     0     0    -1     0     0     0     0     0     0
     4     4     3     4     5     6     7     8     9
     0     0    -1     0     0     0     0     0     0
     3     3     3     4     5     6     7     8     9
     0     0     0     0     0     0     0     0     0
     3     3     3     4     5     6     7     8     9
     0     0     0     0     0     0     0     0     0
 (// 2i8)
 TYPE 25: species: 26up
   natom   nharm  (L=   0   1   2   3   4   5   6   7   8)
       1      81  (n=   1   4   9  16  25  36  49  64  81)
 (/ (24i3))
 density exponents
  1
  1
  1
  1
 basis exponents
  5  4  3  2  1  0  0  0  0
 (/ (3f18.0, 5x, a1))
              tau1              tau2              tau3     c
  .165567000000000 -.165567000000000  .419031000000083     l
 (/ i6, 2f12.0, 5x, a1 /)
     n           S          dx coord
   539  .756562512       0.025     v
   539  2.25380706       0.025     a
 (/f6.0, i6, f12.0, 2f6.0, 2x, 2i1, f2.0, 11x, a1//(2i6, f12.0, i12))
     Z    nc      Sinf/S     . Sws/S  ....     ScoFlag
   26.     7          1.    1.    1.  10.0           p
     n     k         occ        flag
     1    -1          2.           0
     2    -1          2.           0
     2     1          2.           0
     2    -2          4.           0
     3    -1          .0           0
     3     1          .0           0
     3    -2          .0           0
    12 Bases
     0     1     1
     0     1     2
     0     1     3
     1     1     1
     1     1     2
     1     1     3
     2     1     1
     2     1     2
     0     2     1
     0     2     2
     1     2     1
     1     2     2
     4     4     3     4     5     6     7     8     9
     0     0    -1     0     0     0     0     0     0
     4     4     3     4     5     6     7     8     9
     0     0    -1     0     0     0     0     0     0
     3     3     3     4     5     6     7     8     9
     0     0     0     0     0     0     0     0     0
     3     3     3     4     5     6     7     8     9
     0     0     0     0     0     0     0     0     0
 (// 2i8)
 TYPE 26: species: 26up
   natom   nharm  (L=   0   1   2   3   4   5   6   7   8)
       1      81  (n=   1   4   9  16  25  36  49  64  81)
 (/ (24i3))
 density exponents
  1
  1
  1
  1
 basis exponents
  5  4  3  2  1  0  0  0  0
 (/ (3f18.0, 5x, a1))
              tau1              tau2              tau3     c
  .167767000000000 -.167767000000000  .247636000000034     l
 (/ i6, 2f12.0, 5x, a1 /)
     n           S          dx coord
   539  .756562512       0.025     v
   539  2.25380706       0.025     a
 (/f6.0, i6, f12.0, 2f6.0, 2x, 2i1, f2.0, 11x, a1//(2i6, f12.0, i12))
     Z    nc      Sinf/S     . Sws/S  ....     ScoFlag
   26.     7          1.    1.    1.  10.0           p
     n     k         occ        flag
     1    -1          2.           0
     2    -1          2.           0
     2     1          2.           0
     2    -2          4.           0
     3    -1          .0           0
     3     1          .0           0
     3    -2          .0           0
    12 Bases
     0     1     1
     0     1     2
     0     1     3
     1     1     1
     1     1     2
     1     1     3
     2     1     1
     2     1     2
     0     2     1
     0     2     2
     1     2     1
     1     2     2
     4     4     3     4     5     6     7     8     9
     0     0    -1     0     0     0     0     0     0
     4     4     3     4     5     6     7     8     9
     0     0    -1     0     0     0     0     0     0
     3     3     3     4     5     6     7     8     9
     0     0     0     0     0     0     0     0     0
     3     3     3     4     5     6     7     8     9
     0     0     0     0     0     0     0     0     0
 (// 2i8)
 TYPE 27: species: 26up
   natom   nharm  (L=   0   1   2   3   4   5   6   7   8)
       1      81  (n=   1   4   9  16  25  36  49  64  81)
 (/ (24i3))
 density exponents
  1
  1
  1
  1
 basis exponents
  5  4  3  2  1  0  0  0  0
 (/ (3f18.0, 5x, a1))
              tau1              tau2              tau3     c
  .165567000000000  .331133000000000  .419031000000062     l
 (/ i6, 2f12.0, 5x, a1 /)
     n           S          dx coord
   539  .756562512       0.025     v
   539  2.25380706       0.025     a
 (/f6.0, i6, f12.0, 2f6.0, 2x, 2i1, f2.0, 11x, a1//(2i6, f12.0, i12))
     Z    nc      Sinf/S     . Sws/S  ....     ScoFlag
   26.     7          1.    1.    1.  10.0           p
     n     k         occ        flag
     1    -1          2.           0
     2    -1          2.           0
     2     1          2.           0
     2    -2          4.           0
     3    -1          .0           0
     3     1          .0           0
     3    -2          .0           0
    12 Bases
     0     1     1
     0     1     2
     0     1     3
     1     1     1
     1     1     2
     1     1     3
     2     1     1
     2     1     2
     0     2     1
     0     2     2
     1     2     1
     1     2     2
     4     4     3     4     5     6     7     8     9
     0     0    -1     0     0     0     0     0     0
     4     4     3     4     5     6     7     8     9
     0     0    -1     0     0     0     0     0     0
     3     3     3     4     5     6     7     8     9
     0     0     0     0     0     0     0     0     0
     3     3     3     4     5     6     7     8     9
     0     0     0     0     0     0     0     0     0
 (// 2i8)
 TYPE 28: species: 26up
   natom   nharm  (L=   0   1   2   3   4   5   6   7   8)
       1      81  (n=   1   4   9  16  25  36  49  64  81)
 (/ (24i3))
 density exponents
  1
  1
  1
  1
 basis exponents
  5  4  3  2  1  0  0  0  0
 (/ (3f18.0, 5x, a1))
              tau1              tau2              tau3     c
  .167767000000000  .335533000000000  .247635999999963     l
 (/ i6, 2f12.0, 5x, a1 /)
     n           S          dx coord
   539  .756562512       0.025     v
   539  2.25380706       0.025     a
 (/f6.0, i6, f12.0, 2f6.0, 2x, 2i1, f2.0, 11x, a1//(2i6, f12.0, i12))
     Z    nc      Sinf/S     . Sws/S  ....     ScoFlag
   26.     7          1.    1.    1.  10.0           p
     n     k         occ        flag
     1    -1          2.           0
     2    -1          2.           0
     2     1          2.           0
     2    -2          4.           0
     3    -1          .0           0
     3     1          .0           0
     3    -2          .0           0
    12 Bases
     0     1     1
     0     1     2
     0     1     3
     1     1     1
     1     1     2
     1     1     3
     2     1     1
     2     1     2
     0     2     1
     0     2     2
     1     2     1
     1     2     2
     4     4     3     4     5     6     7     8     9
     0     0    -1     0     0     0     0     0     0
     4     4     3     4     5     6     7     8     9
     0     0    -1     0     0     0     0     0     0
     3     3     3     4     5     6     7     8     9
     0     0     0     0     0     0     0     0     0
     3     3     3     4     5     6     7     8     9
     0     0     0     0     0     0     0     0     0
 (// 2i8)
 TYPE 29: species: 26up
   natom   nharm  (L=   0   1   2   3   4   5   6   7   8)
       1      81  (n=   1   4   9  16  25  36  49  64  81)
 (/ (24i3))
 density exponents
  1
  1
  1
  1
 basis exponents
  5  4  3  2  1  0  0  0  0
 (/ (3f18.0, 5x, a1))
              tau1              tau2              tau3     c
 -.331133000000000 -.165567000000000  .419030999999985     l
 (/ i6, 2f12.0, 5x, a1 /)
     n           S          dx coord
   539  .756562512       0.025     v
   539  2.25380706       0.025     a
 (/f6.0, i6, f12.0, 2f6.0, 2x, 2i1, f2.0, 11x, a1//(2i6, f12.0, i12))
     Z    nc      Sinf/S     . Sws/S  ....     ScoFlag
   26.     7          1.    1.    1.  10.0           p
     n     k         occ        flag
     1    -1          2.           0
     2    -1          2.           0
     2     1          2.           0
     2    -2          4.           0
     3    -1          .0           0
     3     1          .0           0
     3    -2          .0           0
    12 Bases
     0     1     1
     0     1     2
     0     1     3
     1     1     1
     1     1     2
     1     1     3
     2     1     1
     2     1     2
     0     2     1
     0     2     2
     1     2     1
     1     2     2
     4     4     3     4     5     6     7     8     9
     0     0    -1     0     0     0     0     0     0
     4     4     3     4     5     6     7     8     9
     0     0    -1     0     0     0     0     0     0
     3     3     3     4     5     6     7     8     9
     0     0     0     0     0     0     0     0     0
     3     3     3     4     5     6     7     8     9
     0     0     0     0     0     0     0     0     0
 (// 2i8)
 TYPE 30: species: 26up
   natom   nharm  (L=   0   1   2   3   4   5   6   7   8)
       1      81  (n=   1   4   9  16  25  36  49  64  81)
 (/ (24i3))
 density exponents
  1
  1
  1
  1
 basis exponents
  5  4  3  2  1  0  0  0  0
 (/ (3f18.0, 5x, a1))
              tau1              tau2              tau3     c
 -.335533000000000 -.167767000000000  .247635999999960     l
 (/ i6, 2f12.0, 5x, a1 /)
     n           S          dx coord
   539  .756562512       0.025     v
   539  2.25380706       0.025     a
 (/f6.0, i6, f12.0, 2f6.0, 2x, 2i1, f2.0, 11x, a1//(2i6, f12.0, i12))
     Z    nc      Sinf/S     . Sws/S  ....     ScoFlag
   26.     7          1.    1.    1.  10.0           p
     n     k         occ        flag
     1    -1          2.           0
     2    -1          2.           0
     2     1          2.           0
     2    -2          4.           0
     3    -1          .0           0
     3     1          .0           0
     3    -2          .0           0
    12 Bases
     0     1     1
     0     1     2
     0     1     3
     1     1     1
     1     1     2
     1     1     3
     2     1     1
     2     1     2
     0     2     1
     0     2     2
     1     2     1
     1     2     2
     4     4     3     4     5     6     7     8     9
     0     0    -1     0     0     0     0     0     0
     4     4     3     4     5     6     7     8     9
     0     0    -1     0     0     0     0     0     0
     3     3     3     4     5     6     7     8     9
     0     0     0     0     0     0     0     0     0
     3     3     3     4     5     6     7     8     9
     0     0     0     0     0     0     0     0     0
 (// 2i8)
 TYPE 31: species: 26up
   natom   nharm  (L=   0   1   2   3   4   5   6   7   8)
       1      81  (n=   1   4   9  16  25  36  49  64  81)
 (/ (24i3))
 density exponents
  1
  1
  1
  1
 basis exponents
  5  4  3  2  1  0  0  0  0
 (/ (3f18.0, 5x, a1))
              tau1              tau2              tau3     c
 -.167767000000000  .167767000000000 -.247635999999998     l
 (/ i6, 2f12.0, 5x, a1 /)
     n           S          dx coord
   539  .756562512       0.025     v
   539  2.25380706       0.025     a
 (/f6.0, i6, f12.0, 2f6.0, 2x, 2i1, f2.0, 11x, a1//(2i6, f12.0, i12))
     Z    nc      Sinf/S     . Sws/S  ....     ScoFlag
   26.     7          1.    1.    1.  10.0           p
     n     k         occ        flag
     1    -1          2.           0
     2    -1          2.           0
     2     1          2.           0
     2    -2          4.           0
     3    -1          .0           0
     3     1          .0           0
     3    -2          .0           0
    12 Bases
     0     1     1
     0     1     2
     0     1     3
     1     1     1
     1     1     2
     1     1     3
     2     1     1
     2     1     2
     0     2     1
     0     2     2
     1     2     1
     1     2     2
     4     4     3     4     5     6     7     8     9
     0     0    -1     0     0     0     0     0     0
     4     4     3     4     5     6     7     8     9
     0     0    -1     0     0     0     0     0     0
     3     3     3     4     5     6     7     8     9
     0     0     0     0     0     0     0     0     0
     3     3     3     4     5     6     7     8     9
     0     0     0     0     0     0     0     0     0
 (// 2i8)
 TYPE 32: species: 26up
   natom   nharm  (L=   0   1   2   3   4   5   6   7   8)
       1      81  (n=   1   4   9  16  25  36  49  64  81)
 (/ (24i3))
 density exponents
  1
  1
  1
  1
 basis exponents
  5  4  3  2  1  0  0  0  0
 (/ (3f18.0, 5x, a1))
              tau1              tau2              tau3     c
 -.165567000000000  .165567000000000 -.419031000000017     l
 (/ i6, 2f12.0, 5x, a1 /)
     n           S          dx coord
   539  .756562512       0.025     v
   539  2.25380706       0.025     a
 (/f6.0, i6, f12.0, 2f6.0, 2x, 2i1, f2.0, 11x, a1//(2i6, f12.0, i12))
     Z    nc      Sinf/S     . Sws/S  ....     ScoFlag
   26.     7          1.    1.    1.  10.0           p
     n     k         occ        flag
     1    -1          2.           0
     2    -1          2.           0
     2     1          2.           0
     2    -2          4.           0
     3    -1          .0           0
     3     1          .0           0
     3    -2          .0           0
    12 Bases
     0     1     1
     0     1     2
     0     1     3
     1     1     1
     1     1     2
     1     1     3
     2     1     1
     2     1     2
     0     2     1
     0     2     2
     1     2     1
     1     2     2
     4     4     3     4     5     6     7     8     9
     0     0    -1     0     0     0     0     0     0
     4     4     3     4     5     6     7     8     9
     0     0    -1     0     0     0     0     0     0
     3     3     3     4     5     6     7     8     9
     0     0     0     0     0     0     0     0     0
     3     3     3     4     5     6     7     8     9
     0     0     0     0     0     0     0     0     0
 (// 2i8)
 TYPE 33: species: 26up
   natom   nharm  (L=   0   1   2   3   4   5   6   7   8)
       1      81  (n=   1   4   9  16  25  36  49  64  81)
 (/ (24i3))
 density exponents
  1
  1
  1
  1
 basis exponents
  5  4  3  2  1  0  0  0  0
 (/ (3f18.0, 5x, a1))
              tau1              tau2              tau3     c
 -.167767000000000 -.335533000000000 -.247636000000057     l
 (/ i6, 2f12.0, 5x, a1 /)
     n           S          dx coord
   539  .756562512       0.025     v
   539  2.25380706       0.025     a
 (/f6.0, i6, f12.0, 2f6.0, 2x, 2i1, f2.0, 11x, a1//(2i6, f12.0, i12))
     Z    nc      Sinf/S     . Sws/S  ....     ScoFlag
   26.     7          1.    1.    1.  10.0           p
     n     k         occ        flag
     1    -1          2.           0
     2    -1          2.           0
     2     1          2.           0
     2    -2          4.           0
     3    -1          .0           0
     3     1          .0           0
     3    -2          .0           0
    12 Bases
     0     1     1
     0     1     2
     0     1     3
     1     1     1
     1     1     2
     1     1     3
     2     1     1
     2     1     2
     0     2     1
     0     2     2
     1     2     1
     1     2     2
     4     4     3     4     5     6     7     8     9
     0     0    -1     0     0     0     0     0     0
     4     4     3     4     5     6     7     8     9
     0     0    -1     0     0     0     0     0     0
     3     3     3     4     5     6     7     8     9
     0     0     0     0     0     0     0     0     0
     3     3     3     4     5     6     7     8     9
     0     0     0     0     0     0     0     0     0
 (// 2i8)
 TYPE 34: species: 26up
   natom   nharm  (L=   0   1   2   3   4   5   6   7   8)
       1      81  (n=   1   4   9  16  25  36  49  64  81)
 (/ (24i3))
 density exponents
  1
  1
  1
  1
 basis exponents
  5  4  3  2  1  0  0  0  0
 (/ (3f18.0, 5x, a1))
              tau1              tau2              tau3     c
 -.165567000000000 -.331133000000000 -.419031000000025     l
 (/ i6, 2f12.0, 5x, a1 /)
     n           S          dx coord
   539  .756562512       0.025     v
   539  2.25380706       0.025     a
 (/f6.0, i6, f12.0, 2f6.0, 2x, 2i1, f2.0, 11x, a1//(2i6, f12.0, i12))
     Z    nc      Sinf/S     . Sws/S  ....     ScoFlag
   26.     7          1.    1.    1.  10.0           p
     n     k         occ        flag
     1    -1          2.           0
     2    -1          2.           0
     2     1          2.           0
     2    -2          4.           0
     3    -1          .0           0
     3     1          .0           0
     3    -2          .0           0
    12 Bases
     0     1     1
     0     1     2
     0     1     3
     1     1     1
     1     1     2
     1     1     3
     2     1     1
     2     1     2
     0     2     1
     0     2     2
     1     2     1
     1     2     2
     4     4     3     4     5     6     7     8     9
     0     0    -1     0     0     0     0     0     0
     4     4     3     4     5     6     7     8     9
     0     0    -1     0     0     0     0     0     0
     3     3     3     4     5     6     7     8     9
     0     0     0     0     0     0     0     0     0
     3     3     3     4     5     6     7     8     9
     0     0     0     0     0     0     0     0     0
 (// 2i8)
 TYPE 35: species: 26up
   natom   nharm  (L=   0   1   2   3   4   5   6   7   8)
       1      81  (n=   1   4   9  16  25  36  49  64  81)
 (/ (24i3))
 density exponents
  1
  1
  1
  1
 basis exponents
  5  4  3  2  1  0  0  0  0
 (/ (3f18.0, 5x, a1))
              tau1              tau2              tau3     c
  .335533000000000  .167767000000000 -.247636000000038     l
 (/ i6, 2f12.0, 5x, a1 /)
     n           S          dx coord
   539  .756562512       0.025     v
   539  2.25380706       0.025     a
 (/f6.0, i6, f12.0, 2f6.0, 2x, 2i1, f2.0, 11x, a1//(2i6, f12.0, i12))
     Z    nc      Sinf/S     . Sws/S  ....     ScoFlag
   26.     7          1.    1.    1.  10.0           p
     n     k         occ        flag
     1    -1          2.           0
     2    -1          2.           0
     2     1          2.           0
     2    -2          4.           0
     3    -1          .0           0
     3     1          .0           0
     3    -2          .0           0
    12 Bases
     0     1     1
     0     1     2
     0     1     3
     1     1     1
     1     1     2
     1     1     3
     2     1     1
     2     1     2
     0     2     1
     0     2     2
     1     2     1
     1     2     2
     4     4     3     4     5     6     7     8     9
     0     0    -1     0     0     0     0     0     0
     4     4     3     4     5     6     7     8     9
     0     0    -1     0     0     0     0     0     0
     3     3     3     4     5     6     7     8     9
     0     0     0     0     0     0     0     0     0
     3     3     3     4     5     6     7     8     9
     0     0     0     0     0     0     0     0     0
 (// 2i8)
 TYPE 36: species: 26up
   natom   nharm  (L=   0   1   2   3   4   5   6   7   8)
       1      81  (n=   1   4   9  16  25  36  49  64  81)
 (/ (24i3))
 density exponents
  1
  1
  1
  1
 basis exponents
  5  4  3  2  1  0  0  0  0
 (/ (3f18.0, 5x, a1))
              tau1              tau2              tau3     c
  .331133000000000  .165567000000000 -.419030999999986     l
 (/ i6, 2f12.0, 5x, a1 /)
     n           S          dx coord
   539  .756562512       0.025     v
   539  2.25380706       0.025     a
 (/f6.0, i6, f12.0, 2f6.0, 2x, 2i1, f2.0, 11x, a1//(2i6, f12.0, i12))
     Z    nc      Sinf/S     . Sws/S  ....     ScoFlag
   26.     7          1.    1.    1.  10.0           p
     n     k         occ        flag
     1    -1          2.           0
     2    -1          2.           0
     2     1          2.           0
     2    -2          4.           0
     3    -1          .0           0
     3     1          .0           0
     3    -2          .0           0
    12 Bases
     0     1     1
     0     1     2
     0     1     3
     1     1     1
     1     1     2
     1     1     3
     2     1     1
     2     1     2
     0     2     1
     0     2     2
     1     2     1
     1     2     2
     4     4     3     4     5     6     7     8     9
     0     0    -1     0     0     0     0     0     0
     4     4     3     4     5     6     7     8     9
     0     0    -1     0     0     0     0     0     0
     3     3     3     4     5     6     7     8     9
     0     0     0     0     0     0     0     0     0
     3     3     3     4     5     6     7     8     9
     0     0     0     0     0     0     0     0     0
