1    1    .000000000000000  .500000000000000  .250000000000010
2    2    .000000000000010  .500000000000000 -.250000000000000
3    3    .500000000000000  .000000000000000  .250000000000000
4    4   -.499999999999990  .000000000000000 -.250000000000000
5    5    .000000000000000  .000000000000000  .293518000000000
6    6    .000000000000000  .000000000000010 -.293518000000000
7    7    .500000000000000  .500000000000000 -.206482000000000
8    8    .500000000000000 -.499999999999990  .206482000000000
9    9    .244590000000000  .244590000000000  .000000000000000
10   10  -.244590000000000 -.244590000000000  .000000000000010
11   11  -.244590000000000  .244590000000000  .000000000000000
12   12   .244590000000000 -.244590000000000  .000000000000010
13   13  -.255410000000000 -.255410000000000  .500000000000000
14   14   .255410000000000  .255410000000010  .500000000000000
15   15   .255410000000000 -.255410000000000  .500000000000000
16   16  -.255410000000000  .255410000000010  .500000000000000
