T         <M>             <M^2>           <M^4>       U_{Binder}        \chi         C_v(tot)         <E>           <E_{exc}>     <E_{lsf}>
0000 2.08805055E+00 4.35995512E+00 1.90092086E+01 6.66666667E-01 5.89616533E-03 4.04151927E+04 -1.65444486E+01 -1.65444486E+01 0.00000000E+00
0002 2.08700546E+00 4.35559181E+00 1.89711800E+01 6.66666667E-01 1.85908630E-06 1.02166487E+00 -1.65317973E+01 -1.65317973E+01 0.00000000E+00
0005 2.08531827E+00 4.34855227E+00 1.89099069E+01 6.66666667E-01 6.65504947E-06 1.07839432E+00 -1.65127790E+01 -1.65127790E+01 0.00000000E+00
0010 2.08255401E+00 4.33703120E+00 1.88098396E+01 6.66666666E-01 8.99094415E-06 9.54171441E-01 -1.64810731E+01 -1.64810731E+01 0.00000000E+00
0030 2.07136894E+00 4.29056931E+00 1.84089852E+01 6.66666664E-01 3.09842616E-05 1.01018637E+00 -1.63538997E+01 -1.63538997E+01 0.00000000E+00
0050 2.06008760E+00 4.24396095E+00 1.80112050E+01 6.66666659E-01 4.78151321E-05 9.43184792E-01 -1.62262734E+01 -1.62262734E+01 0.00000000E+00
0070 2.04877662E+00 4.19748567E+00 1.76188867E+01 6.66666653E-01 6.05011868E-05 9.25622252E-01 -1.60980447E+01 -1.60980447E+01 0.00000000E+00
0090 2.03729378E+00 4.15056601E+00 1.72271995E+01 6.66666642E-01 8.53728771E-05 9.89272191E-01 -1.59693684E+01 -1.59693684E+01 0.00000000E+00
0110 2.02566676E+00 4.10332593E+00 1.68372854E+01 6.66666632E-01 9.60193381E-05 8.97607555E-01 -1.58400598E+01 -1.58400598E+01 0.00000000E+00
0130 2.01404102E+00 4.05636135E+00 1.64540697E+01 6.66666621E-01 1.06281562E-04 9.35489180E-01 -1.57102555E+01 -1.57102555E+01 0.00000000E+00
0150 2.00226660E+00 4.00907178E+00 1.60726607E+01 6.66666581E-01 1.71608746E-04 9.67078359E-01 -1.55799103E+01 -1.55799103E+01 0.00000000E+00
0170 1.99047326E+00 3.96198403E+00 1.56973212E+01 6.66666587E-01 1.39435455E-04 9.68517558E-01 -1.54489132E+01 -1.54489132E+01 0.00000000E+00
0190 1.97833143E+00 3.91379561E+00 1.53178016E+01 6.66666545E-01 1.87028004E-04 9.16950866E-01 -1.53173203E+01 -1.53173203E+01 0.00000000E+00
0210 1.96626662E+00 3.86620482E+00 1.49475459E+01 6.66666529E-01 1.89129763E-04 9.99731142E-01 -1.51852527E+01 -1.51852527E+01 0.00000000E+00
0230 1.95401002E+00 3.81815587E+00 1.45783250E+01 6.66666420E-01 3.06651151E-04 9.66603051E-01 -1.50522912E+01 -1.50522912E+01 0.00000000E+00
0250 1.94183918E+00 3.77074001E+00 1.42184895E+01 6.66666449E-01 2.45679313E-04 1.01657259E+00 -1.49186982E+01 -1.49186982E+01 0.00000000E+00
0270 1.92938518E+00 3.72252806E+00 1.38572283E+01 6.66666352E-01 3.25168427E-04 9.80869851E-01 -1.47844298E+01 -1.47844298E+01 0.00000000E+00
0290 1.91690795E+00 3.67453698E+00 1.35022352E+01 6.66666343E-01 3.07208160E-04 1.02191278E+00 -1.46495386E+01 -1.46495386E+01 0.00000000E+00
0310 1.90434425E+00 3.62652799E+00 1.31517194E+01 6.66666307E-01 3.15239535E-04 1.01364923E+00 -1.45140539E+01 -1.45140539E+01 0.00000000E+00
0330 1.89148126E+00 3.57770284E+00 1.27999786E+01 6.66666120E-01 4.43989910E-04 1.02070104E+00 -1.43774538E+01 -1.43774538E+01 0.00000000E+00
0350 1.87831008E+00 3.52805021E+00 1.24471590E+01 6.66666114E-01 4.17315737E-04 1.08426828E+00 -1.42402722E+01 -1.42402722E+01 0.00000000E+00
0370 1.86526728E+00 3.47922380E+00 1.21050231E+01 6.66665983E-01 4.81184334E-04 1.12907194E+00 -1.41022498E+01 -1.41022498E+01 0.00000000E+00
0390 1.85192742E+00 3.42963710E+00 1.17624372E+01 6.66665915E-01 4.94906801E-04 1.04900735E+00 -1.39634909E+01 -1.39634909E+01 0.00000000E+00
0410 1.83882235E+00 3.38126977E+00 1.14330143E+01 6.66665820E-01 5.22533969E-04 1.07806097E+00 -1.38237651E+01 -1.38237651E+01 0.00000000E+00
0430 1.82512505E+00 3.33108344E+00 1.10961432E+01 6.66665875E-01 4.59335948E-04 1.12683996E+00 -1.36831105E+01 -1.36831105E+01 0.00000000E+00
0450 1.81159450E+00 3.28187678E+00 1.07707434E+01 6.66665793E-01 4.76786797E-04 1.15960851E+00 -1.35414138E+01 -1.35414138E+01 0.00000000E+00
0470 1.79813855E+00 3.23330503E+00 1.04542977E+01 6.66665512E-01 5.94844019E-04 1.10802454E+00 -1.33991217E+01 -1.33991217E+01 0.00000000E+00
0490 1.78316644E+00 3.17968563E+00 1.01104400E+01 6.66665371E-01 6.29204091E-04 1.23192326E+00 -1.32555629E+01 -1.32555629E+01 0.00000000E+00
0510 1.76929038E+00 3.13039166E+00 9.79939210E+00 6.66665301E-01 6.27489310E-04 1.19397646E+00 -1.31112315E+01 -1.31112315E+01 0.00000000E+00
0530 1.75486126E+00 3.07954216E+00 9.48363083E+00 6.66664877E-01 7.78582026E-04 1.17485226E+00 -1.29654783E+01 -1.29654783E+01 0.00000000E+00
0550 1.74053402E+00 3.02946286E+00 9.17769591E+00 6.66664825E-01 7.59218739E-04 1.15145975E+00 -1.28186795E+01 -1.28186795E+01 0.00000000E+00
0570 1.72605344E+00 2.97926442E+00 8.87606357E+00 6.66664898E-01 6.91959762E-04 1.16664694E+00 -1.26707535E+01 -1.26707535E+01 0.00000000E+00
0590 1.71083443E+00 2.92695852E+00 8.56713370E+00 6.66664818E-01 6.86995958E-04 1.20466893E+00 -1.25217136E+01 -1.25217136E+01 0.00000000E+00
0610 1.69473441E+00 2.87212967E+00 8.24918575E+00 6.66664366E-01 8.10646237E-04 1.16781811E+00 -1.23713547E+01 -1.23713547E+01 0.00000000E+00
0630 1.68012273E+00 2.82281729E+00 7.96835293E+00 6.66664347E-01 7.78167901E-04 1.19470321E+00 -1.22193364E+01 -1.22193364E+01 0.00000000E+00
0650 1.66481706E+00 2.77162061E+00 7.68193358E+00 6.66664378E-01 7.30582911E-04 1.24207099E+00 -1.20663575E+01 -1.20663575E+01 0.00000000E+00
0670 1.64837315E+00 2.71713958E+00 7.38290772E+00 6.66663949E-01 8.25216721E-04 1.22655193E+00 -1.19121449E+01 -1.19121449E+01 0.00000000E+00
0690 1.63187787E+00 2.66303194E+00 7.09180900E+00 6.66663382E-01 9.49117110E-04 1.27874144E+00 -1.17556923E+01 -1.17556923E+01 0.00000000E+00
0710 1.61576379E+00 2.61069967E+00 6.81582630E+00 6.66663071E-01 9.89725492E-04 1.23486312E+00 -1.15979871E+01 -1.15979871E+01 0.00000000E+00
0730 1.59918002E+00 2.55738465E+00 6.54029714E+00 6.66662545E-01 1.08146782E-03 1.33864134E+00 -1.14394482E+01 -1.14394482E+01 0.00000000E+00
0750 1.58133673E+00 2.50063498E+00 6.25326672E+00 6.66661794E-01 1.21602070E-03 1.34054344E+00 -1.12788185E+01 -1.12788185E+01 0.00000000E+00
0770 1.56407852E+00 2.44635105E+00 5.98472560E+00 6.66661535E-01 1.22178804E-03 1.42033115E+00 -1.11168076E+01 -1.11168076E+01 0.00000000E+00
0790 1.54630402E+00 2.39106591E+00 5.71728970E+00 6.66661215E-01 1.23556257E-03 1.30966279E+00 -1.09527287E+01 -1.09527287E+01 0.00000000E+00
0810 1.52795712E+00 2.33466251E+00 5.45073832E+00 6.66661207E-01 1.17826312E-03 1.34186724E+00 -1.07870736E+01 -1.07870736E+01 0.00000000E+00
0830 1.50906888E+00 2.27729906E+00 5.18618363E+00 6.66660713E-01 1.22337997E-03 1.23021889E+00 -1.06198552E+01 -1.06198552E+01 0.00000000E+00
0850 1.49066668E+00 2.22209960E+00 4.93783724E+00 6.66659201E-01 1.46158742E-03 1.37963850E+00 -1.04505028E+01 -1.04505028E+01 0.00000000E+00
0870 1.47072785E+00 2.16305418E+00 4.67892255E+00 6.66658177E-01 1.57978399E-03 1.36390640E+00 -1.02797633E+01 -1.02797633E+01 0.00000000E+00
0890 1.45119845E+00 2.10598891E+00 4.43528998E+00 6.66659099E-01 1.34071071E-03 1.31604754E+00 -1.01064698E+01 -1.01064698E+01 0.00000000E+00
0910 1.43087775E+00 2.04742411E+00 4.19205173E+00 6.66658219E-01 1.42323131E-03 1.37520776E+00 -9.93071175E+00 -9.93071175E+00 0.00000000E+00
0930 1.40955286E+00 1.98685645E+00 3.94773516E+00 6.66655133E-01 1.84467458E-03 1.37214469E+00 -9.75362998E+00 -9.75362998E+00 0.00000000E+00
0950 1.38935393E+00 1.93031968E+00 3.72625235E+00 6.66656086E-01 1.61014309E-03 1.47557884E+00 -9.57360134E+00 -9.57360134E+00 0.00000000E+00
0970 1.36563592E+00 1.86498116E+00 3.47830141E+00 6.66652607E-01 2.02575385E-03 1.38183107E+00 -9.39212776E+00 -9.39212776E+00 0.00000000E+00
0990 1.34460429E+00 1.80797771E+00 3.26890632E+00 6.66654132E-01 1.71437308E-03 1.46991975E+00 -9.20773254E+00 -9.20773254E+00 0.00000000E+00
1010 1.32134264E+00 1.74596935E+00 3.04856932E+00 6.66649132E-01 2.26908524E-03 1.48437976E+00 -9.02111890E+00 -9.02111890E+00 0.00000000E+00
1030 1.29717855E+00 1.68269402E+00 2.83160613E+00 6.66649367E-01 2.11667932E-03 1.49599199E+00 -8.83153135E+00 -8.83153135E+00 0.00000000E+00
1050 1.27321030E+00 1.62109041E+00 2.62810224E+00 6.66645343E-01 2.46662233E-03 1.55927336E+00 -8.63930090E+00 -8.63930090E+00 0.00000000E+00
1070 1.24686355E+00 1.55469150E+00 2.41720725E+00 6.66647140E-01 2.12494874E-03 1.56500330E+00 -8.44400416E+00 -8.44400416E+00 0.00000000E+00
1090 1.22138123E+00 1.49179887E+00 2.22562354E+00 6.66642749E-01 2.45027968E-03 1.68389226E+00 -8.24603032E+00 -8.24603032E+00 0.00000000E+00
1110 1.19404977E+00 1.42578800E+00 2.03306022E+00 6.66635707E-01 2.97956479E-03 1.58272684E+00 -8.04528975E+00 -8.04528975E+00 0.00000000E+00
1130 1.16496258E+00 1.35717397E+00 1.84211735E+00 6.66631167E-01 3.19292455E-03 1.50935253E+00 -7.84114869E+00 -7.84114869E+00 0.00000000E+00
1150 1.13581244E+00 1.29010370E+00 1.66454183E+00 6.66631761E-01 2.93205552E-03 1.59711660E+00 -7.63290509E+00 -7.63290509E+00 0.00000000E+00
1170 1.10576660E+00 1.22275071E+00 1.49527061E+00 6.66632932E-01 2.63843514E-03 1.65664637E+00 -7.41973567E+00 -7.41973567E+00 0.00000000E+00
1190 1.07122041E+00 1.14755692E+00 1.31708748E+00 6.66615892E-01 3.66966700E-03 1.64923385E+00 -7.20430322E+00 -7.20430322E+00 0.00000000E+00
1210 1.03699637E+00 1.07541098E+00 1.15672133E+00 6.66605402E-01 4.08329497E-03 1.70804262E+00 -6.98377483E+00 -6.98377483E+00 0.00000000E+00
1230 1.00105028E+00 1.00215884E+00 1.00455092E+00 6.66590800E-01 4.63822760E-03 1.88546427E+00 -6.75851253E+00 -6.75851253E+00 0.00000000E+00
1250 9.62745695E-01 9.26936400E-01 8.59422360E-01 6.66584704E-01 4.56093322E-03 1.83184575E+00 -6.52802598E+00 -6.52802598E+00 0.00000000E+00
1270 9.20955432E-01 8.48219342E-01 7.19680745E-01 6.66571833E-01 4.74900636E-03 1.72411871E+00 -6.29302248E+00 -6.29302248E+00 0.00000000E+00
1290 8.76460442E-01 7.68254593E-01 5.90435070E-01 6.66542447E-01 5.54591380E-03 1.85539633E+00 -6.05177839E+00 -6.05177839E+00 0.00000000E+00
1310 8.24034117E-01 6.79127482E-01 4.61472504E-01 6.66479937E-01 7.25682080E-03 1.91189520E+00 -5.80010875E+00 -5.80010875E+00 0.00000000E+00
1330 7.67711627E-01 5.89499062E-01 3.47786235E-01 6.66400878E-01 8.84822782E-03 2.02529420E+00 -5.54099498E+00 -5.54099498E+00 0.00000000E+00
1350 7.01325906E-01 4.92006343E-01 2.42361446E-01 6.66265674E-01 1.09641716E-02 2.12599385E+00 -5.27188473E+00 -5.27188473E+00 0.00000000E+00
1370 6.25277154E-01 3.91169814E-01 1.53322352E-01 6.65994551E-01 1.44448141E-02 2.14258280E+00 -4.99187591E+00 -4.99187591E+00 0.00000000E+00
1390 5.27284664E-01 2.78333728E-01 7.78071185E-02 6.65214682E-01 2.18702456E-02 2.40533324E+00 -4.69626580E+00 -4.69626580E+00 0.00000000E+00
1410 3.73883403E-01 1.40668581E-01 2.02676827E-02 6.58580259E-01 6.22699698E-02 2.94051883E+00 -4.37077579E+00 -4.37077579E+00 0.00000000E+00
1430 1.12315038E-01 1.42522835E-02 2.96181488E-04 5.13964772E-01 1.14287443E-01 1.63930885E+00 -4.05636147E+00 -4.05636147E+00 0.00000000E+00
1450 5.21839979E-02 3.21081075E-03 1.74594788E-05 4.35478346E-01 3.35625439E-02 1.37856994E+00 -3.86638155E+00 -3.86638155E+00 0.00000000E+00
1470 3.82197281E-02 1.73896403E-03 5.28977371E-06 4.16911279E-01 1.88880874E-02 1.08172661E+00 -3.71644881E+00 -3.71644881E+00 0.00000000E+00
1490 3.15656697E-02 1.18336605E-03 2.39306844E-06 4.30366327E-01 1.25233001E-02 9.29944428E-01 -3.58386901E+00 -3.58386901E+00 0.00000000E+00
1510 2.68383310E-02 8.45044156E-04 1.17566008E-06 4.51215657E-01 8.24479216E-03 8.98436073E-01 -3.46905053E+00 -3.46905053E+00 0.00000000E+00
1530 2.35051033E-02 6.54041916E-04 7.26389674E-07 4.33972876E-01 6.62399159E-03 7.65242606E-01 -3.36283726E+00 -3.36283726E+00 0.00000000E+00
1550 2.09955599E-02 5.24152607E-04 4.61306939E-07 4.40302673E-01 5.36586240E-03 7.86062839E-01 -3.26764597E+00 -3.26764597E+00 0.00000000E+00
1570 1.92832029E-02 4.39063895E-04 3.26814550E-07 4.34900820E-01 4.27301293E-03 6.68952759E-01 -3.17945244E+00 -3.17945244E+00 0.00000000E+00
1590 1.77253927E-02 3.70771824E-04 2.31299293E-07 4.39159195E-01 3.55145130E-03 6.08718347E-01 -3.09878318E+00 -3.09878318E+00 0.00000000E+00
1610 1.63853362E-02 3.14504643E-04 1.58285301E-07 4.66585018E-01 2.85295064E-03 5.97791732E-01 -3.02207953E+00 -3.02207953E+00 0.00000000E+00
1630 1.54712140E-02 2.82894403E-04 1.33130180E-07 4.45493615E-01 2.66552578E-03 5.26604949E-01 -2.95128439E+00 -2.95128439E+00 0.00000000E+00
1650 1.50754496E-02 2.70797910E-04 1.30661971E-07 4.06067165E-01 2.63278026E-03 5.03005718E-01 -2.88426036E+00 -2.88426036E+00 0.00000000E+00
1670 1.44096389E-02 2.45182329E-04 1.00757517E-07 4.41301029E-01 2.24364424E-03 4.84831965E-01 -2.82108170E+00 -2.82108170E+00 0.00000000E+00
1690 1.36321735E-02 2.18097781E-04 7.85409383E-08 4.49607717E-01 1.90511914E-03 4.84294747E-01 -2.76014457E+00 -2.76014457E+00 0.00000000E+00
1710 1.31366491E-02 2.03565964E-04 7.01680823E-08 4.35572689E-01 1.80888058E-03 4.20174759E-01 -2.70403881E+00 -2.70403881E+00 0.00000000E+00
1730 1.27510558E-02 1.89837791E-04 5.88824093E-08 4.55373244E-01 1.57187109E-03 4.03177453E-01 -2.64979233E+00 -2.64979233E+00 0.00000000E+00
1750 1.21303885E-02 1.73999752E-04 5.13834908E-08 4.34275363E-01 1.53138446E-03 3.94841087E-01 -2.59839122E+00 -2.59839122E+00 0.00000000E+00
1770 1.17088766E-02 1.63181692E-04 4.63001983E-08 4.20412873E-01 1.47069233E-03 3.92729701E-01 -2.54975048E+00 -2.54975048E+00 0.00000000E+00
1790 1.14220160E-02 1.56119157E-04 4.23948176E-08 4.20198782E-01 1.43044262E-03 3.45598808E-01 -2.50317798E+00 -2.50317798E+00 0.00000000E+00
1810 1.12296761E-02 1.48765932E-04 3.82633365E-08 4.23692050E-01 1.24942383E-03 3.32555845E-01 -2.45830900E+00 -2.45830900E+00 0.00000000E+00
1830 1.07894864E-02 1.36390955E-04 3.09586051E-08 4.45260631E-01 1.08948725E-03 3.42787484E-01 -2.41546477E+00 -2.41546477E+00 0.00000000E+00
1850 1.05384062E-02 1.30834141E-04 2.83596997E-08 4.47746856E-01 1.06682280E-03 3.41182878E-01 -2.37368502E+00 -2.37368502E+00 0.00000000E+00
1870 1.04057575E-02 1.26891492E-04 2.64575901E-08 4.52273162E-01 9.93269473E-04 3.05184745E-01 -2.33399111E+00 -2.33399111E+00 0.00000000E+00
1890 1.00956547E-02 1.19980746E-04 2.36899646E-08 4.51445176E-01 9.53547868E-04 2.76568661E-01 -2.29598649E+00 -2.29598649E+00 0.00000000E+00
1910 1.00564015E-02 1.19172910E-04 2.36903300E-08 4.43974425E-01 9.42685085E-04 2.85911073E-01 -2.26037687E+00 -2.26037687E+00 0.00000000E+00
1930 9.76689565E-03 1.12181400E-04 2.10029448E-08 4.43689542E-01 8.68148364E-04 2.59014753E-01 -2.22437591E+00 -2.22437591E+00 0.00000000E+00
1950 9.84819506E-03 1.14335486E-04 2.17855370E-08 4.44498892E-01 8.87873078E-04 2.76178293E-01 -2.19011547E+00 -2.19011547E+00 0.00000000E+00
1970 9.34155230E-03 1.03464826E-04 1.83061268E-08 4.29980453E-01 8.20686754E-04 2.49859028E-01 -2.15764026E+00 -2.15764026E+00 0.00000000E+00
2000 9.09146736E-03 9.69442507E-05 1.55530245E-08 4.48367959E-01 7.13031554E-04 2.40269329E-01 -2.10930367E+00 -2.10930367E+00 0.00000000E+00
