T         <M>             <M^2>           <M^4>       U_{Binder}        \chi         C_v(tot)         <E>           <E_{exc}>     <E_{lsf}>
0000 1.87637356E+00 3.52077775E+00 1.23958760E+01 6.66666664E-01 4.09847162E-01 5.21240041E+05 -1.17795967E+01 -1.17795967E+01 0.00000000E+00
0010 1.86918300E+00 3.49384511E+00 1.22069537E+01 6.66666664E-01 3.65794692E-05 9.90931399E-01 -1.17162479E+01 -1.17162479E+01 0.00000000E+00
0030 1.85300907E+00 3.43364269E+00 1.17899031E+01 6.66666639E-01 1.18218414E-04 1.02627386E+00 -1.15888775E+01 -1.15888775E+01 0.00000000E+00
0050 1.83664560E+00 3.37326736E+00 1.13789365E+01 6.66666554E-01 2.83955565E-04 1.03440369E+00 -1.14608861E+01 -1.14608861E+01 0.00000000E+00
0070 1.82014201E+00 3.31291727E+00 1.09754253E+01 6.66666533E-01 2.37034745E-04 1.02233695E+00 -1.13320584E+01 -1.13320584E+01 0.00000000E+00
0090 1.80307448E+00 3.25107869E+00 1.05695271E+01 6.66666210E-01 6.17731845E-04 1.05171381E+00 -1.12025315E+01 -1.12025315E+01 0.00000000E+00
0110 1.78614303E+00 3.19030782E+00 1.01780753E+01 6.66666296E-01 4.02187609E-04 1.08610861E+00 -1.10721904E+01 -1.10721904E+01 0.00000000E+00
0130 1.76924120E+00 3.13021580E+00 9.79826838E+00 6.66666075E-01 5.33417286E-04 1.09233524E+00 -1.09410299E+01 -1.09410299E+01 0.00000000E+00
0150 1.75192167E+00 3.06923217E+00 9.42021826E+00 6.66665528E-01 8.71909929E-04 1.08278710E+00 -1.08089156E+01 -1.08089156E+01 0.00000000E+00
0170 1.73383586E+00 3.00619149E+00 9.03724367E+00 6.66664586E-01 1.37809195E-03 9.62524797E-01 -1.06758945E+01 -1.06758945E+01 0.00000000E+00
0190 1.71650783E+00 2.94640309E+00 8.68133804E+00 6.66664868E-01 1.04409941E-03 1.02429181E+00 -1.05420767E+01 -1.05420767E+01 0.00000000E+00
0210 1.69892625E+00 2.88635484E+00 8.33109557E+00 6.66664614E-01 1.05599020E-03 1.03658525E+00 -1.04069668E+01 -1.04069668E+01 0.00000000E+00
0230 1.67981712E+00 2.82179127E+00 7.96257050E+00 6.66663965E-01 1.24141213E-03 1.20885227E+00 -1.02710840E+01 -1.02710840E+01 0.00000000E+00
0250 1.66166787E+00 2.76114908E+00 7.62404298E+00 6.66662348E-01 1.78611385E-03 1.12974719E+00 -1.01342246E+01 -1.01342246E+01 0.00000000E+00
0270 1.64354044E+00 2.70123016E+00 7.29669831E+00 6.66664204E-01 9.22005710E-04 1.11066570E+00 -9.99601015E+00 -9.99601015E+00 0.00000000E+00
0290 1.62406343E+00 2.63759013E+00 6.95696698E+00 6.66662579E-01 1.39134448E-03 1.12924681E+00 -9.85670331E+00 -9.85670331E+00 0.00000000E+00
0310 1.60311061E+00 2.56998090E+00 6.60497932E+00 6.66657709E-01 2.78235238E-03 1.16354504E+00 -9.71594445E+00 -9.71594445E+00 0.00000000E+00
0330 1.58359274E+00 2.50778620E+00 6.28919428E+00 6.66655925E-01 3.05840328E-03 1.17033304E+00 -9.57400736E+00 -9.57400736E+00 0.00000000E+00
0350 1.56639856E+00 2.45361544E+00 6.02033641E+00 6.66660703E-01 1.56467013E-03 1.20124989E+00 -9.43050173E+00 -9.43050173E+00 0.00000000E+00
0370 1.54460815E+00 2.38582661E+00 5.69228561E+00 6.66659817E-01 1.65408042E-03 1.13839729E+00 -9.28533234E+00 -9.28533234E+00 0.00000000E+00
0390 1.52202172E+00 2.31656936E+00 5.36667175E+00 6.66655601E-01 2.46387939E-03 1.14974867E+00 -9.13867219E+00 -9.13867219E+00 0.00000000E+00
0410 1.50308782E+00 2.25929377E+00 5.10459574E+00 6.66654428E-01 2.52821528E-03 1.22900099E+00 -8.99009891E+00 -8.99009891E+00 0.00000000E+00
0430 1.48089423E+00 2.19307132E+00 4.80976864E+00 6.66652334E-01 2.73835426E-03 1.25348775E+00 -8.83981862E+00 -8.83981862E+00 0.00000000E+00
0450 1.45934874E+00 2.12971853E+00 4.53586947E+00 6.66654288E-01 2.19415060E-03 1.25663542E+00 -8.68706480E+00 -8.68706480E+00 0.00000000E+00
0470 1.43490230E+00 2.05896661E+00 4.23952465E+00 6.66652423E-01 2.33525460E-03 1.24874507E+00 -8.53284932E+00 -8.53284932E+00 0.00000000E+00
0490 1.40894550E+00 1.98517910E+00 3.94134580E+00 6.66632010E-01 5.26381025E-03 1.16542884E+00 -8.37522164E+00 -8.37522164E+00 0.00000000E+00
0510 1.38571399E+00 1.92023211E+00 3.68751282E+00 6.66646646E-01 2.82304817E-03 1.25948165E+00 -8.21554109E+00 -8.21554109E+00 0.00000000E+00
0530 1.35931146E+00 1.84777347E+00 3.41460460E+00 6.66633688E-01 4.31364795E-03 1.28019772E+00 -8.05295537E+00 -8.05295537E+00 0.00000000E+00
0550 1.33381483E+00 1.77913031E+00 3.16578965E+00 6.66615592E-01 6.19763479E-03 1.36502437E+00 -7.88763296E+00 -7.88763296E+00 0.00000000E+00
0570 1.30771071E+00 1.71017241E+00 2.92513323E+00 6.66616114E-01 5.69911695E-03 1.39896666E+00 -7.71818945E+00 -7.71818945E+00 0.00000000E+00
0590 1.27905559E+00 1.63605940E+00 2.67718848E+00 6.66604633E-01 6.44386664E-03 1.42146073E+00 -7.54520059E+00 -7.54520059E+00 0.00000000E+00
0610 1.25190091E+00 1.56733309E+00 2.45701515E+00 6.66601243E-01 6.31585543E-03 1.40300993E+00 -7.36844994E+00 -7.36844994E+00 0.00000000E+00
0630 1.21983175E+00 1.48804775E+00 2.21463197E+00 6.66614600E-01 4.61338234E-03 1.32360930E+00 -7.18624908E+00 -7.18624908E+00 0.00000000E+00
0650 1.18767389E+00 1.41063610E+00 1.99027060E+00 6.66603615E-01 5.13031200E-03 1.53977005E+00 -7.00008640E+00 -7.00008640E+00 0.00000000E+00
0670 1.15102987E+00 1.32497695E+00 1.75613151E+00 6.66558899E-01 7.98246530E-03 1.50243925E+00 -6.80836372E+00 -6.80836372E+00 0.00000000E+00
0690 1.11563257E+00 1.24471184E+00 1.54968434E+00 6.66585602E-01 5.48186993E-03 1.54297132E+00 -6.60990678E+00 -6.60990678E+00 0.00000000E+00
0710 1.07258557E+00 1.15056670E+00 1.32438712E+00 6.66519769E-01 8.91768553E-03 1.75329969E+00 -6.40489390E+00 -6.40489390E+00 0.00000000E+00
0730 1.03489679E+00 1.07115227E+00 1.14796906E+00 6.66491812E-01 9.63190793E-03 1.71050900E+00 -6.19274249E+00 -6.19274249E+00 0.00000000E+00
0750 9.88370234E-01 9.76997175E-01 9.54996429E-01 6.66501506E-01 8.08072618E-03 1.74630449E+00 -5.97192158E+00 -5.97192158E+00 0.00000000E+00
0770 9.33915290E-01 8.72359329E-01 7.61572284E-01 6.66420729E-01 1.04697424E-02 1.83113041E+00 -5.73966546E+00 -5.73966546E+00 0.00000000E+00
0790 8.74180729E-01 7.64402021E-01 5.84950397E-01 6.66301594E-01 1.32690238E-02 1.84087258E+00 -5.49668882E+00 -5.49668882E+00 0.00000000E+00
0810 8.05310619E-01 6.48826940E-01 4.21750246E-01 6.66053926E-01 1.85887545E-02 2.05358990E+00 -5.23975280E+00 -5.23975280E+00 0.00000000E+00
0830 7.16651056E-01 5.13911846E-01 2.64765618E-01 6.65833372E-01 1.94251179E-02 2.29922923E+00 -4.96276455E+00 -4.96276455E+00 0.00000000E+00
0850 5.87776910E-01 3.46276230E-01 1.21002918E-01 6.63620728E-01 4.66429659E-02 2.48776813E+00 -4.66287903E+00 -4.66287903E+00 0.00000000E+00
0870 3.86739060E-01 1.51676022E-01 2.42123827E-02 6.49181557E-01 1.20957747E-01 2.84584166E+00 -4.32231983E+00 -4.32231983E+00 0.00000000E+00
0890 9.75799920E-02 1.10539245E-02 1.91854415E-04 4.76619480E-01 8.58976101E-02 1.95502740E+00 -4.00257896E+00 -4.00257896E+00 0.00000000E+00
0910 5.45697255E-02 3.51258025E-03 2.03580735E-05 4.49999717E-01 2.93212117E-02 1.53886367E+00 -3.78014681E+00 -3.78014681E+00 0.00000000E+00
0930 4.22594255E-02 2.12717203E-03 7.88906634E-06 4.18835435E-01 1.83131239E-02 1.42588161E+00 -3.59276912E+00 -3.59276912E+00 0.00000000E+00
0950 3.27963787E-02 1.27335174E-03 2.73114887E-06 4.38528978E-01 1.03868506E-02 1.20964255E+00 -3.43002771E+00 -3.43002771E+00 0.00000000E+00
0970 2.91414372E-02 9.96946198E-04 1.63167111E-06 4.52772485E-01 7.59921052E-03 1.07639392E+00 -3.28572462E+00 -3.28572462E+00 0.00000000E+00
0990 2.48963605E-02 7.24495990E-04 8.44814553E-07 4.63501936E-01 5.27555414E-03 9.30359081E-01 -3.15644167E+00 -3.15644167E+00 0.00000000E+00
1010 2.27306855E-02 6.00625592E-04 5.81412935E-07 4.62775551E-01 4.14713403E-03 8.41332306E-01 -3.03896424E+00 -3.03896424E+00 0.00000000E+00
1030 2.07349375E-02 5.06096282E-04 4.28945586E-07 4.41768095E-01 3.68955994E-03 7.75479864E-01 -2.93088438E+00 -2.93088438E+00 0.00000000E+00
1050 1.93592257E-02 4.41758598E-04 3.34731564E-07 4.28251031E-01 3.18303771E-03 7.52233915E-01 -2.83227439E+00 -2.83227439E+00 0.00000000E+00
1070 1.82505682E-02 3.89844880E-04 2.46572382E-07 4.59196484E-01 2.64705971E-03 7.01004620E-01 -2.74136329E+00 -2.74136329E+00 0.00000000E+00
1090 1.69166584E-02 3.40394529E-04 1.96490918E-07 4.34729809E-01 2.48219093E-03 6.20398051E-01 -2.65609899E+00 -2.65609899E+00 0.00000000E+00
1110 1.63064747E-02 3.09579296E-04 1.54330504E-07 4.63231896E-01 1.96351451E-03 5.79608387E-01 -2.57666928E+00 -2.57666928E+00 0.00000000E+00
1130 1.54354399E-02 2.79045688E-04 1.29041243E-07 4.47596207E-01 1.80135167E-03 5.71051500E-01 -2.50323074E+00 -2.50323074E+00 0.00000000E+00
1150 1.47626976E-02 2.57449608E-04 1.10385385E-07 4.44855740E-01 1.71446171E-03 5.50310579E-01 -2.43189975E+00 -2.43189975E+00 0.00000000E+00
1170 1.40923579E-02 2.31570680E-04 8.60510716E-08 4.65105801E-01 1.40639191E-03 4.69283986E-01 -2.36688303E+00 -2.36688303E+00 0.00000000E+00
1200 1.36584256E-02 2.18165615E-04 7.90169781E-08 4.46616053E-01 1.31455076E-03 4.60091272E-01 -2.27523165E+00 -2.27523165E+00 0.00000000E+00
