1    1   2.4128728   0 0 1
2    1   1.6862322   0 0 1
3    1   1.6296091   0 0 1
4    1   1.6296085   0 0 1
5    1   1.6862328   0 0 1
6    1   1.6862335   0 0 1
7    1   1.6862314   0 0 1
8    1   1.6296083   0 0 1
9    1   1.6296078   0 0 1
10   1   1.9593416   0 0 1
11   1   2.3783528   0 0 1
12   1   2.3984635   0 0 1
13   1   2.1412403   0 0 1
14   1   2.1421715   0 0 1
15   1   2.3984635   0 0 1
16   1   2.1683247   0 0 1
17   1   2.1157061   0 0 1
18   1   2.1421715   0 0 1
19   1   1.8557111   0 0 1
20   1   2.1157061   0 0 1
