1    1    .500000000000000  .500000000000000 -.000000000000005
2    2    .167693000000000 -.332307000000000  .143149000000000
3    3   -.332307000000000 -.167693000000000  .143148999999999
4    4    .332307000000000 -.167693000000000  .356851000000007
5    5   -.332307000000000  .167693000000000  .356850999999991
6    6    .167693000000000  .332307000000000  .356851000000002
7    7   -.167693000000000 -.332307000000000  .356851000000007
8    8    .332307000000000  .167693000000000  .143148999999997
9    9    .000000000000000  .000000000000000 -.000000000000002
10   10  -.167693000000000  .332307000000000  .143149000000002
11   11   .000000000000000  .000000000000000  .499999999999998
12   12  -.332307000000000  .167693000000000 -.356850999999999
13   13   .167693000000000  .332307000000000 -.356850999999995
14   14  -.167693000000000  .332307000000000 -.143148999999989
15   15   .167693000000000 -.332307000000000 -.143148999999999
16   16  -.332307000000000 -.167693000000000 -.143148999999997
17   17   .332307000000000  .167693000000000 -.143149000000002
18   18  -.167693000000000 -.332307000000000 -.356851000000002
19   19   .500000000000000  .500000000000000 -.499999999999993
20   20   .332307000000000 -.167693000000000 -.356850999999997
