T         <M>             <M^2>           <M^4>       U_{Binder}        \chi         C_v(tot)         <E>           <E_{exc}>     <E_{lsf}>
0000 1.97456062E+00 3.89888965E+00 1.52013405E+01 6.66666667E-01 1.66795273E-03 1.56339949E+04 -1.45884436E+01 -1.45884436E+01 0.00000000E+00
0002 1.97341315E+00 3.89435946E+00 1.51660356E+01 6.66666667E-01 2.90551644E-06 9.31473170E-01 -1.45757832E+01 -1.45757832E+01 0.00000000E+00
0005 1.97165300E+00 3.88741555E+00 1.51119997E+01 6.66666667E-01 5.49696409E-06 1.10748683E+00 -1.45567673E+01 -1.45567673E+01 0.00000000E+00
0010 1.96869385E+00 3.87575549E+00 1.50214807E+01 6.66666666E-01 2.64064289E-05 1.09867340E+00 -1.45250428E+01 -1.45250428E+01 0.00000000E+00
0030 1.95683595E+00 3.82920693E+00 1.46628258E+01 6.66666664E-01 3.46912746E-05 1.02168210E+00 -1.43978163E+01 -1.43978163E+01 0.00000000E+00
0050 1.94490943E+00 3.78267272E+00 1.43086133E+01 6.66666658E-01 5.98587331E-05 1.00928524E+00 -1.42700077E+01 -1.42700077E+01 0.00000000E+00
0070 1.93278633E+00 3.73566308E+00 1.39551797E+01 6.66666641E-01 1.25968450E-04 9.91386536E-01 -1.41416092E+01 -1.41416092E+01 0.00000000E+00
0090 1.92059520E+00 3.68868604E+00 1.36064063E+01 6.66666628E-01 1.49190070E-04 1.08680154E+00 -1.40125709E+01 -1.40125709E+01 0.00000000E+00
0110 1.90850423E+00 3.64238851E+00 1.32669956E+01 6.66666629E-01 1.17658582E-04 1.12372345E+00 -1.38829425E+01 -1.38829425E+01 0.00000000E+00
0130 1.89605128E+00 3.59501066E+00 1.29241043E+01 6.66666597E-01 1.79304232E-04 1.10049077E+00 -1.37526493E+01 -1.37526493E+01 0.00000000E+00
0150 1.88339458E+00 3.54717539E+00 1.25824571E+01 6.66666566E-01 2.22026443E-04 1.00165975E+00 -1.36216999E+01 -1.36216999E+01 0.00000000E+00
0170 1.87088504E+00 3.50021110E+00 1.22514816E+01 6.66666564E-01 1.98071254E-04 1.04957230E+00 -1.34899859E+01 -1.34899859E+01 0.00000000E+00
0190 1.85789356E+00 3.45176888E+00 1.19147140E+01 6.66666508E-01 2.69129576E-04 1.15181144E+00 -1.33575499E+01 -1.33575499E+01 0.00000000E+00
0210 1.84502954E+00 3.40413442E+00 1.15881366E+01 6.66666511E-01 2.36640658E-04 1.01586000E+00 -1.32245429E+01 -1.32245429E+01 0.00000000E+00
0230 1.83230793E+00 3.35735278E+00 1.12718233E+01 6.66666502E-01 2.25197736E-04 1.12318379E+00 -1.30906990E+01 -1.30906990E+01 0.00000000E+00
0250 1.81834438E+00 3.30637737E+00 1.09321456E+01 6.66666231E-01 5.38603393E-04 1.02691132E+00 -1.29559366E+01 -1.29559366E+01 0.00000000E+00
0270 1.80501448E+00 3.25807827E+00 1.06150872E+01 6.66666252E-01 4.68353827E-04 1.11800889E+00 -1.28204181E+01 -1.28204181E+01 0.00000000E+00
0290 1.79153426E+00 3.20959627E+00 1.03015247E+01 6.66666134E-01 5.51614215E-04 1.08460324E+00 -1.26840160E+01 -1.26840160E+01 0.00000000E+00
0310 1.77814365E+00 3.16179611E+00 9.99697075E+00 6.66666129E-01 5.13449947E-04 1.15162168E+00 -1.25468230E+01 -1.25468230E+01 0.00000000E+00
0330 1.76376731E+00 3.11087727E+00 9.67758424E+00 6.66665741E-01 8.16525173E-04 1.10335063E+00 -1.24087417E+01 -1.24087417E+01 0.00000000E+00
0350 1.75015165E+00 3.06303284E+00 9.38219534E+00 6.66665772E-01 7.32542196E-04 1.11607896E+00 -1.22693488E+01 -1.22693488E+01 0.00000000E+00
0370 1.73569687E+00 3.01264547E+00 9.07605491E+00 6.66665851E-01 6.21261448E-04 1.18340165E+00 -1.21292109E+01 -1.21292109E+01 0.00000000E+00
0390 1.72079532E+00 2.96113935E+00 8.76837968E+00 6.66665396E-01 9.02839542E-04 1.06603992E+00 -1.19879761E+01 -1.19879761E+01 0.00000000E+00
0410 1.70677690E+00 2.91308935E+00 8.48611240E+00 6.66665769E-01 5.96762516E-04 1.04647445E+00 -1.18458411E+01 -1.18458411E+01 0.00000000E+00
0430 1.69205932E+00 2.86306749E+00 8.19718679E+00 6.66665391E-01 7.94457790E-04 1.12733761E+00 -1.17024365E+01 -1.17024365E+01 0.00000000E+00
0450 1.67655743E+00 2.81084769E+00 7.90089714E+00 6.66665299E-01 7.99146483E-04 1.07946245E+00 -1.15577984E+01 -1.15577984E+01 0.00000000E+00
0470 1.66127723E+00 2.75984462E+00 7.61677079E+00 6.66665420E-01 6.84808858E-04 1.12296390E+00 -1.14116001E+01 -1.14116001E+01 0.00000000E+00
0490 1.64576876E+00 2.70855812E+00 7.33632269E+00 6.66665048E-01 8.37660670E-04 1.17826304E+00 -1.12642512E+01 -1.12642512E+01 0.00000000E+00
0510 1.62966090E+00 2.65579842E+00 7.05330525E+00 6.66664775E-01 9.21733793E-04 1.19704931E+00 -1.11156996E+01 -1.11156996E+01 0.00000000E+00
0530 1.61408173E+00 2.60526324E+00 6.78743218E+00 6.66664917E-01 8.05017743E-04 1.18845397E+00 -1.09652587E+01 -1.09652587E+01 0.00000000E+00
0550 1.59678904E+00 2.54973966E+00 6.50121739E+00 6.66664356E-01 1.00269219E-03 1.17170803E+00 -1.08134386E+01 -1.08134386E+01 0.00000000E+00
0570 1.58064172E+00 2.49843363E+00 6.24222446E+00 6.66663790E-01 1.18025437E-03 1.10308915E+00 -1.06600469E+01 -1.06600469E+01 0.00000000E+00
0590 1.56264077E+00 2.44185354E+00 5.96272074E+00 6.66662641E-01 1.56072218E-03 1.23056613E+00 -1.05044674E+01 -1.05044674E+01 0.00000000E+00
0610 1.54441873E+00 2.38523905E+00 5.68945921E+00 6.66661165E-01 2.01323763E-03 1.15956934E+00 -1.03472337E+01 -1.03472337E+01 0.00000000E+00
0630 1.52701908E+00 2.33179561E+00 5.43734845E+00 6.66661905E-01 1.65053240E-03 1.27710887E+00 -1.01883058E+01 -1.01883058E+01 0.00000000E+00
0650 1.50913486E+00 2.27749688E+00 5.18707254E+00 6.66661494E-01 1.69672234E-03 1.31191261E+00 -1.00265721E+01 -1.00265721E+01 0.00000000E+00
0670 1.49046196E+00 2.22148559E+00 4.93507578E+00 6.66661428E-01 1.62534853E-03 1.26872796E+00 -9.86328662E+00 -9.86328662E+00 0.00000000E+00
0690 1.47053819E+00 2.16249318E+00 4.67646837E+00 6.66660137E-01 1.91653726E-03 1.33838188E+00 -9.69744864E+00 -9.69744864E+00 0.00000000E+00
0710 1.45020368E+00 2.10310652E+00 4.42318995E+00 6.66656651E-01 2.77793584E-03 1.38590522E+00 -9.52860185E+00 -9.52860185E+00 0.00000000E+00
0730 1.43084025E+00 2.04731330E+00 4.19156922E+00 6.66660505E-01 1.61725701E-03 1.38062122E+00 -9.35753730E+00 -9.35753730E+00 0.00000000E+00
0750 1.40999159E+00 1.98808880E+00 3.95259663E+00 6.66658272E-01 2.08414204E-03 1.40033409E+00 -9.18304303E+00 -9.18304303E+00 0.00000000E+00
0770 1.38807054E+00 1.92675896E+00 3.71254692E+00 6.66653482E-01 3.09895802E-03 1.35072051E+00 -9.00561254E+00 -9.00561254E+00 0.00000000E+00
0790 1.36661264E+00 1.86763994E+00 3.48815231E+00 6.66659656E-01 1.55165449E-03 1.31436712E+00 -8.82518837E+00 -8.82518837E+00 0.00000000E+00
0810 1.34290935E+00 1.80341882E+00 3.25241530E+00 6.66656843E-01 2.04718333E-03 1.50859610E+00 -8.64074380E+00 -8.64074380E+00 0.00000000E+00
0830 1.31754543E+00 1.73594482E+00 3.01363533E+00 6.66652187E-01 2.83463864E-03 1.40609629E+00 -8.45318609E+00 -8.45318609E+00 0.00000000E+00
0850 1.29276898E+00 1.67127859E+00 2.79335197E+00 6.66645204E-01 3.95609874E-03 1.41116001E+00 -8.26162800E+00 -8.26162800E+00 0.00000000E+00
0870 1.26717125E+00 1.60574380E+00 2.57854665E+00 6.66649408E-01 2.98381658E-03 1.53930703E+00 -8.06612087E+00 -8.06612087E+00 0.00000000E+00
0890 1.23943406E+00 1.53621937E+00 2.36010871E+00 6.66647070E-01 3.16600538E-03 1.53040032E+00 -7.86584855E+00 -7.86584855E+00 0.00000000E+00
0910 1.21036617E+00 1.46500993E+00 2.14639268E+00 6.66645141E-01 3.24451653E-03 1.54791496E+00 -7.66043230E+00 -7.66043230E+00 0.00000000E+00
0930 1.18112183E+00 1.39507548E+00 1.94638453E+00 6.66641160E-01 3.58164333E-03 1.65143304E+00 -7.45041020E+00 -7.45041020E+00 0.00000000E+00
0950 1.15008642E+00 1.32272354E+00 1.74972853E+00 6.66641717E-01 3.25174406E-03 1.65204993E+00 -7.23408155E+00 -7.23408155E+00 0.00000000E+00
0970 1.11710395E+00 1.24794680E+00 1.55749872E+00 6.66639376E-01 3.28679163E-03 1.63190939E+00 -7.01259017E+00 -7.01259017E+00 0.00000000E+00
0990 1.07890667E+00 1.16407874E+00 1.35526109E+00 6.66621952E-01 4.93192524E-03 1.81262503E+00 -6.78481912E+00 -6.78481912E+00 0.00000000E+00
1010 1.04154411E+00 1.08485770E+00 1.17710466E+00 6.66613302E-01 5.38235829E-03 1.78580855E+00 -6.54985190E+00 -6.54985190E+00 0.00000000E+00
1030 9.96809677E-01 9.93681105E-01 9.87606855E-01 6.66597557E-01 6.24622837E-03 1.91810046E+00 -6.30708096E+00 -6.30708096E+00 0.00000000E+00
1050 9.53235254E-01 9.08710943E-01 8.25949858E-01 6.66588241E-01 6.35549340E-03 2.03572206E+00 -6.05574970E+00 -6.05574970E+00 0.00000000E+00
1070 9.01731870E-01 8.13178710E-01 6.61449072E-01 6.66571163E-01 6.80207097E-03 2.07249924E+00 -5.79757974E+00 -5.79757974E+00 0.00000000E+00
1090 8.45474189E-01 7.14898171E-01 5.11283834E-01 6.66533328E-01 8.19055406E-03 2.11372697E+00 -5.52811128E+00 -5.52811128E+00 0.00000000E+00
1110 7.79833556E-01 6.08226946E-01 3.70149975E-01 6.66477486E-01 9.72925879E-03 2.21175081E+00 -5.24516721E+00 -5.24516721E+00 0.00000000E+00
1130 7.04491163E-01 4.96433737E-01 2.46696047E-01 6.66329079E-01 1.39030436E-02 2.28433561E+00 -4.94982929E+00 -4.94982929E+00 0.00000000E+00
1150 6.06999430E-01 3.68710818E-01 1.36328919E-01 6.65731867E-01 2.84760359E-02 2.40702302E+00 -4.63504216E+00 -4.63504216E+00 0.00000000E+00
1170 4.76405601E-01 2.27312637E-01 5.19876352E-02 6.64624257E-01 3.73539717E-02 2.56346562E+00 -4.29771642E+00 -4.29771642E+00 0.00000000E+00
1200 7.38101623E-02 6.57916421E-03 8.34586592E-05 3.57299414E-01 1.17598017E-01 1.82800855E+00 -3.77152207E+00 -3.77152207E+00 0.00000000E+00
1220 3.74463088E-02 1.64439694E-03 4.44820670E-06 4.51659421E-01 2.47625116E-02 1.32402792E+00 -3.57758150E+00 -3.57758150E+00 0.00000000E+00
1240 2.94457530E-02 1.02246313E-03 1.76198531E-06 4.38194850E-01 1.56347871E-02 1.09335575E+00 -3.42448627E+00 -3.42448627E+00 0.00000000E+00
1260 2.26184593E-02 6.05199955E-04 6.08901279E-07 4.45849336E-01 9.26749258E-03 9.52667474E-01 -3.29310426E+00 -3.29310426E+00 0.00000000E+00
1280 2.01512108E-02 4.76462648E-04 3.66546075E-07 4.61792683E-01 6.86028108E-03 8.54195919E-01 -3.17727577E+00 -3.17727577E+00 0.00000000E+00
1300 1.73638983E-02 3.52705789E-04 2.02768447E-07 4.56682188E-01 4.91321955E-03 7.21974363E-01 -3.07495808E+00 -3.07495808E+00 0.00000000E+00
1320 1.58538187E-02 2.93844356E-04 1.37892002E-07 4.67667336E-01 4.01657256E-03 6.98478934E-01 -2.98146020E+00 -2.98146020E+00 0.00000000E+00
1340 1.46279619E-02 2.49285515E-04 9.99516979E-08 4.63864168E-01 3.28703200E-03 6.72661439E-01 -2.89427014E+00 -2.89427014E+00 0.00000000E+00
1360 1.34832343E-02 2.14564646E-04 7.63685398E-08 4.47061408E-01 3.00559793E-03 6.50187491E-01 -2.81457845E+00 -2.81457845E+00 0.00000000E+00
1380 1.26422813E-02 1.88044220E-04 5.86505731E-08 4.47119811E-01 2.55072400E-03 5.64809475E-01 -2.74083537E+00 -2.74083537E+00 0.00000000E+00
1400 1.19811295E-02 1.69088481E-04 4.82620034E-08 4.37327038E-01 2.27584513E-03 5.01191401E-01 -2.67258864E+00 -2.67258864E+00 0.00000000E+00
1420 1.15161559E-02 1.55738725E-04 4.00616663E-08 4.49427490E-01 2.03082937E-03 4.94598199E-01 -2.60780842E+00 -2.60780842E+00 0.00000000E+00
1440 1.08729272E-02 1.38781826E-04 3.21730989E-08 4.43190750E-01 1.78123096E-03 4.74621806E-01 -2.54719592E+00 -2.54719592E+00 0.00000000E+00
1460 1.03138932E-02 1.25289329E-04 2.62605227E-08 4.42359966E-01 1.61598997E-03 4.56277284E-01 -2.49020520E+00 -2.49020520E+00 0.00000000E+00
1480 9.88135857E-03 1.15946918E-04 2.31321498E-08 4.26443341E-01 1.54296651E-03 4.19452637E-01 -2.43572992E+00 -2.43572992E+00 0.00000000E+00
1500 9.78851225E-03 1.11796474E-04 2.01775204E-08 4.61866133E-01 1.32910385E-03 3.98248812E-01 -2.38467210E+00 -2.38467210E+00 0.00000000E+00
1520 9.41928924E-03 1.04160011E-04 1.82077649E-08 4.40585980E-01 1.26692799E-03 3.63233568E-01 -2.33549993E+00 -2.33549993E+00 0.00000000E+00
1540 9.06407534E-03 9.65397651E-05 1.55865878E-08 4.42535367E-01 1.16503856E-03 3.53983878E-01 -2.28914199E+00 -2.28914199E+00 0.00000000E+00
1560 8.87078058E-03 9.34017155E-05 1.49331534E-08 4.29414716E-01 1.17638428E-03 3.46763695E-01 -2.24495792E+00 -2.24495792E+00 0.00000000E+00
1580 8.65130924E-03 8.74182925E-05 1.22700611E-08 4.64794176E-01 9.92702851E-04 3.39895886E-01 -2.20230212E+00 -2.20230212E+00 0.00000000E+00
1610 8.37291095E-03 8.28816881E-05 1.16223269E-08 4.36031747E-01 9.89927325E-04 3.11744026E-01 -2.14212880E+00 -2.14212880E+00 0.00000000E+00
1630 8.18759829E-03 7.91857559E-05 1.07156818E-08 4.30354827E-01 9.29790603E-04 2.97090860E-01 -2.10435874E+00 -2.10435874E+00 0.00000000E+00
1650 7.82948319E-03 7.19205018E-05 8.60162093E-09 4.45688833E-01 8.02898530E-04 2.78715763E-01 -2.06792369E+00 -2.06792369E+00 0.00000000E+00
1670 7.80024983E-03 7.15748102E-05 8.56674039E-09 4.42591046E-01 8.01590887E-04 2.91951502E-01 -2.03313513E+00 -2.03313513E+00 0.00000000E+00
1690 7.62869563E-03 6.90913282E-05 8.31085598E-09 4.19666797E-01 8.04167367E-04 2.70419139E-01 -1.99902855E+00 -1.99902855E+00 0.00000000E+00
1710 7.64829042E-03 6.97691773E-05 8.46432716E-09 4.20379172E-01 8.22374167E-04 2.53507865E-01 -1.96672468E+00 -1.96672468E+00 0.00000000E+00
1730 7.32269261E-03 6.33127401E-05 6.85920743E-09 4.29611892E-01 6.98797226E-04 2.39829672E-01 -1.93528749E+00 -1.93528749E+00 0.00000000E+00
1750 7.21533133E-03 6.18002517E-05 6.52349335E-09 4.30651105E-01 6.94256320E-04 2.43010365E-01 -1.90475094E+00 -1.90475094E+00 0.00000000E+00
1770 7.17308094E-03 6.13763899E-05 6.48286136E-09 4.26355547E-01 6.99383559E-04 2.23206183E-01 -1.87575548E+00 -1.87575548E+00 0.00000000E+00
1790 7.04888053E-03 5.90056646E-05 5.99126214E-09 4.26399325E-01 6.49451057E-04 2.35300438E-01 -1.84775742E+00 -1.84775742E+00 0.00000000E+00
1810 7.16511068E-03 6.00302618E-05 5.95054973E-09 4.49578538E-01 5.99026829E-04 2.28570108E-01 -1.82064761E+00 -1.82064761E+00 0.00000000E+00
1830 6.82996523E-03 5.50748572E-05 5.25554529E-09 4.22449760E-01 5.74414265E-04 2.14202297E-01 -1.79396352E+00 -1.79396352E+00 0.00000000E+00
1850 6.81740843E-03 5.46080867E-05 4.98679076E-09 4.42575605E-01 5.48284989E-04 2.21860399E-01 -1.76805154E+00 -1.76805154E+00 0.00000000E+00
1870 6.72243821E-03 5.31213863E-05 4.62961979E-09 4.53128526E-01 5.29024404E-04 1.90492521E-01 -1.74382299E+00 -1.74382299E+00 0.00000000E+00
1890 6.66090084E-03 5.20264487E-05 4.55578354E-09 4.38960469E-01 5.05515252E-04 1.83541609E-01 -1.71960842E+00 -1.71960842E+00 0.00000000E+00
1910 6.61653666E-03 5.16354920E-05 4.39246775E-09 4.50850380E-01 5.13159469E-04 1.80615337E-01 -1.69610839E+00 -1.69610839E+00 0.00000000E+00
1930 6.48345412E-03 4.94768667E-05 4.09545770E-09 4.42330602E-01 4.81001913E-04 1.93114105E-01 -1.67385029E+00 -1.67385029E+00 0.00000000E+00
1950 6.41657098E-03 4.86786592E-05 3.98020458E-09 4.40104566E-01 4.80200376E-04 1.81620069E-01 -1.65132843E+00 -1.65132843E+00 0.00000000E+00
1970 6.28337154E-03 4.67475458E-05 3.66436177E-09 4.41067380E-01 4.60159966E-04 1.66651167E-01 -1.63015763E+00 -1.63015763E+00 0.00000000E+00
2000 6.33286240E-03 4.73910033E-05 3.80564151E-09 4.35173823E-01 4.54446991E-04 1.62361615E-01 -1.59917324E+00 -1.59917324E+00 0.00000000E+00
