T         <M>             <M^2>           <M^4>       U_{Binder}        \chi         C_v(tot)         <E>           <E_{exc}>     <E_{lsf}>
0000 6.01803947E-01 3.62167992E-01 1.31165655E-01 6.66666664E-01 3.18772445E-02 1.26824600E+03 -1.16599655E+00 -1.16599655E+00 0.00000000E+00
0010 5.84949369E-01 3.42165778E-01 1.17077439E-01 6.66666613E-01 5.99579858E-05 8.60612513E-01 -1.10435626E+00 -1.10435626E+00 0.00000000E+00
0030 5.55570844E-01 3.08659154E-01 9.52707094E-02 6.66665841E-01 2.78407474E-04 8.64044558E-01 -9.92625597E-01 -9.92625597E-01 0.00000000E+00
0050 5.28868848E-01 2.79702590E-01 7.82339088E-02 6.66665090E-01 2.89055280E-04 7.29059318E-01 -8.90429472E-01 -8.90429472E-01 0.00000000E+00
0070 5.04665409E-01 2.54688005E-01 6.48668238E-02 6.66662330E-01 5.17404060E-04 5.96586703E-01 -8.03287798E-01 -8.03287798E-01 0.00000000E+00
0090 4.82777411E-01 2.33075342E-01 5.43253373E-02 6.66659167E-01 6.37067891E-04 4.90227871E-01 -7.29885554E-01 -7.29885554E-01 0.00000000E+00
0110 4.62097588E-01 2.13535843E-01 4.55989741E-02 6.66656301E-01 6.59641233E-04 4.31035288E-01 -6.67076703E-01 -6.67076703E-01 0.00000000E+00
0130 4.42678388E-01 1.95966553E-01 3.84047670E-02 6.66650372E-01 8.05270799E-04 3.93217165E-01 -6.12172404E-01 -6.12172404E-01 0.00000000E+00
0150 4.23010189E-01 1.78942346E-01 3.20237349E-02 6.66631568E-01 1.37580779E-03 4.01430159E-01 -5.62882239E-01 -5.62882239E-01 0.00000000E+00
0170 4.02971415E-01 1.62392572E-01 2.63756271E-02 6.66612572E-01 1.69778649E-03 3.45300190E-01 -5.17413675E-01 -5.17413675E-01 0.00000000E+00
0190 3.82193624E-01 1.46080809E-01 2.13447442E-02 6.66586354E-01 2.03198373E-03 3.33774029E-01 -4.74572995E-01 -4.74572995E-01 0.00000000E+00
0210 3.58361040E-01 1.28438954E-01 1.65048984E-02 6.66498276E-01 3.39287128E-03 3.10588680E-01 -4.33359413E-01 -4.33359413E-01 0.00000000E+00
0230 3.34055419E-01 1.11616556E-01 1.24686262E-02 6.66389189E-01 4.46725902E-03 3.29004119E-01 -3.92275368E-01 -3.92275368E-01 0.00000000E+00
0250 3.06102028E-01 9.37270564E-02 8.79534009E-03 6.66265252E-01 4.99576395E-03 3.14666879E-01 -3.50614115E-01 -3.50614115E-01 0.00000000E+00
0270 2.72336459E-01 7.42018743E-02 5.51605826E-03 6.66052775E-01 5.61576376E-03 3.32634083E-01 -3.07145013E-01 -3.07145013E-01 0.00000000E+00
0290 2.27363553E-01 5.17589099E-02 2.69217455E-03 6.65025523E-01 9.74479966E-03 3.72856779E-01 -2.60665743E-01 -2.60665743E-01 0.00000000E+00
0310 1.55551265E-01 2.43842418E-02 6.11995117E-04 6.56909896E-01 2.64851490E-02 4.90462883E-01 -2.08390423E-01 -2.08390423E-01 0.00000000E+00
0330 3.47148754E-02 1.42119821E-03 3.26069078E-06 4.61880096E-01 2.85885730E-02 2.20876224E-01 -1.58758977E-01 -1.58758977E-01 0.00000000E+00
0350 1.81135294E-02 3.88111650E-04 2.56399316E-07 4.32609253E-01 7.48632232E-03 1.47079279E-01 -1.35986648E-01 -1.35986648E-01 0.00000000E+00
0370 1.35592503E-02 2.19399104E-04 8.34615715E-08 4.22042897E-01 4.19457166E-03 1.04448509E-01 -1.20322154E-01 -1.20322154E-01 0.00000000E+00
0390 1.12235881E-02 1.46981073E-04 3.48746979E-08 4.61895812E-01 2.35237402E-03 8.89778253E-02 -1.08402202E-01 -1.08402202E-01 0.00000000E+00
0410 9.97594064E-03 1.16612064E-04 2.24359143E-08 4.50034361E-01 1.82023189E-03 6.45087586E-02 -9.86527306E-02 -9.86527306E-02 0.00000000E+00
0430 8.87486156E-03 9.40155795E-05 1.54129414E-08 4.18747789E-01 1.54871208E-03 5.86616844E-02 -9.08096086E-02 -9.08096086E-02 0.00000000E+00
0450 8.27711293E-03 8.00884282E-05 1.07482076E-08 4.41433031E-01 1.12335045E-03 5.26312238E-02 -8.40380750E-02 -8.40380750E-02 0.00000000E+00
0470 7.70666900E-03 7.08987692E-05 8.93103863E-09 4.07752384E-01 1.06887758E-03 4.26981385E-02 -7.83182606E-02 -7.83182606E-02 0.00000000E+00
0490 7.27453538E-03 6.33106141E-05 6.75680853E-09 4.38089297E-01 9.25962064E-04 4.03667485E-02 -7.34497568E-02 -7.34497568E-02 0.00000000E+00
0510 6.95950871E-03 5.74896628E-05 5.65707356E-09 4.29453496E-01 7.75200717E-04 3.33211868E-02 -6.90318419E-02 -6.90318419E-02 0.00000000E+00
0530 6.68225624E-03 5.32589457E-05 4.84381395E-09 4.30778796E-01 7.08999843E-04 2.91038331E-02 -6.50973950E-02 -6.50973950E-02 0.00000000E+00
0550 6.56859489E-03 5.12474889E-05 4.49949719E-09 4.28919211E-01 6.43101094E-04 2.63915711E-02 -6.16985931E-02 -6.16985931E-02 0.00000000E+00
0570 6.27234942E-03 4.66314477E-05 3.71816091E-09 4.30033765E-01 5.58339700E-04 2.50157065E-02 -5.85790637E-02 -5.85790637E-02 0.00000000E+00
0590 6.06141169E-03 4.36768232E-05 3.25552222E-09 4.31150575E-01 5.13292215E-04 2.13237924E-02 -5.57720336E-02 -5.57720336E-02 0.00000000E+00
0610 6.05190158E-03 4.35303516E-05 3.22363982E-09 4.32924470E-01 4.94224571E-04 1.99330319E-02 -5.32892177E-02 -5.32892177E-02 0.00000000E+00
0630 5.86345283E-03 4.01581228E-05 2.59304868E-09 4.64027375E-01 4.00443179E-04 1.70657010E-02 -5.09798664E-02 -5.09798664E-02 0.00000000E+00
0650 5.73112132E-03 3.90294864E-05 2.56432647E-09 4.38866253E-01 4.15372858E-04 1.62339139E-02 -4.88400737E-02 -4.88400737E-02 0.00000000E+00
0670 5.72363193E-03 3.86227412E-05 2.51636790E-09 4.37701800E-01 3.82058022E-04 1.57649899E-02 -4.68329098E-02 -4.68329098E-02 0.00000000E+00
0690 5.52075187E-03 3.61974928E-05 2.25233333E-09 4.27000257E-01 3.61872683E-04 1.41082362E-02 -4.51057711E-02 -4.51057711E-02 0.00000000E+00
0710 5.54973462E-03 3.62843298E-05 2.22199843E-09 4.37420008E-01 3.37288179E-04 1.20386805E-02 -4.34621665E-02 -4.34621665E-02 0.00000000E+00
0730 5.43246470E-03 3.52331919E-05 2.17207318E-09 4.16757423E-01 3.42207181E-04 1.15872458E-02 -4.18803455E-02 -4.18803455E-02 0.00000000E+00
0750 5.34601936E-03 3.39881681E-05 1.97240044E-09 4.30861034E-01 3.14844218E-04 1.20145377E-02 -4.04773545E-02 -4.04773545E-02 0.00000000E+00
0770 5.27928602E-03 3.28937489E-05 1.80410027E-09 4.44207515E-01 2.84815350E-04 9.92111461E-03 -3.91391772E-02 -3.91391772E-02 0.00000000E+00
0790 5.23659194E-03 3.21968460E-05 1.73742354E-09 4.41326868E-01 2.63901849E-04 9.99146897E-03 -3.78603649E-02 -3.78603649E-02 0.00000000E+00
0810 5.15354433E-03 3.14229604E-05 1.68406350E-09 4.31483582E-01 2.62182632E-04 9.17966587E-03 -3.67058676E-02 -3.67058676E-02 0.00000000E+00
0830 5.07428807E-03 3.06484695E-05 1.59910338E-09 4.32536802E-01 2.57765518E-04 8.43988258E-03 -3.55946025E-02 -3.55946025E-02 0.00000000E+00
0850 5.05137285E-03 3.01789232E-05 1.53239138E-09 4.39157438E-01 2.39500109E-04 8.39238028E-03 -3.46049502E-02 -3.46049502E-02 0.00000000E+00
0870 4.97152558E-03 2.90805598E-05 1.39103860E-09 4.51707377E-01 2.19035844E-04 7.54687380E-03 -3.35876587E-02 -3.35876587E-02 0.00000000E+00
0890 4.97655205E-03 2.90405390E-05 1.39102637E-09 4.50199966E-01 2.09697258E-04 6.73251842E-03 -3.26480550E-02 -3.26480550E-02 0.00000000E+00
0910 4.88524568E-03 2.81448577E-05 1.32829086E-09 4.41048900E-01 2.05317090E-04 6.30342791E-03 -3.17987712E-02 -3.17987712E-02 0.00000000E+00
0930 4.88011957E-03 2.82500603E-05 1.37136771E-09 4.27212007E-01 2.08190869E-04 6.19060867E-03 -3.09776486E-02 -3.09776486E-02 0.00000000E+00
0950 4.87648894E-03 2.80587790E-05 1.33653968E-09 4.34121665E-01 1.96644688E-04 5.82256624E-03 -3.01842947E-02 -3.01842947E-02 0.00000000E+00
0970 4.81449126E-03 2.72406825E-05 1.23691926E-09 4.44371992E-01 1.82810018E-04 5.79403700E-03 -2.94030170E-02 -2.94030170E-02 0.00000000E+00
0990 4.78575417E-03 2.69697400E-05 1.23195667E-09 4.35426281E-01 1.79334780E-04 5.84660058E-03 -2.87586653E-02 -2.87586653E-02 0.00000000E+00
1010 4.74734778E-03 2.63524183E-05 1.13796983E-09 4.53778811E-01 1.64924818E-04 5.18798882E-03 -2.80629820E-02 -2.80629820E-02 0.00000000E+00
1030 4.72303551E-03 2.62551939E-05 1.16497947E-09 4.36665228E-01 1.67361200E-04 5.22865045E-03 -2.74235034E-02 -2.74235034E-02 0.00000000E+00
1050 4.72342129E-03 2.60892426E-05 1.11134396E-09 4.55742658E-01 1.57121149E-04 4.69633072E-03 -2.68243966E-02 -2.68243966E-02 0.00000000E+00
1070 4.68025050E-03 2.57794531E-05 1.10821286E-09 4.44153942E-01 1.58108732E-04 4.57175627E-03 -2.62368274E-02 -2.62368274E-02 0.00000000E+00
1090 4.63453946E-03 2.52093260E-05 1.06324726E-09 4.42312965E-01 1.49425953E-04 4.38141461E-03 -2.57036449E-02 -2.57036449E-02 0.00000000E+00
1110 4.59708529E-03 2.49890707E-05 1.05741578E-09 4.35551504E-01 1.51670416E-04 4.15752783E-03 -2.51399819E-02 -2.51399819E-02 0.00000000E+00
1130 4.57649061E-03 2.47155585E-05 1.03040768E-09 4.37727330E-01 1.45717720E-04 4.11942171E-03 -2.46184011E-02 -2.46184011E-02 0.00000000E+00
1150 4.60989799E-03 2.49452791E-05 1.03827582E-09 4.43820793E-01 1.40253508E-04 3.88019009E-03 -2.41191091E-02 -2.41191091E-02 0.00000000E+00
1170 4.57418322E-03 2.45087617E-05 9.96833757E-10 4.46829840E-01 1.33806666E-04 3.86305206E-03 -2.36313782E-02 -2.36313782E-02 0.00000000E+00
1190 4.56522123E-03 2.45036045E-05 1.01769219E-09 4.35017183E-01 1.34373815E-04 3.74452155E-03 -2.31966568E-02 -2.31966568E-02 0.00000000E+00
1210 4.47145895E-03 2.35047152E-05 9.20144540E-10 4.44831507E-01 1.26682795E-04 3.48550856E-03 -2.27414241E-02 -2.27414241E-02 0.00000000E+00
1230 4.50596357E-03 2.38522901E-05 9.52638443E-10 4.41855457E-01 1.25965147E-04 3.49884313E-03 -2.23270976E-02 -2.23270976E-02 0.00000000E+00
1250 4.53253719E-03 2.40696968E-05 9.73534393E-10 4.39870035E-01 1.23154050E-04 3.24853192E-03 -2.19021956E-02 -2.19021956E-02 0.00000000E+00
1270 4.51720571E-03 2.38718938E-05 9.52956684E-10 4.42585634E-01 1.19184279E-04 3.06629808E-03 -2.14976179E-02 -2.14976179E-02 0.00000000E+00
1290 4.47499224E-03 2.34914340E-05 9.33338029E-10 4.36234298E-01 1.17307082E-04 3.06426046E-03 -2.11282092E-02 -2.11282092E-02 0.00000000E+00
1310 4.41380553E-03 2.29596206E-05 8.85776519E-10 4.39889785E-01 1.15918188E-04 2.87189531E-03 -2.07449142E-02 -2.07449142E-02 0.00000000E+00
1330 4.44351509E-03 2.31171044E-05 8.92700066E-10 4.43176646E-01 1.10706308E-04 2.74250867E-03 -2.03893753E-02 -2.03893753E-02 0.00000000E+00
1350 4.41779485E-03 2.30064562E-05 9.05898355E-10 4.29495912E-01 1.12858855E-04 2.76349791E-03 -2.00651826E-02 -2.00651826E-02 0.00000000E+00
1370 4.38551109E-03 2.25576422E-05 8.50164365E-10 4.43078179E-01 1.05965177E-04 2.67411546E-03 -1.97648159E-02 -1.97648159E-02 0.00000000E+00
1390 4.38157296E-03 2.26325634E-05 8.62899942E-10 4.38471640E-01 1.07878375E-04 2.59014780E-03 -1.94303943E-02 -1.94303943E-02 0.00000000E+00
1410 4.34897247E-03 2.22330847E-05 8.28017921E-10 4.41633909E-01 1.02791501E-04 2.50921694E-03 -1.91190396E-02 -1.91190396E-02 0.00000000E+00
1430 4.37174555E-03 2.24709807E-05 8.45151764E-10 4.42083257E-01 1.02553741E-04 2.52461597E-03 -1.88205956E-02 -1.88205956E-02 0.00000000E+00
1450 4.35283268E-03 2.22059838E-05 8.21655502E-10 4.44571097E-01 9.81283549E-05 2.35243622E-03 -1.85494097E-02 -1.85494097E-02 0.00000000E+00
1470 4.33317672E-03 2.20222939E-05 8.03433778E-10 4.47790691E-01 9.64083973E-05 2.28183205E-03 -1.82328866E-02 -1.82328866E-02 0.00000000E+00
1490 4.36416186E-03 2.25110369E-05 8.55550776E-10 4.37226635E-01 1.01539181E-04 2.22134869E-03 -1.79817019E-02 -1.79817019E-02 0.00000000E+00
1510 4.33019535E-03 2.21084378E-05 8.28792753E-10 4.34791637E-01 9.70922227E-05 2.17559709E-03 -1.77211229E-02 -1.77211229E-02 0.00000000E+00
1530 4.33829025E-03 2.20378491E-05 8.07847339E-10 4.45540749E-01 9.18061916E-05 2.10230823E-03 -1.74407040E-02 -1.74407040E-02 0.00000000E+00
1550 4.33280870E-03 2.21764638E-05 8.38635926E-10 4.31582268E-01 9.58651053E-05 2.02870025E-03 -1.72064972E-02 -1.72064972E-02 0.00000000E+00
1570 4.31725406E-03 2.21010392E-05 8.36088475E-10 4.29434387E-01 9.62881301E-05 1.96899831E-03 -1.69656305E-02 -1.69656305E-02 0.00000000E+00
1600 4.23875409E-03 2.12480835E-05 7.61008906E-10 4.38138912E-01 8.95350584E-05 1.71014989E-03 -1.65260079E-02 -1.65260079E-02 0.00000000E+00
