    1     2     0    -1     0     0.995947
    1     3     0     0     0     0.996005
    1     2     1     0     0     0.995933
    1     3     0    -1     0     0.995990
    1     1     0     0    -1     0.043486
    1     1     0     0     1     0.043486
    1     3    -1    -1     0    -0.294196
    1     2     0     0     0    -0.294177
    1     3     1     0     0    -0.294181
    1     2     1    -1     0    -0.294162
    1     2     0    -1    -1     0.075045
    1     2     0    -1     1     0.075045
    1     3     0     0    -1     0.075042
    1     3     0     0     1     0.075042
    1     2     1     0    -1     0.075047
    1     2     1     0     1     0.075047
    1     3     0    -1    -1     0.075044
    1     3     0    -1     1     0.075044
    1     1    -1     0     0     0.153446
    1     1     1     0     0     0.153446
    1     1     1     1     0    -0.043634
    1     1    -1    -1     0    -0.043634
    1     1     0    -1     0    -0.043579
    1     1     0     1     0    -0.043579
    1     3    -1    -1    -1     0.061986
    1     3    -1    -1     1     0.061986
    1     2     0     0    -1     0.061980
    1     2     0     0     1     0.061980
    1     3     1     0    -1     0.061984
    1     3     1     0     1     0.061984
    1     2     1    -1    -1     0.061978
    1     2     1    -1     1     0.061978
    1     1    -1     0    -1    -0.035757
    1     1    -1     0     1    -0.035757
    1     1     1     0    -1    -0.035757
    1     1     1     0     1    -0.035757
    1     1    -1    -1    -1    -0.040270
    1     1    -1    -1     1    -0.040270
    1     1     1     1    -1    -0.040270
    1     1     1     1     1    -0.040270
    1     1     0    -1    -1    -0.040272
    1     1     0    -1     1    -0.040272
    1     1     0     1    -1    -0.040272
    1     1     0     1     1    -0.040272
    1     2    -1    -1     0     0.012013
    1     3    -1     0     0     0.012021
    1     3    -1    -2     0     0.011361
    1     2     1     1     0     0.011353
    1     3     1     1     0     0.011361
    1     2     0    -2     0     0.011353
    1     2     2     0     0     0.012014
    1     3     1    -1     0     0.012022
    1     2    -1    -2     0     0.007116
    1     3     0     1     0     0.007112
    1     2     2     1     0     0.007117
    1     3     0    -2     0     0.007114
    1     2    -1    -1    -1     0.016411
    1     2    -1    -1     1     0.016412
    1     3    -1     0    -1     0.016411
    1     3    -1     0     1     0.016411
    1     3    -1    -2    -1     0.015628
    1     3    -1    -2     1     0.015628
    1     2     1     1    -1     0.015628
    1     2     1     1     1     0.015627
    1     3     1     1    -1     0.015628
    1     3     1     1     1     0.015627
    1     2     0    -2    -1     0.015627
    1     2     0    -2     1     0.015627
    1     2     2     0    -1     0.016411
    1     2     2     0     1     0.016412
    1     3     1    -1    -1     0.016411
    1     3     1    -1     1     0.016411
    1     1     0     0    -2    -0.070252
    1     1     0     0     2    -0.070252
    1     2    -1    -2    -1    -0.015731
    1     2    -1    -2     1    -0.015731
    1     3     0     1    -1    -0.015728
    1     3     0     1     1    -0.015728
    1     2     2     1    -1    -0.015731
    1     2     2     1     1    -0.015731
    1     3     0    -2    -1    -0.015728
    1     3     0    -2     1    -0.015728
    1     1    -2    -1     0     0.010211
    1     1     2     1     0     0.010211
    1     1    -1     1     0     0.010213
    1     1     1    -1     0     0.010213
    1     1    -1    -2     0    -0.006738
    1     1     1     2     0    -0.006738
    1     2     0    -1    -2     0.016680
    1     2     0    -1     2     0.016680
    1     3     0     0    -2     0.016685
    1     3     0     0     2     0.016685
    1     2     1     0    -2     0.016679
    1     2     1     0     2     0.016679
    1     3     0    -1    -2     0.016684
    1     3     0    -1     2     0.016684
    1     3    -2    -1     0     0.005109
    1     2    -1     0     0     0.005110
    1     3    -2    -2     0     0.005642
    1     2     0     1     0     0.005644
    1     3     2     1     0     0.005642
    1     2     1    -2     0     0.005644
    1     3     2     0     0     0.005108
    1     2     2    -1     0     0.005109
    1     3    -1    -1    -2    -0.020152
    1     3    -1    -1     2    -0.020152
    1     2     0     0    -2    -0.020150
    1     2     0     0     2    -0.020150
    1     3     1     0    -2    -0.020152
    1     3     1     0     2    -0.020152
    1     2     1    -1    -2    -0.020150
    1     2     1    -1     2    -0.020150
    1     1    -2    -1    -1    -0.007832
    1     1    -2    -1     1    -0.007832
    1     1     2     1    -1    -0.007832
    1     1     2     1     1    -0.007832
    1     1    -1     1    -1    -0.007833
    1     1    -1     1     1    -0.007833
    1     1     1    -1    -1    -0.007833
    1     1     1    -1     1    -0.007833
    1     1    -1    -2    -1     0.008851
    1     1    -1    -2     1     0.008851
    1     1     1     2    -1     0.008851
    1     1     1     2     1     0.008851
    1     1    -1     0    -2     0.014544
    1     1    -1     0     2     0.014544
    1     1     1     0    -2     0.014544
    1     1     1     0     2     0.014544
    1     1    -1    -1    -2     0.015991
    1     1    -1    -1     2     0.015991
    1     1     1     1    -2     0.015991
    1     1     1     1     2     0.015991
    1     1     0    -1    -2     0.015991
    1     1     0    -1     2     0.015991
    1     1     0     1    -2     0.015991
    1     1     0     1     2     0.015991
    1     3    -2    -1    -1     0.001706
    1     3    -2    -1     1     0.001706
    1     2    -1     0    -1     0.001705
    1     2    -1     0     1     0.001705
    1     3    -2    -2    -1     0.002024
    1     3    -2    -2     1     0.002024
    1     2     0     1    -1     0.002023
    1     2     0     1     1     0.002023
    1     3     2     1    -1     0.002024
    1     3     2     1     1     0.002024
    1     2     1    -2    -1     0.002023
    1     2     1    -2     1     0.002023
    1     3     2     0    -1     0.001706
    1     3     2     0     1     0.001706
    1     2     2    -1    -1     0.001705
    1     2     2    -1     1     0.001706
    1     1    -2     0     0     0.001142
    1     1     2     0     0     0.001142
    1     1    -2    -2     0     0.011801
    1     1     2     2     0     0.011801
    1     1     0    -2     0     0.011800
    1     1     0     2     0     0.011800
    1     2    -1    -1    -2     0.000313
    1     2    -1    -1     2     0.000313
    1     3    -1     0    -2     0.000314
    1     3    -1     0     2     0.000314
    1     3    -1    -2    -2    -0.000070
    1     3    -1    -2     2    -0.000070
    1     2     1     1    -2    -0.000070
    1     2     1     1     2    -0.000070
    1     3     1     1    -2    -0.000070
    1     3     1     1     2    -0.000070
    1     2     0    -2    -2    -0.000070
    1     2     0    -2     2    -0.000070
    1     2     2     0    -2     0.000313
    1     2     2     0     2     0.000313
    1     3     1    -1    -2     0.000314
    1     3     1    -1     2     0.000314
    1     1    -2     0    -1    -0.002136
    1     1    -2     0     1    -0.002136
    1     1     2     0    -1    -0.002136
    1     1     2     0     1    -0.002136
    1     1    -2    -2    -1     0.001286
    1     1    -2    -2     1     0.001286
    1     1     2     2    -1     0.001286
    1     1     2     2     1     0.001286
    1     1     0    -2    -1     0.001286
    1     1     0    -2     1     0.001286
    1     1     0     2    -1     0.001286
    1     1     0     2     1     0.001286
    1     2    -2    -2     0     0.001290
    1     3    -1     1     0     0.001290
    1     2    -1    -3     0     0.000954
    1     3     1     2     0     0.000954
    1     2     2     2     0     0.000954
    1     3    -1    -3     0     0.000954
    1     2     3     1     0     0.001290
    1     3     1    -2     0     0.001290
    1     2    -1    -2    -2    -0.001481
    1     2    -1    -2     2    -0.001481
    1     3     0     1    -2    -0.001482
    1     3     0     1     2    -0.001482
    1     2     2     1    -2    -0.001480
    1     2     2     1     2    -0.001480
    1     3     0    -2    -2    -0.001482
    1     3     0    -2     2    -0.001482
    1     2    -2    -1     0    -0.001977
    1     3    -2     0     0    -0.001977
    1     3    -2    -3     0    -0.001600
    1     2     1     2     0    -0.001600
    1     3     2     2     0    -0.001600
    1     2     0    -3     0    -0.001600
    1     2     3     0     0    -0.001977
    1     3     2    -1     0    -0.001977
    1     2    -2    -2    -1    -0.001533
    1     2    -2    -2     1    -0.001533
    1     3    -1     1    -1    -0.001533
    1     3    -1     1     1    -0.001533
    1     2    -1    -3    -1    -0.001591
    1     2    -1    -3     1    -0.001591
    1     3     1     2    -1    -0.001591
    1     3     1     2     1    -0.001592
    1     2     2     2    -1    -0.001591
    1     2     2     2     1    -0.001591
    1     3    -1    -3    -1    -0.001592
    1     3    -1    -3     1    -0.001592
    1     2     3     1    -1    -0.001533
    1     2     3     1     1    -0.001533
    1     3     1    -2    -1    -0.001533
    1     3     1    -2     1    -0.001533
    1     1    -2    -1    -2    -0.000237
    1     1    -2    -1     2    -0.000237
    1     1     2     1    -2    -0.000237
    1     1     2     1     2    -0.000237
    1     1    -1     1    -2    -0.000237
    1     1    -1     1     2    -0.000237
    1     1     1    -1    -2    -0.000237
    1     1     1    -1     2    -0.000237
    1     1    -1    -2    -2     0.001431
    1     1    -1    -2     2     0.001431
    1     1     1     2    -2     0.001431
    1     1     1     2     2     0.001431
    1     2    -2    -1    -1     0.001166
    1     2    -2    -1     1     0.001166
    1     3    -2     0    -1     0.001166
    1     3    -2     0     1     0.001166
    1     3    -2    -3    -1     0.000976
    1     3    -2    -3     1     0.000976
    1     2     1     2    -1     0.000976
    1     2     1     2     1     0.000976
    1     3     2     2    -1     0.000976
    1     3     2     2     1     0.000976
    1     2     0    -3    -1     0.000976
    1     2     0    -3     1     0.000976
    1     2     3     0    -1     0.001166
    1     2     3     0     1     0.001166
    1     3     2    -1    -1     0.001166
    1     3     2    -1     1     0.001166
    1     3    -2    -1    -2    -0.000661
    1     3    -2    -1     2    -0.000661
    1     2    -1     0    -2    -0.000661
    1     2    -1     0     2    -0.000661
    1     3    -2    -2    -2    -0.000596
    1     3    -2    -2     2    -0.000596
    1     2     0     1    -2    -0.000596
    1     2     0     1     2    -0.000596
    1     3     2     1    -2    -0.000596
    1     3     2     1     2    -0.000596
    1     2     1    -2    -2    -0.000596
    1     2     1    -2     2    -0.000596
    1     3     2     0    -2    -0.000661
    1     3     2     0     2    -0.000661
    1     2     2    -1    -2    -0.000661
    1     2     2    -1     2    -0.000661
    1     2    -2    -3     0    -0.005527
    1     3     0     2     0    -0.005527
    2     1     0     1     0     0.995947
    2     3     0     0     0     0.996530
    2     3    -1     0     0     0.996530
    2     1    -1     0     0     0.995933
    2     2     0     0    -1     0.039202
    2     2     0     0     1     0.039202
    2     1     0     0     0    -0.294177
    2     3    -1    -1     0    -0.292575
    2     3     0     1     0    -0.292574
    2     1    -1     1     0    -0.294162
    2     1     0     1     1     0.075045
    2     1     0     1    -1     0.075045
    2     3     0     0    -1     0.074222
    2     3    -1     0    -1     0.074222
    2     3    -1     0     1     0.074222
    2     3     0     0     1     0.074222
    2     1    -1     0     1     0.075047
    2     1    -1     0    -1     0.075047
    2     2    -1     0     0    -0.040364
    2     2     1     0     0    -0.040364
    2     2    -1    -1     0    -0.041225
    2     2     1     1     0    -0.041225
    2     2     0    -1     0     0.154426
    2     2     0     1     0     0.154426
    2     1     0     0     1     0.061980
    2     1     0     0    -1     0.061980
    2     3    -1    -1    -1     0.062685
    2     3     0     1    -1     0.062685
    2     3    -1    -1     1     0.062685
    2     3     0     1     1     0.062685
    2     1    -1     1     1     0.061978
    2     1    -1     1    -1     0.061978
    2     2    -1     0    -1    -0.039110
    2     2    -1     0     1    -0.039110
    2     2     1     0    -1    -0.039110
    2     2     1     0     1    -0.039110
    2     2    -1    -1    -1    -0.040680
    2     2    -1    -1     1    -0.040680
    2     2     1     1    -1    -0.040680
    2     2     1     1     1    -0.040680
    2     2     0    -1    -1    -0.036712
    2     2     0    -1     1    -0.036712
    2     2     0     1    -1    -0.036712
    2     2     0     1     1    -0.036712
    2     1     1     1     0     0.012013
    2     1    -1    -1     0     0.011353
    2     3     1     1     0     0.011017
    2     3    -2    -1     0     0.011016
    2     3    -1     1     0     0.011018
    2     3     0    -1     0     0.011017
    2     1     0     2     0     0.011353
    2     1    -2     0     0     0.012014
    2     1     1     2     0     0.007116
    2     3     1     0     0     0.007780
    2     3    -2     0     0     0.007780
    2     1    -2    -1     0     0.007117
    2     1     1     1     1     0.016411
    2     1     1     1    -1     0.016412
    2     1    -1    -1     1     0.015628
    2     1    -1    -1    -1     0.015627
    2     3     1     1    -1     0.015221
    2     3    -2    -1    -1     0.015221
    2     3     1     1     1     0.015221
    2     3    -2    -1     1     0.015220
    2     3     0    -1    -1     0.015219
    2     3    -1     1    -1     0.015219
    2     3     0    -1     1     0.015219
    2     3    -1     1     1     0.015220
    2     1     0     2     1     0.015627
    2     1     0     2    -1     0.015627
    2     1    -2     0     1     0.016411
    2     1    -2     0    -1     0.016412
    2     2     0     0    -2    -0.070197
    2     2     0     0     2    -0.070197
    2     1     1     2     1    -0.015731
    2     1     1     2    -1    -0.015731
    2     3     1     0    -1    -0.016719
    2     3    -2     0    -1    -0.016719
    2     3    -2     0     1    -0.016719
    2     3     1     0     1    -0.016719
    2     1    -2    -1     1    -0.015731
    2     1    -2    -1    -1    -0.015731
    2     2    -2    -1     0    -0.009504
    2     2     2     1     0    -0.009504
    2     2    -1     1     0     0.010815
    2     2     1    -1     0     0.010815
    2     2    -1    -2     0     0.009334
    2     2     1     2     0     0.009334
    2     1     0     1     2     0.016680
    2     1     0     1    -2     0.016680
    2     3    -1     0    -2     0.015953
    2     3     0     0    -2     0.015953
    2     3    -1     0     2     0.015953
    2     3     0     0     2     0.015953
    2     1    -1     0     2     0.016679
    2     1    -1     0    -2     0.016679
    2     1     1     0     0     0.005110
    2     1     0    -1     0     0.005644
    2     3    -2    -2     0     0.005023
    2     3     1     2     0     0.005023
    2     3    -1    -2     0     0.005024
    2     3     0     2     0     0.005024
    2     1    -1     2     0     0.005644
    2     1    -2     1     0     0.005109
    2     1     0     0     2    -0.020150
    2     1     0     0    -2    -0.020150
    2     3    -1    -1    -2    -0.019906
    2     3     0     1    -2    -0.019906
    2     3    -1    -1     2    -0.019906
    2     3     0     1     2    -0.019906
    2     1    -1     1     2    -0.020150
    2     1    -1     1    -2    -0.020150
    2     2     2     1    -1     0.009746
    2     2     2     1     1     0.009746
    2     2    -2    -1    -1     0.009746
    2     2    -2    -1     1     0.009746
    2     2    -1     1    -1    -0.007410
    2     2    -1     1     1    -0.007410
    2     2     1    -1    -1    -0.007410
    2     2     1    -1     1    -0.007410
    2     2    -1    -2    -1    -0.007730
    2     2    -1    -2     1    -0.007730
    2     2     1     2    -1    -0.007730
    2     2     1     2     1    -0.007730
    2     2    -1     0    -2     0.015793
    2     2    -1     0     2     0.015793
    2     2     1     0    -2     0.015793
    2     2     1     0     2     0.015793
    2     2    -1    -1    -2     0.016086
    2     2    -1    -1     2     0.016086
    2     2     1     1    -2     0.016086
    2     2     1     1     2     0.016086
    2     2     0    -1    -2     0.014856
    2     2     0    -1     2     0.014856
    2     2     0     1    -2     0.014856
    2     2     0     1     2     0.014856
    2     1     1     0     1     0.001705
    2     1     1     0    -1     0.001705
    2     1     0    -1     1     0.002023
    2     1     0    -1    -1     0.002023
    2     3    -2    -2    -1     0.002004
    2     3     1     2    -1     0.002004
    2     3    -2    -2     1     0.002004
    2     3     1     2     1     0.002004
    2     3    -1    -2    -1     0.002004
    2     3     0     2    -1     0.002004
    2     3    -1    -2     1     0.002004
    2     3     0     2     1     0.002004
    2     1    -1     2     1     0.002023
    2     1    -1     2    -1     0.002023
    2     1    -2     1     1     0.001705
    2     1    -2     1    -1     0.001706
    2     2    -2     0     0     0.012788
    2     2     2     0     0     0.012788
    2     2    -2    -2     0     0.013184
    2     2     2     2     0     0.013184
    2     2     0    -2     0     0.000323
    2     2     0     2     0     0.000323
    2     1     1     1     2     0.000313
    2     1     1     1    -2     0.000313
    2     1    -1    -1     2    -0.000070
    2     1    -1    -1    -2    -0.000070
    2     3    -2    -1    -2    -0.000206
    2     3     1     1    -2    -0.000206
    2     3    -2    -1     2    -0.000206
    2     3     1     1     2    -0.000206
    2     3    -1     1    -2    -0.000206
    2     3     0    -1    -2    -0.000205
    2     3    -1     1     2    -0.000206
    2     3     0    -1     2    -0.000205
    2     1     0     2     2    -0.000070
    2     1     0     2    -2    -0.000070
    2     1    -2     0     2     0.000313
    2     1    -2     0    -2     0.000313
    2     2    -2     0    -1     0.000626
    2     2    -2     0     1     0.000626
    2     2     2     0    -1     0.000626
    2     2     2     0     1     0.000626
    2     2    -2    -2    -1     0.001185
    2     2    -2    -2     1     0.001185
    2     2     2     2    -1     0.001185
    2     2     2     2     1     0.001185
    2     2     0    -2    -1    -0.002089
    2     2     0    -2     1    -0.002089
    2     2     0     2    -1    -0.002089
    2     2     0     2     1    -0.002089
    2     1     2     2     0     0.001290
    2     3    -3    -1     0     0.001087
    2     3     2     1     0     0.001087
    2     1     1     3     0     0.000954
    2     3    -2     1     0     0.001087
    2     3     1    -1     0     0.001087
    2     1    -2    -2     0     0.000954
    2     1    -3    -1     0     0.001290
    2     1     1     2     2    -0.001481
    2     1     1     2    -2    -0.001481
    2     3    -2     0    -2    -0.001504
    2     3     1     0    -2    -0.001504
    2     3    -2     0     2    -0.001504
    2     3     1     0     2    -0.001504
    2     1    -2    -1     2    -0.001480
    2     1    -2    -1    -2    -0.001480
    2     1     2     1     0    -0.001977
    2     1    -1    -2     0    -0.001600
    2     3     2     2     0    -0.001220
    2     3    -3    -2     0    -0.001220
    2     3    -1     2     0    -0.001221
    2     3     0    -2     0    -0.001221
    2     1     0     3     0    -0.001600
    2     1    -3     0     0    -0.001977
    2     1     2     2     1    -0.001533
    2     1     2     2    -1    -0.001533
    2     3    -3    -1    -1    -0.001005
    2     3     2     1    -1    -0.001005
    2     3    -3    -1     1    -0.001005
    2     3     2     1     1    -0.001005
    2     1     1     3     1    -0.001591
    2     1     1     3    -1    -0.001591
    2     3    -2     1    -1    -0.001006
    2     3     1    -1    -1    -0.001006
    2     3    -2     1     1    -0.001006
    2     3     1    -1     1    -0.001006
    2     1    -2    -2     1    -0.001591
    2     1    -2    -2    -1    -0.001591
    2     1    -3    -1     1    -0.001533
    2     1    -3    -1    -1    -0.001533
    2     2     2     1    -2     0.001281
    2     2     2     1     2     0.001281
    2     2    -2    -1    -2     0.001281
    2     2    -2    -1     2     0.001281
    2     2     1    -1    -2     0.000065
    2     2     1    -1     2     0.000065
    2     2    -1     1    -2     0.000065
    2     2    -1     1     2     0.000065
    2     2    -1    -2    -2    -0.000314
    2     2    -1    -2     2    -0.000314
    2     2     1     2    -2    -0.000314
    2     2     1     2     2    -0.000314
    2     1     2     1     1     0.001166
    2     1     2     1    -1     0.001166
    2     1    -1    -2     1     0.000976
    2     1    -1    -2    -1     0.000976
    2     3     2     2    -1     0.000766
    2     3    -3    -2    -1     0.000766
    2     3     2     2     1     0.000766
    2     3    -3    -2     1     0.000766
    2     3    -1     2    -1     0.000766
    2     3     0    -2    -1     0.000766
    2     3    -1     2     1     0.000766
    2     3     0    -2     1     0.000766
    2     1     0     3     1     0.000976
    2     1     0     3    -1     0.000976
    2     1    -3     0     1     0.001166
    2     1    -3     0    -1     0.001166
    2     1     1     0     2    -0.000661
    2     1     1     0    -2    -0.000661
    2     1     0    -1     2    -0.000596
    2     1     0    -1    -2    -0.000596
    2     3    -2    -2    -2    -0.000634
    2     3     1     2    -2    -0.000634
    2     3    -2    -2     2    -0.000634
    2     3     1     2     2    -0.000633
    2     3    -1    -2    -2    -0.000634
    2     3     0     2    -2    -0.000634
    2     3    -1    -2     2    -0.000634
    2     3     0     2     2    -0.000634
    2     1    -1     2     2    -0.000596
    2     1    -1     2    -2    -0.000596
    2     1    -2     1     2    -0.000661
    2     1    -2     1    -2    -0.000661
    2     1     2     3     0    -0.005527
    2     3    -3     0     0    -0.004755
    2     3     2     0     0    -0.004755
    3     1     0     0     0     0.996005
    3     2     0     0     0     0.996530
    3     2     1     0     0     0.996530
    3     1     0     1     0     0.995990
    3     3     0     0    -1     0.039195
    3     3     0     0     1     0.039195
    3     1     1     1     0    -0.294196
    3     2     0    -1     0    -0.292574
    3     2     1     1     0    -0.292575
    3     1    -1     0     0    -0.294181
    3     1     0     0     1     0.075042
    3     1     0     0    -1     0.075042
    3     2     0     0     1     0.074222
    3     2     1     0     1     0.074222
    3     2     0     0    -1     0.074222
    3     2     1     0    -1     0.074222
    3     1     0     1     1     0.075044
    3     1     0     1    -1     0.075044
    3     3    -1     0     0    -0.040391
    3     3     1     0     0    -0.040391
    3     3    -1    -1     0     0.154431
    3     3     1     1     0     0.154431
    3     3     0     1     0    -0.041197
    3     3     0    -1     0    -0.041197
    3     1     1     1     1     0.061986
    3     1     1     1    -1     0.061986
    3     2     0    -1     1     0.062685
    3     2     1     1     1     0.062685
    3     2     0    -1    -1     0.062685
    3     2     1     1    -1     0.062685
    3     1    -1     0     1     0.061984
    3     1    -1     0    -1     0.061984
    3     3    -1     0    -1    -0.039114
    3     3    -1     0     1    -0.039114
    3     3     1     0    -1    -0.039114
    3     3     1     0     1    -0.039114
    3     3    -1    -1    -1    -0.036713
    3     3    -1    -1     1    -0.036713
    3     3     1     1    -1    -0.036713
    3     3     1     1     1    -0.036713
    3     3     0    -1    -1    -0.040686
    3     3     0    -1     1    -0.040686
    3     3     0     1    -1    -0.040686
    3     3     0     1     1    -0.040686
    3     1     1     0     0     0.012021
    3     1     1     2     0     0.011361
    3     2    -1    -1     0     0.011017
    3     2     2     1     0     0.011016
    3     2     0     1     0     0.011017
    3     2     1    -1     0     0.011018
    3     1    -1    -1     0     0.011361
    3     1    -1     1     0     0.012022
    3     1     0    -1     0     0.007112
    3     2    -1     0     0     0.007780
    3     2     2     0     0     0.007780
    3     1     0     2     0     0.007114
    3     1     1     0     1     0.016411
    3     1     1     0    -1     0.016411
    3     1     1     2     1     0.015628
    3     1     1     2    -1     0.015628
    3     2    -1    -1     1     0.015221
    3     2     2     1     1     0.015221
    3     2    -1    -1    -1     0.015221
    3     2     2     1    -1     0.015220
    3     2     0     1     1     0.015219
    3     2     1    -1     1     0.015219
    3     2     0     1    -1     0.015219
    3     2     1    -1    -1     0.015220
    3     1    -1    -1     1     0.015628
    3     1    -1    -1    -1     0.015627
    3     1    -1     1     1     0.016411
    3     1    -1     1    -1     0.016411
    3     3     0     0    -2    -0.070200
    3     3     0     0     2    -0.070200
    3     1     0    -1     1    -0.015728
    3     1     0    -1    -1    -0.015728
    3     2    -1     0     1    -0.016719
    3     2     2     0     1    -0.016719
    3     2    -1     0    -1    -0.016719
    3     2     2     0    -1    -0.016719
    3     1     0     2     1    -0.015728
    3     1     0     2    -1    -0.015728
    3     3    -2    -1     0     0.010818
    3     3     2     1     0     0.010818
    3     3    -1     1     0    -0.009501
    3     3     1    -1     0    -0.009501
    3     3    -1    -2     0     0.009338
    3     3     1     2     0     0.009338
    3     1     0     0     2     0.016685
    3     1     0     0    -2     0.016685
    3     2     0     0     2     0.015953
    3     2     1     0     2     0.015953
    3     2     0     0    -2     0.015953
    3     2     1     0    -2     0.015953
    3     1     0     1     2     0.016684
    3     1     0     1    -2     0.016684
    3     1     2     1     0     0.005109
    3     1     2     2     0     0.005642
    3     2    -1    -2     0     0.005023
    3     2     2     2     0     0.005023
    3     2     0    -2     0     0.005024
    3     2     1     2     0     0.005024
    3     1    -2    -1     0     0.005642
    3     1    -2     0     0     0.005108
    3     1     1     1     2    -0.020152
    3     1     1     1    -2    -0.020152
    3     2     0    -1     2    -0.019906
    3     2     1     1     2    -0.019906
    3     2     0    -1    -2    -0.019906
    3     2     1     1    -2    -0.019906
    3     1    -1     0     2    -0.020152
    3     1    -1     0    -2    -0.020152
    3     3    -2    -1    -1    -0.007412
    3     3    -2    -1     1    -0.007412
    3     3     2     1    -1    -0.007412
    3     3     2     1     1    -0.007412
    3     3    -1     1    -1     0.009747
    3     3    -1     1     1     0.009747
    3     3     1    -1    -1     0.009747
    3     3     1    -1     1     0.009747
    3     3    -1    -2    -1    -0.007733
    3     3    -1    -2     1    -0.007733
    3     3     1     2    -1    -0.007733
    3     3     1     2     1    -0.007733
    3     3    -1     0    -2     0.015795
    3     3    -1     0     2     0.015795
    3     3     1     0    -2     0.015795
    3     3     1     0     2     0.015795
    3     3    -1    -1    -2     0.014859
    3     3    -1    -1     2     0.014859
    3     3     1     1    -2     0.014859
    3     3     1     1     2     0.014859
    3     3     0    -1    -2     0.016089
    3     3     0    -1     2     0.016089
    3     3     0     1    -2     0.016089
    3     3     0     1     2     0.016089
    3     1     2     1     1     0.001706
    3     1     2     1    -1     0.001706
    3     1     2     2     1     0.002024
    3     1     2     2    -1     0.002024
    3     2    -1    -2     1     0.002004
    3     2     2     2     1     0.002004
    3     2    -1    -2    -1     0.002004
    3     2     2     2    -1     0.002004
    3     2     0    -2     1     0.002004
    3     2     1     2     1     0.002004
    3     2     0    -2    -1     0.002004
    3     2     1     2    -1     0.002004
    3     1    -2    -1     1     0.002024
    3     1    -2    -1    -1     0.002024
    3     1    -2     0     1     0.001706
    3     1    -2     0    -1     0.001706
    3     3    -2     0     0     0.012789
    3     3     2     0     0     0.012789
    3     3    -2    -2     0     0.000323
    3     3     2     2     0     0.000323
    3     3     0    -2     0     0.013184
    3     3     0     2     0     0.013184
    3     1     1     0     2     0.000314
    3     1     1     0    -2     0.000314
    3     1     1     2     2    -0.000070
    3     1     1     2    -2    -0.000070
    3     2    -1    -1     2    -0.000206
    3     2     2     1     2    -0.000206
    3     2    -1    -1    -2    -0.000206
    3     2     2     1    -2    -0.000206
    3     2     0     1     2    -0.000205
    3     2     1    -1     2    -0.000206
    3     2     0     1    -2    -0.000205
    3     2     1    -1    -2    -0.000206
    3     1    -1    -1     2    -0.000070
    3     1    -1    -1    -2    -0.000070
    3     1    -1     1     2     0.000314
    3     1    -1     1    -2     0.000314
    3     3    -2     0    -1     0.000626
    3     3    -2     0     1     0.000626
    3     3     2     0    -1     0.000626
    3     3     2     0     1     0.000626
    3     3    -2    -2    -1    -0.002089
    3     3    -2    -2     1    -0.002089
    3     3     2     2    -1    -0.002089
    3     3     2     2     1    -0.002089
    3     3     0    -2    -1     0.001185
    3     3     0    -2     1     0.001185
    3     3     0     2    -1     0.001185
    3     3     0     2     1     0.001185
    3     1     1    -1     0     0.001290
    3     2     3     1     0     0.001087
    3     2    -2    -1     0     0.001087
    3     2     2    -1     0     0.001087
    3     2    -1     1     0     0.001087
    3     1    -1    -2     0     0.000954
    3     1     1     3     0     0.000954
    3     1    -1     2     0     0.001290
    3     1     0    -1     2    -0.001482
    3     1     0    -1    -2    -0.001482
    3     2    -1     0     2    -0.001504
    3     2     2     0     2    -0.001504
    3     2    -1     0    -2    -0.001504
    3     2     2     0    -2    -0.001504
    3     1     0     2     2    -0.001482
    3     1     0     2    -2    -0.001482
    3     1     2     0     0    -0.001977
    3     1     2     3     0    -0.001600
    3     2    -2    -2     0    -0.001220
    3     2     3     2     0    -0.001220
    3     2     0     2     0    -0.001221
    3     2     1    -2     0    -0.001221
    3     1    -2    -2     0    -0.001600
    3     1    -2     1     0    -0.001977
    3     1     1    -1     1    -0.001533
    3     1     1    -1    -1    -0.001533
    3     2    -2    -1     1    -0.001005
    3     2     3     1     1    -0.001005
    3     2     3     1    -1    -0.001005
    3     2    -2    -1    -1    -0.001005
    3     2     2    -1     1    -0.001006
    3     2    -1     1     1    -0.001006
    3     2     2    -1    -1    -0.001006
    3     2    -1     1    -1    -0.001006
    3     1    -1    -2     1    -0.001591
    3     1    -1    -2    -1    -0.001592
    3     1     1     3     1    -0.001592
    3     1     1     3    -1    -0.001592
    3     1    -1     2     1    -0.001533
    3     1    -1     2    -1    -0.001533
    3     3    -2    -1    -2     0.000067
    3     3    -2    -1     2     0.000067
    3     3     2     1    -2     0.000067
    3     3     2     1     2     0.000067
    3     3    -1     1    -2     0.001281
    3     3    -1     1     2     0.001281
    3     3     1    -1    -2     0.001281
    3     3     1    -1     2     0.001281
    3     3    -1    -2    -2    -0.000314
    3     3    -1    -2     2    -0.000314
    3     3     1     2    -2    -0.000314
    3     3     1     2     2    -0.000314
    3     1     2     0     1     0.001166
    3     1     2     0    -1     0.001166
    3     1     2     3     1     0.000976
    3     1     2     3    -1     0.000976
    3     2    -2    -2     1     0.000766
    3     2     3     2     1     0.000766
    3     2    -2    -2    -1     0.000766
    3     2     3     2    -1     0.000766
    3     2     0     2     1     0.000766
    3     2     1    -2     1     0.000766
    3     2     0     2    -1     0.000766
    3     2     1    -2    -1     0.000766
    3     1    -2    -2     1     0.000976
    3     1    -2    -2    -1     0.000976
    3     1    -2     1     1     0.001166
    3     1    -2     1    -1     0.001166
    3     1     2     1     2    -0.000661
    3     1     2     1    -2    -0.000661
    3     1     2     2     2    -0.000596
    3     1     2     2    -2    -0.000596
    3     2    -1    -2     2    -0.000634
    3     2     2     2     2    -0.000634
    3     2    -1    -2    -2    -0.000633
    3     2     2     2    -2    -0.000634
    3     2     0    -2     2    -0.000634
    3     2     1     2     2    -0.000634
    3     2     0    -2    -2    -0.000634
    3     2     1     2    -2    -0.000634
    3     1    -2    -1     2    -0.000596
    3     1    -2    -1    -2    -0.000596
    3     1    -2     0     2    -0.000661
    3     1    -2     0    -2    -0.000661
    3     1     0    -2     0    -0.005527
    3     2     3     0     0    -0.004755
    3     2    -2     0     0    -0.004755
