# k(0:nx, 0:ny, 0:nz) <= 13824
# nx, ny, nz
 24 24 24
#
     1   577  1153  1729  2305  2881  3457  4033  4609  5185  5761  6337
  6913  7489  8065  8641  9217  9793 10369 10945 11521 12097 12673 13249
     1    25   601  1177  1753  2329  2905  3481  4057  4633  5209  5785
  6361  6937  7513  8089  8665  9241  9817 10393 10969 11545 12121 12697
 13273    25    49   625  1201  1777  2353  2929  3505  4081  4657  5233
  5809  6385  6961  7537  8113  8689  9265  9841 10417 10993 11569 12145
 12721 13297    49    73   649  1225  1801  2377  2953  3529  4105  4681
  5257  5833  6409  6985  7561  8137  8713  9289  9865 10441 11017 11593
 12169 12745 13321    73    97   673  1249  1825  2401  2977  3553  4129
  4705  5281  5857  6433  7009  7585  8161  8737  9313  9889 10465 11041
 11617 12193 12769 13345    97   121   697  1273  1849  2425  3001  3577
  4153  4729  5305  5881  6457  7033  7609  8185  8761  9337  9913 10489
 11065 11641 12217 12793 13369   121   145   721  1297  1873  2449  3025
  3601  4177  4753  5329  5905  6481  7057  7633  8209  8785  9361  9937
 10513 11089 11665 12241 12817 13393   145   169   745  1321  1897  2473
  3049  3625  4201  4777  5353  5929  6505  7081  7657  8233  8809  9385
  9961 10537 11113 11689 12265 12841 13417   169   193   769  1345  1921
  2497  3073  3649  4225  4801  5377  5953  6529  7105  7681  8257  8833
  9409  9985 10561 11137 11713 12289 12865 13441   193   217   793  1369
  1945  2521  3097  3673  4249  4825  5401  5977  6553  7129  7705  8281
  8857  9433 10009 10585 11161 11737 12313 12889 13465   217   241   817
  1393  1969  2545  3121  3697  4273  4849  5425  6001  6577  7153  7729
  8305  8881  9457 10033 10609 11185 11761 12337 12913 13489   241   265
   841  1417  1993  2569  3145  3721  4297  4873  5449  6025  6601  7177
  7753  8329  8905  9481 10057 10633 11209 11785 12361 12937 13513   265
   289   865  1441  2017  2593  3169  3745  4321  4897  5473  6049  6625
  7201  7777  8353  8929  9505 10081 10657 11233 11809 12385 12961 13537
   289   313   889  1465  2041  2617  3193  3769  4345  4921  5497  6073
  6649  7225  7801  8377  8953  9529 10105 10681 11257 11833 12409 12985
 13561   313   337   913  1489  2065  2641  3217  3793  4369  4945  5521
  6097  6673  7249  7825  8401  8977  9553 10129 10705 11281 11857 12433
 13009 13585   337   361   937  1513  2089  2665  3241  3817  4393  4969
  5545  6121  6697  7273  7849  8425  9001  9577 10153 10729 11305 11881
 12457 13033 13609   361   385   961  1537  2113  2689  3265  3841  4417
  4993  5569  6145  6721  7297  7873  8449  9025  9601 10177 10753 11329
 11905 12481 13057 13633   385   409   985  1561  2137  2713  3289  3865
  4441  5017  5593  6169  6745  7321  7897  8473  9049  9625 10201 10777
 11353 11929 12505 13081 13657   409   433  1009  1585  2161  2737  3313
  3889  4465  5041  5617  6193  6769  7345  7921  8497  9073  9649 10225
 10801 11377 11953 12529 13105 13681   433   457  1033  1609  2185  2761
  3337  3913  4489  5065  5641  6217  6793  7369  7945  8521  9097  9673
 10249 10825 11401 11977 12553 13129 13705   457   481  1057  1633  2209
  2785  3361  3937  4513  5089  5665  6241  6817  7393  7969  8545  9121
  9697 10273 10849 11425 12001 12577 13153 13729   481   505  1081  1657
  2233  2809  3385  3961  4537  5113  5689  6265  6841  7417  7993  8569
  9145  9721 10297 10873 11449 12025 12601 13177 13753   505   529  1105
  1681  2257  2833  3409  3985  4561  5137  5713  6289  6865  7441  8017
  8593  9169  9745 10321 10897 11473 12049 12625 13201 13777   529   553
  1129  1705  2281  2857  3433  4009  4585  5161  5737  6313  6889  7465
  8041  8617  9193  9769 10345 10921 11497 12073 12649 13225 13801   553
     1   577  1153  1729  2305  2881  3457  4033  4609  5185  5761  6337
  6913  7489  8065  8641  9217  9793 10369 10945 11521 12097 12673 13249
     1     2   578  1154  1730  2306  2882  3458  4034  4610  5186  5762
  6338  6914  7490  8066  8642  9218  9794 10370 10946 11522 12098 12674
 13250     2    26   602  1178  1754  2330  2906  3482  4058  4634  5210
  5786  6362  6938  7514  8090  8666  9242  9818 10394 10970 11546 12122
 12698 13274    26    50   626  1202  1778  2354  2930  3506  4082  4658
  5234  5810  6386  6962  7538  8114  8690  9266  9842 10418 10994 11570
 12146 12722 13298    50    74   650  1226  1802  2378  2954  3530  4106
  4682  5258  5834  6410  6986  7562  8138  8714  9290  9866 10442 11018
 11594 12170 12746 13322    74    98   674  1250  1826  2402  2978  3554
  4130  4706  5282  5858  6434  7010  7586  8162  8738  9314  9890 10466
 11042 11618 12194 12770 13346    98   122   698  1274  1850  2426  3002
  3578  4154  4730  5306  5882  6458  7034  7610  8186  8762  9338  9914
 10490 11066 11642 12218 12794 13370   122   146   722  1298  1874  2450
  3026  3602  4178  4754  5330  5906  6482  7058  7634  8210  8786  9362
  9938 10514 11090 11666 12242 12818 13394   146   170   746  1322  1898
  2474  3050  3626  4202  4778  5354  5930  6506  7082  7658  8234  8810
  9386  9962 10538 11114 11690 12266 12842 13418   170   194   770  1346
  1922  2498  3074  3650  4226  4802  5378  5954  6530  7106  7682  8258
  8834  9410  9986 10562 11138 11714 12290 12866 13442   194   218   794
  1370  1946  2522  3098  3674  4250  4826  5402  5978  6554  7130  7706
  8282  8858  9434 10010 10586 11162 11738 12314 12890 13466   218   242
   818  1394  1970  2546  3122  3698  4274  4850  5426  6002  6578  7154
  7730  8306  8882  9458 10034 10610 11186 11762 12338 12914 13490   242
   266   842  1418  1994  2570  3146  3722  4298  4874  5450  6026  6602
  7178  7754  8330  8906  9482 10058 10634 11210 11786 12362 12938 13514
   266   290   866  1442  2018  2594  3170  3746  4322  4898  5474  6050
  6626  7202  7778  8354  8930  9506 10082 10658 11234 11810 12386 12962
 13538   290   314   890  1466  2042  2618  3194  3770  4346  4922  5498
  6074  6650  7226  7802  8378  8954  9530 10106 10682 11258 11834 12410
 12986 13562   314   338   914  1490  2066  2642  3218  3794  4370  4946
  5522  6098  6674  7250  7826  8402  8978  9554 10130 10706 11282 11858
 12434 13010 13586   338   362   938  1514  2090  2666  3242  3818  4394
  4970  5546  6122  6698  7274  7850  8426  9002  9578 10154 10730 11306
 11882 12458 13034 13610   362   386   962  1538  2114  2690  3266  3842
  4418  4994  5570  6146  6722  7298  7874  8450  9026  9602 10178 10754
 11330 11906 12482 13058 13634   386   410   986  1562  2138  2714  3290
  3866  4442  5018  5594  6170  6746  7322  7898  8474  9050  9626 10202
 10778 11354 11930 12506 13082 13658   410   434  1010  1586  2162  2738
  3314  3890  4466  5042  5618  6194  6770  7346  7922  8498  9074  9650
 10226 10802 11378 11954 12530 13106 13682   434   458  1034  1610  2186
  2762  3338  3914  4490  5066  5642  6218  6794  7370  7946  8522  9098
  9674 10250 10826 11402 11978 12554 13130 13706   458   482  1058  1634
  2210  2786  3362  3938  4514  5090  5666  6242  6818  7394  7970  8546
  9122  9698 10274 10850 11426 12002 12578 13154 13730   482   506  1082
  1658  2234  2810  3386  3962  4538  5114  5690  6266  6842  7418  7994
  8570  9146  9722 10298 10874 11450 12026 12602 13178 13754   506   530
  1106  1682  2258  2834  3410  3986  4562  5138  5714  6290  6866  7442
  8018  8594  9170  9746 10322 10898 11474 12050 12626 13202 13778   530
   554  1130  1706  2282  2858  3434  4010  4586  5162  5738  6314  6890
  7466  8042  8618  9194  9770 10346 10922 11498 12074 12650 13226 13802
   554     2   578  1154  1730  2306  2882  3458  4034  4610  5186  5762
  6338  6914  7490  8066  8642  9218  9794 10370 10946 11522 12098 12674
 13250     2     3   579  1155  1731  2307  2883  3459  4035  4611  5187
  5763  6339  6915  7491  8067  8643  9219  9795 10371 10947 11523 12099
 12675 13251     3    27   603  1179  1755  2331  2907  3483  4059  4635
  5211  5787  6363  6939  7515  8091  8667  9243  9819 10395 10971 11547
 12123 12699 13275    27    51   627  1203  1779  2355  2931  3507  4083
  4659  5235  5811  6387  6963  7539  8115  8691  9267  9843 10419 10995
 11571 12147 12723 13299    51    75   651  1227  1803  2379  2955  3531
  4107  4683  5259  5835  6411  6987  7563  8139  8715  9291  9867 10443
 11019 11595 12171 12747 13323    75    99   675  1251  1827  2403  2979
  3555  4131  4707  5283  5859  6435  7011  7587  8163  8739  9315  9891
 10467 11043 11619 12195 12771 13347    99   123   699  1275  1851  2427
  3003  3579  4155  4731  5307  5883  6459  7035  7611  8187  8763  9339
  9915 10491 11067 11643 12219 12795 13371   123   147   723  1299  1875
  2451  3027  3603  4179  4755  5331  5907  6483  7059  7635  8211  8787
  9363  9939 10515 11091 11667 12243 12819 13395   147   171   747  1323
  1899  2475  3051  3627  4203  4779  5355  5931  6507  7083  7659  8235
  8811  9387  9963 10539 11115 11691 12267 12843 13419   171   195   771
  1347  1923  2499  3075  3651  4227  4803  5379  5955  6531  7107  7683
  8259  8835  9411  9987 10563 11139 11715 12291 12867 13443   195   219
   795  1371  1947  2523  3099  3675  4251  4827  5403  5979  6555  7131
  7707  8283  8859  9435 10011 10587 11163 11739 12315 12891 13467   219
   243   819  1395  1971  2547  3123  3699  4275  4851  5427  6003  6579
  7155  7731  8307  8883  9459 10035 10611 11187 11763 12339 12915 13491
   243   267   843  1419  1995  2571  3147  3723  4299  4875  5451  6027
  6603  7179  7755  8331  8907  9483 10059 10635 11211 11787 12363 12939
 13515   267   291   867  1443  2019  2595  3171  3747  4323  4899  5475
  6051  6627  7203  7779  8355  8931  9507 10083 10659 11235 11811 12387
 12963 13539   291   315   891  1467  2043  2619  3195  3771  4347  4923
  5499  6075  6651  7227  7803  8379  8955  9531 10107 10683 11259 11835
 12411 12987 13563   315   339   915  1491  2067  2643  3219  3795  4371
  4947  5523  6099  6675  7251  7827  8403  8979  9555 10131 10707 11283
 11859 12435 13011 13587   339   363   939  1515  2091  2667  3243  3819
  4395  4971  5547  6123  6699  7275  7851  8427  9003  9579 10155 10731
 11307 11883 12459 13035 13611   363   387   963  1539  2115  2691  3267
  3843  4419  4995  5571  6147  6723  7299  7875  8451  9027  9603 10179
 10755 11331 11907 12483 13059 13635   387   411   987  1563  2139  2715
  3291  3867  4443  5019  5595  6171  6747  7323  7899  8475  9051  9627
 10203 10779 11355 11931 12507 13083 13659   411   435  1011  1587  2163
  2739  3315  3891  4467  5043  5619  6195  6771  7347  7923  8499  9075
  9651 10227 10803 11379 11955 12531 13107 13683   435   459  1035  1611
  2187  2763  3339  3915  4491  5067  5643  6219  6795  7371  7947  8523
  9099  9675 10251 10827 11403 11979 12555 13131 13707   459   483  1059
  1635  2211  2787  3363  3939  4515  5091  5667  6243  6819  7395  7971
  8547  9123  9699 10275 10851 11427 12003 12579 13155 13731   483   507
  1083  1659  2235  2811  3387  3963  4539  5115  5691  6267  6843  7419
  7995  8571  9147  9723 10299 10875 11451 12027 12603 13179 13755   507
   531  1107  1683  2259  2835  3411  3987  4563  5139  5715  6291  6867
  7443  8019  8595  9171  9747 10323 10899 11475 12051 12627 13203 13779
   531   555  1131  1707  2283  2859  3435  4011  4587  5163  5739  6315
  6891  7467  8043  8619  9195  9771 10347 10923 11499 12075 12651 13227
 13803   555     3   579  1155  1731  2307  2883  3459  4035  4611  5187
  5763  6339  6915  7491  8067  8643  9219  9795 10371 10947 11523 12099
 12675 13251     3     4   580  1156  1732  2308  2884  3460  4036  4612
  5188  5764  6340  6916  7492  8068  8644  9220  9796 10372 10948 11524
 12100 12676 13252     4    28   604  1180  1756  2332  2908  3484  4060
  4636  5212  5788  6364  6940  7516  8092  8668  9244  9820 10396 10972
 11548 12124 12700 13276    28    52   628  1204  1780  2356  2932  3508
  4084  4660  5236  5812  6388  6964  7540  8116  8692  9268  9844 10420
 10996 11572 12148 12724 13300    52    76   652  1228  1804  2380  2956
  3532  4108  4684  5260  5836  6412  6988  7564  8140  8716  9292  9868
 10444 11020 11596 12172 12748 13324    76   100   676  1252  1828  2404
  2980  3556  4132  4708  5284  5860  6436  7012  7588  8164  8740  9316
  9892 10468 11044 11620 12196 12772 13348   100   124   700  1276  1852
  2428  3004  3580  4156  4732  5308  5884  6460  7036  7612  8188  8764
  9340  9916 10492 11068 11644 12220 12796 13372   124   148   724  1300
  1876  2452  3028  3604  4180  4756  5332  5908  6484  7060  7636  8212
  8788  9364  9940 10516 11092 11668 12244 12820 13396   148   172   748
  1324  1900  2476  3052  3628  4204  4780  5356  5932  6508  7084  7660
  8236  8812  9388  9964 10540 11116 11692 12268 12844 13420   172   196
   772  1348  1924  2500  3076  3652  4228  4804  5380  5956  6532  7108
  7684  8260  8836  9412  9988 10564 11140 11716 12292 12868 13444   196
   220   796  1372  1948  2524  3100  3676  4252  4828  5404  5980  6556
  7132  7708  8284  8860  9436 10012 10588 11164 11740 12316 12892 13468
   220   244   820  1396  1972  2548  3124  3700  4276  4852  5428  6004
  6580  7156  7732  8308  8884  9460 10036 10612 11188 11764 12340 12916
 13492   244   268   844  1420  1996  2572  3148  3724  4300  4876  5452
  6028  6604  7180  7756  8332  8908  9484 10060 10636 11212 11788 12364
 12940 13516   268   292   868  1444  2020  2596  3172  3748  4324  4900
  5476  6052  6628  7204  7780  8356  8932  9508 10084 10660 11236 11812
 12388 12964 13540   292   316   892  1468  2044  2620  3196  3772  4348
  4924  5500  6076  6652  7228  7804  8380  8956  9532 10108 10684 11260
 11836 12412 12988 13564   316   340   916  1492  2068  2644  3220  3796
  4372  4948  5524  6100  6676  7252  7828  8404  8980  9556 10132 10708
 11284 11860 12436 13012 13588   340   364   940  1516  2092  2668  3244
  3820  4396  4972  5548  6124  6700  7276  7852  8428  9004  9580 10156
 10732 11308 11884 12460 13036 13612   364   388   964  1540  2116  2692
  3268  3844  4420  4996  5572  6148  6724  7300  7876  8452  9028  9604
 10180 10756 11332 11908 12484 13060 13636   388   412   988  1564  2140
  2716  3292  3868  4444  5020  5596  6172  6748  7324  7900  8476  9052
  9628 10204 10780 11356 11932 12508 13084 13660   412   436  1012  1588
  2164  2740  3316  3892  4468  5044  5620  6196  6772  7348  7924  8500
  9076  9652 10228 10804 11380 11956 12532 13108 13684   436   460  1036
  1612  2188  2764  3340  3916  4492  5068  5644  6220  6796  7372  7948
  8524  9100  9676 10252 10828 11404 11980 12556 13132 13708   460   484
  1060  1636  2212  2788  3364  3940  4516  5092  5668  6244  6820  7396
  7972  8548  9124  9700 10276 10852 11428 12004 12580 13156 13732   484
   508  1084  1660  2236  2812  3388  3964  4540  5116  5692  6268  6844
  7420  7996  8572  9148  9724 10300 10876 11452 12028 12604 13180 13756
   508   532  1108  1684  2260  2836  3412  3988  4564  5140  5716  6292
  6868  7444  8020  8596  9172  9748 10324 10900 11476 12052 12628 13204
 13780   532   556  1132  1708  2284  2860  3436  4012  4588  5164  5740
  6316  6892  7468  8044  8620  9196  9772 10348 10924 11500 12076 12652
 13228 13804   556     4   580  1156  1732  2308  2884  3460  4036  4612
  5188  5764  6340  6916  7492  8068  8644  9220  9796 10372 10948 11524
 12100 12676 13252     4     5   581  1157  1733  2309  2885  3461  4037
  4613  5189  5765  6341  6917  7493  8069  8645  9221  9797 10373 10949
 11525 12101 12677 13253     5    29   605  1181  1757  2333  2909  3485
  4061  4637  5213  5789  6365  6941  7517  8093  8669  9245  9821 10397
 10973 11549 12125 12701 13277    29    53   629  1205  1781  2357  2933
  3509  4085  4661  5237  5813  6389  6965  7541  8117  8693  9269  9845
 10421 10997 11573 12149 12725 13301    53    77   653  1229  1805  2381
  2957  3533  4109  4685  5261  5837  6413  6989  7565  8141  8717  9293
  9869 10445 11021 11597 12173 12749 13325    77   101   677  1253  1829
  2405  2981  3557  4133  4709  5285  5861  6437  7013  7589  8165  8741
  9317  9893 10469 11045 11621 12197 12773 13349   101   125   701  1277
  1853  2429  3005  3581  4157  4733  5309  5885  6461  7037  7613  8189
  8765  9341  9917 10493 11069 11645 12221 12797 13373   125   149   725
  1301  1877  2453  3029  3605  4181  4757  5333  5909  6485  7061  7637
  8213  8789  9365  9941 10517 11093 11669 12245 12821 13397   149   173
   749  1325  1901  2477  3053  3629  4205  4781  5357  5933  6509  7085
  7661  8237  8813  9389  9965 10541 11117 11693 12269 12845 13421   173
   197   773  1349  1925  2501  3077  3653  4229  4805  5381  5957  6533
  7109  7685  8261  8837  9413  9989 10565 11141 11717 12293 12869 13445
   197   221   797  1373  1949  2525  3101  3677  4253  4829  5405  5981
  6557  7133  7709  8285  8861  9437 10013 10589 11165 11741 12317 12893
 13469   221   245   821  1397  1973  2549  3125  3701  4277  4853  5429
  6005  6581  7157  7733  8309  8885  9461 10037 10613 11189 11765 12341
 12917 13493   245   269   845  1421  1997  2573  3149  3725  4301  4877
  5453  6029  6605  7181  7757  8333  8909  9485 10061 10637 11213 11789
 12365 12941 13517   269   293   869  1445  2021  2597  3173  3749  4325
  4901  5477  6053  6629  7205  7781  8357  8933  9509 10085 10661 11237
 11813 12389 12965 13541   293   317   893  1469  2045  2621  3197  3773
  4349  4925  5501  6077  6653  7229  7805  8381  8957  9533 10109 10685
 11261 11837 12413 12989 13565   317   341   917  1493  2069  2645  3221
  3797  4373  4949  5525  6101  6677  7253  7829  8405  8981  9557 10133
 10709 11285 11861 12437 13013 13589   341   365   941  1517  2093  2669
  3245  3821  4397  4973  5549  6125  6701  7277  7853  8429  9005  9581
 10157 10733 11309 11885 12461 13037 13613   365   389   965  1541  2117
  2693  3269  3845  4421  4997  5573  6149  6725  7301  7877  8453  9029
  9605 10181 10757 11333 11909 12485 13061 13637   389   413   989  1565
  2141  2717  3293  3869  4445  5021  5597  6173  6749  7325  7901  8477
  9053  9629 10205 10781 11357 11933 12509 13085 13661   413   437  1013
  1589  2165  2741  3317  3893  4469  5045  5621  6197  6773  7349  7925
  8501  9077  9653 10229 10805 11381 11957 12533 13109 13685   437   461
  1037  1613  2189  2765  3341  3917  4493  5069  5645  6221  6797  7373
  7949  8525  9101  9677 10253 10829 11405 11981 12557 13133 13709   461
   485  1061  1637  2213  2789  3365  3941  4517  5093  5669  6245  6821
  7397  7973  8549  9125  9701 10277 10853 11429 12005 12581 13157 13733
   485   509  1085  1661  2237  2813  3389  3965  4541  5117  5693  6269
  6845  7421  7997  8573  9149  9725 10301 10877 11453 12029 12605 13181
 13757   509   533  1109  1685  2261  2837  3413  3989  4565  5141  5717
  6293  6869  7445  8021  8597  9173  9749 10325 10901 11477 12053 12629
 13205 13781   533   557  1133  1709  2285  2861  3437  4013  4589  5165
  5741  6317  6893  7469  8045  8621  9197  9773 10349 10925 11501 12077
 12653 13229 13805   557     5   581  1157  1733  2309  2885  3461  4037
  4613  5189  5765  6341  6917  7493  8069  8645  9221  9797 10373 10949
 11525 12101 12677 13253     5     6   582  1158  1734  2310  2886  3462
  4038  4614  5190  5766  6342  6918  7494  8070  8646  9222  9798 10374
 10950 11526 12102 12678 13254     6    30   606  1182  1758  2334  2910
  3486  4062  4638  5214  5790  6366  6942  7518  8094  8670  9246  9822
 10398 10974 11550 12126 12702 13278    30    54   630  1206  1782  2358
  2934  3510  4086  4662  5238  5814  6390  6966  7542  8118  8694  9270
  9846 10422 10998 11574 12150 12726 13302    54    78   654  1230  1806
  2382  2958  3534  4110  4686  5262  5838  6414  6990  7566  8142  8718
  9294  9870 10446 11022 11598 12174 12750 13326    78   102   678  1254
  1830  2406  2982  3558  4134  4710  5286  5862  6438  7014  7590  8166
  8742  9318  9894 10470 11046 11622 12198 12774 13350   102   126   702
  1278  1854  2430  3006  3582  4158  4734  5310  5886  6462  7038  7614
  8190  8766  9342  9918 10494 11070 11646 12222 12798 13374   126   150
   726  1302  1878  2454  3030  3606  4182  4758  5334  5910  6486  7062
  7638  8214  8790  9366  9942 10518 11094 11670 12246 12822 13398   150
   174   750  1326  1902  2478  3054  3630  4206  4782  5358  5934  6510
  7086  7662  8238  8814  9390  9966 10542 11118 11694 12270 12846 13422
   174   198   774  1350  1926  2502  3078  3654  4230  4806  5382  5958
  6534  7110  7686  8262  8838  9414  9990 10566 11142 11718 12294 12870
 13446   198   222   798  1374  1950  2526  3102  3678  4254  4830  5406
  5982  6558  7134  7710  8286  8862  9438 10014 10590 11166 11742 12318
 12894 13470   222   246   822  1398  1974  2550  3126  3702  4278  4854
  5430  6006  6582  7158  7734  8310  8886  9462 10038 10614 11190 11766
 12342 12918 13494   246   270   846  1422  1998  2574  3150  3726  4302
  4878  5454  6030  6606  7182  7758  8334  8910  9486 10062 10638 11214
 11790 12366 12942 13518   270   294   870  1446  2022  2598  3174  3750
  4326  4902  5478  6054  6630  7206  7782  8358  8934  9510 10086 10662
 11238 11814 12390 12966 13542   294   318   894  1470  2046  2622  3198
  3774  4350  4926  5502  6078  6654  7230  7806  8382  8958  9534 10110
 10686 11262 11838 12414 12990 13566   318   342   918  1494  2070  2646
  3222  3798  4374  4950  5526  6102  6678  7254  7830  8406  8982  9558
 10134 10710 11286 11862 12438 13014 13590   342   366   942  1518  2094
  2670  3246  3822  4398  4974  5550  6126  6702  7278  7854  8430  9006
  9582 10158 10734 11310 11886 12462 13038 13614   366   390   966  1542
  2118  2694  3270  3846  4422  4998  5574  6150  6726  7302  7878  8454
  9030  9606 10182 10758 11334 11910 12486 13062 13638   390   414   990
  1566  2142  2718  3294  3870  4446  5022  5598  6174  6750  7326  7902
  8478  9054  9630 10206 10782 11358 11934 12510 13086 13662   414   438
  1014  1590  2166  2742  3318  3894  4470  5046  5622  6198  6774  7350
  7926  8502  9078  9654 10230 10806 11382 11958 12534 13110 13686   438
   462  1038  1614  2190  2766  3342  3918  4494  5070  5646  6222  6798
  7374  7950  8526  9102  9678 10254 10830 11406 11982 12558 13134 13710
   462   486  1062  1638  2214  2790  3366  3942  4518  5094  5670  6246
  6822  7398  7974  8550  9126  9702 10278 10854 11430 12006 12582 13158
 13734   486   510  1086  1662  2238  2814  3390  3966  4542  5118  5694
  6270  6846  7422  7998  8574  9150  9726 10302 10878 11454 12030 12606
 13182 13758   510   534  1110  1686  2262  2838  3414  3990  4566  5142
  5718  6294  6870  7446  8022  8598  9174  9750 10326 10902 11478 12054
 12630 13206 13782   534   558  1134  1710  2286  2862  3438  4014  4590
  5166  5742  6318  6894  7470  8046  8622  9198  9774 10350 10926 11502
 12078 12654 13230 13806   558     6   582  1158  1734  2310  2886  3462
  4038  4614  5190  5766  6342  6918  7494  8070  8646  9222  9798 10374
 10950 11526 12102 12678 13254     6     7   583  1159  1735  2311  2887
  3463  4039  4615  5191  5767  6343  6919  7495  8071  8647  9223  9799
 10375 10951 11527 12103 12679 13255     7    31   607  1183  1759  2335
  2911  3487  4063  4639  5215  5791  6367  6943  7519  8095  8671  9247
  9823 10399 10975 11551 12127 12703 13279    31    55   631  1207  1783
  2359  2935  3511  4087  4663  5239  5815  6391  6967  7543  8119  8695
  9271  9847 10423 10999 11575 12151 12727 13303    55    79   655  1231
  1807  2383  2959  3535  4111  4687  5263  5839  6415  6991  7567  8143
  8719  9295  9871 10447 11023 11599 12175 12751 13327    79   103   679
  1255  1831  2407  2983  3559  4135  4711  5287  5863  6439  7015  7591
  8167  8743  9319  9895 10471 11047 11623 12199 12775 13351   103   127
   703  1279  1855  2431  3007  3583  4159  4735  5311  5887  6463  7039
  7615  8191  8767  9343  9919 10495 11071 11647 12223 12799 13375   127
   151   727  1303  1879  2455  3031  3607  4183  4759  5335  5911  6487
  7063  7639  8215  8791  9367  9943 10519 11095 11671 12247 12823 13399
   151   175   751  1327  1903  2479  3055  3631  4207  4783  5359  5935
  6511  7087  7663  8239  8815  9391  9967 10543 11119 11695 12271 12847
 13423   175   199   775  1351  1927  2503  3079  3655  4231  4807  5383
  5959  6535  7111  7687  8263  8839  9415  9991 10567 11143 11719 12295
 12871 13447   199   223   799  1375  1951  2527  3103  3679  4255  4831
  5407  5983  6559  7135  7711  8287  8863  9439 10015 10591 11167 11743
 12319 12895 13471   223   247   823  1399  1975  2551  3127  3703  4279
  4855  5431  6007  6583  7159  7735  8311  8887  9463 10039 10615 11191
 11767 12343 12919 13495   247   271   847  1423  1999  2575  3151  3727
  4303  4879  5455  6031  6607  7183  7759  8335  8911  9487 10063 10639
 11215 11791 12367 12943 13519   271   295   871  1447  2023  2599  3175
  3751  4327  4903  5479  6055  6631  7207  7783  8359  8935  9511 10087
 10663 11239 11815 12391 12967 13543   295   319   895  1471  2047  2623
  3199  3775  4351  4927  5503  6079  6655  7231  7807  8383  8959  9535
 10111 10687 11263 11839 12415 12991 13567   319   343   919  1495  2071
  2647  3223  3799  4375  4951  5527  6103  6679  7255  7831  8407  8983
  9559 10135 10711 11287 11863 12439 13015 13591   343   367   943  1519
  2095  2671  3247  3823  4399  4975  5551  6127  6703  7279  7855  8431
  9007  9583 10159 10735 11311 11887 12463 13039 13615   367   391   967
  1543  2119  2695  3271  3847  4423  4999  5575  6151  6727  7303  7879
  8455  9031  9607 10183 10759 11335 11911 12487 13063 13639   391   415
   991  1567  2143  2719  3295  3871  4447  5023  5599  6175  6751  7327
  7903  8479  9055  9631 10207 10783 11359 11935 12511 13087 13663   415
   439  1015  1591  2167  2743  3319  3895  4471  5047  5623  6199  6775
  7351  7927  8503  9079  9655 10231 10807 11383 11959 12535 13111 13687
   439   463  1039  1615  2191  2767  3343  3919  4495  5071  5647  6223
  6799  7375  7951  8527  9103  9679 10255 10831 11407 11983 12559 13135
 13711   463   487  1063  1639  2215  2791  3367  3943  4519  5095  5671
  6247  6823  7399  7975  8551  9127  9703 10279 10855 11431 12007 12583
 13159 13735   487   511  1087  1663  2239  2815  3391  3967  4543  5119
  5695  6271  6847  7423  7999  8575  9151  9727 10303 10879 11455 12031
 12607 13183 13759   511   535  1111  1687  2263  2839  3415  3991  4567
  5143  5719  6295  6871  7447  8023  8599  9175  9751 10327 10903 11479
 12055 12631 13207 13783   535   559  1135  1711  2287  2863  3439  4015
  4591  5167  5743  6319  6895  7471  8047  8623  9199  9775 10351 10927
 11503 12079 12655 13231 13807   559     7   583  1159  1735  2311  2887
  3463  4039  4615  5191  5767  6343  6919  7495  8071  8647  9223  9799
 10375 10951 11527 12103 12679 13255     7     8   584  1160  1736  2312
  2888  3464  4040  4616  5192  5768  6344  6920  7496  8072  8648  9224
  9800 10376 10952 11528 12104 12680 13256     8    32   608  1184  1760
  2336  2912  3488  4064  4640  5216  5792  6368  6944  7520  8096  8672
  9248  9824 10400 10976 11552 12128 12704 13280    32    56   632  1208
  1784  2360  2936  3512  4088  4664  5240  5816  6392  6968  7544  8120
  8696  9272  9848 10424 11000 11576 12152 12728 13304    56    80   656
  1232  1808  2384  2960  3536  4112  4688  5264  5840  6416  6992  7568
  8144  8720  9296  9872 10448 11024 11600 12176 12752 13328    80   104
   680  1256  1832  2408  2984  3560  4136  4712  5288  5864  6440  7016
  7592  8168  8744  9320  9896 10472 11048 11624 12200 12776 13352   104
   128   704  1280  1856  2432  3008  3584  4160  4736  5312  5888  6464
  7040  7616  8192  8768  9344  9920 10496 11072 11648 12224 12800 13376
   128   152   728  1304  1880  2456  3032  3608  4184  4760  5336  5912
  6488  7064  7640  8216  8792  9368  9944 10520 11096 11672 12248 12824
 13400   152   176   752  1328  1904  2480  3056  3632  4208  4784  5360
  5936  6512  7088  7664  8240  8816  9392  9968 10544 11120 11696 12272
 12848 13424   176   200   776  1352  1928  2504  3080  3656  4232  4808
  5384  5960  6536  7112  7688  8264  8840  9416  9992 10568 11144 11720
 12296 12872 13448   200   224   800  1376  1952  2528  3104  3680  4256
  4832  5408  5984  6560  7136  7712  8288  8864  9440 10016 10592 11168
 11744 12320 12896 13472   224   248   824  1400  1976  2552  3128  3704
  4280  4856  5432  6008  6584  7160  7736  8312  8888  9464 10040 10616
 11192 11768 12344 12920 13496   248   272   848  1424  2000  2576  3152
  3728  4304  4880  5456  6032  6608  7184  7760  8336  8912  9488 10064
 10640 11216 11792 12368 12944 13520   272   296   872  1448  2024  2600
  3176  3752  4328  4904  5480  6056  6632  7208  7784  8360  8936  9512
 10088 10664 11240 11816 12392 12968 13544   296   320   896  1472  2048
  2624  3200  3776  4352  4928  5504  6080  6656  7232  7808  8384  8960
  9536 10112 10688 11264 11840 12416 12992 13568   320   344   920  1496
  2072  2648  3224  3800  4376  4952  5528  6104  6680  7256  7832  8408
  8984  9560 10136 10712 11288 11864 12440 13016 13592   344   368   944
  1520  2096  2672  3248  3824  4400  4976  5552  6128  6704  7280  7856
  8432  9008  9584 10160 10736 11312 11888 12464 13040 13616   368   392
   968  1544  2120  2696  3272  3848  4424  5000  5576  6152  6728  7304
  7880  8456  9032  9608 10184 10760 11336 11912 12488 13064 13640   392
   416   992  1568  2144  2720  3296  3872  4448  5024  5600  6176  6752
  7328  7904  8480  9056  9632 10208 10784 11360 11936 12512 13088 13664
   416   440  1016  1592  2168  2744  3320  3896  4472  5048  5624  6200
  6776  7352  7928  8504  9080  9656 10232 10808 11384 11960 12536 13112
 13688   440   464  1040  1616  2192  2768  3344  3920  4496  5072  5648
  6224  6800  7376  7952  8528  9104  9680 10256 10832 11408 11984 12560
 13136 13712   464   488  1064  1640  2216  2792  3368  3944  4520  5096
  5672  6248  6824  7400  7976  8552  9128  9704 10280 10856 11432 12008
 12584 13160 13736   488   512  1088  1664  2240  2816  3392  3968  4544
  5120  5696  6272  6848  7424  8000  8576  9152  9728 10304 10880 11456
 12032 12608 13184 13760   512   536  1112  1688  2264  2840  3416  3992
  4568  5144  5720  6296  6872  7448  8024  8600  9176  9752 10328 10904
 11480 12056 12632 13208 13784   536   560  1136  1712  2288  2864  3440
  4016  4592  5168  5744  6320  6896  7472  8048  8624  9200  9776 10352
 10928 11504 12080 12656 13232 13808   560     8   584  1160  1736  2312
  2888  3464  4040  4616  5192  5768  6344  6920  7496  8072  8648  9224
  9800 10376 10952 11528 12104 12680 13256     8     9   585  1161  1737
  2313  2889  3465  4041  4617  5193  5769  6345  6921  7497  8073  8649
  9225  9801 10377 10953 11529 12105 12681 13257     9    33   609  1185
  1761  2337  2913  3489  4065  4641  5217  5793  6369  6945  7521  8097
  8673  9249  9825 10401 10977 11553 12129 12705 13281    33    57   633
  1209  1785  2361  2937  3513  4089  4665  5241  5817  6393  6969  7545
  8121  8697  9273  9849 10425 11001 11577 12153 12729 13305    57    81
   657  1233  1809  2385  2961  3537  4113  4689  5265  5841  6417  6993
  7569  8145  8721  9297  9873 10449 11025 11601 12177 12753 13329    81
   105   681  1257  1833  2409  2985  3561  4137  4713  5289  5865  6441
  7017  7593  8169  8745  9321  9897 10473 11049 11625 12201 12777 13353
   105   129   705  1281  1857  2433  3009  3585  4161  4737  5313  5889
  6465  7041  7617  8193  8769  9345  9921 10497 11073 11649 12225 12801
 13377   129   153   729  1305  1881  2457  3033  3609  4185  4761  5337
  5913  6489  7065  7641  8217  8793  9369  9945 10521 11097 11673 12249
 12825 13401   153   177   753  1329  1905  2481  3057  3633  4209  4785
  5361  5937  6513  7089  7665  8241  8817  9393  9969 10545 11121 11697
 12273 12849 13425   177   201   777  1353  1929  2505  3081  3657  4233
  4809  5385  5961  6537  7113  7689  8265  8841  9417  9993 10569 11145
 11721 12297 12873 13449   201   225   801  1377  1953  2529  3105  3681
  4257  4833  5409  5985  6561  7137  7713  8289  8865  9441 10017 10593
 11169 11745 12321 12897 13473   225   249   825  1401  1977  2553  3129
  3705  4281  4857  5433  6009  6585  7161  7737  8313  8889  9465 10041
 10617 11193 11769 12345 12921 13497   249   273   849  1425  2001  2577
  3153  3729  4305  4881  5457  6033  6609  7185  7761  8337  8913  9489
 10065 10641 11217 11793 12369 12945 13521   273   297   873  1449  2025
  2601  3177  3753  4329  4905  5481  6057  6633  7209  7785  8361  8937
  9513 10089 10665 11241 11817 12393 12969 13545   297   321   897  1473
  2049  2625  3201  3777  4353  4929  5505  6081  6657  7233  7809  8385
  8961  9537 10113 10689 11265 11841 12417 12993 13569   321   345   921
  1497  2073  2649  3225  3801  4377  4953  5529  6105  6681  7257  7833
  8409  8985  9561 10137 10713 11289 11865 12441 13017 13593   345   369
   945  1521  2097  2673  3249  3825  4401  4977  5553  6129  6705  7281
  7857  8433  9009  9585 10161 10737 11313 11889 12465 13041 13617   369
   393   969  1545  2121  2697  3273  3849  4425  5001  5577  6153  6729
  7305  7881  8457  9033  9609 10185 10761 11337 11913 12489 13065 13641
   393   417   993  1569  2145  2721  3297  3873  4449  5025  5601  6177
  6753  7329  7905  8481  9057  9633 10209 10785 11361 11937 12513 13089
 13665   417   441  1017  1593  2169  2745  3321  3897  4473  5049  5625
  6201  6777  7353  7929  8505  9081  9657 10233 10809 11385 11961 12537
 13113 13689   441   465  1041  1617  2193  2769  3345  3921  4497  5073
  5649  6225  6801  7377  7953  8529  9105  9681 10257 10833 11409 11985
 12561 13137 13713   465   489  1065  1641  2217  2793  3369  3945  4521
  5097  5673  6249  6825  7401  7977  8553  9129  9705 10281 10857 11433
 12009 12585 13161 13737   489   513  1089  1665  2241  2817  3393  3969
  4545  5121  5697  6273  6849  7425  8001  8577  9153  9729 10305 10881
 11457 12033 12609 13185 13761   513   537  1113  1689  2265  2841  3417
  3993  4569  5145  5721  6297  6873  7449  8025  8601  9177  9753 10329
 10905 11481 12057 12633 13209 13785   537   561  1137  1713  2289  2865
  3441  4017  4593  5169  5745  6321  6897  7473  8049  8625  9201  9777
 10353 10929 11505 12081 12657 13233 13809   561     9   585  1161  1737
  2313  2889  3465  4041  4617  5193  5769  6345  6921  7497  8073  8649
  9225  9801 10377 10953 11529 12105 12681 13257     9    10   586  1162
  1738  2314  2890  3466  4042  4618  5194  5770  6346  6922  7498  8074
  8650  9226  9802 10378 10954 11530 12106 12682 13258    10    34   610
  1186  1762  2338  2914  3490  4066  4642  5218  5794  6370  6946  7522
  8098  8674  9250  9826 10402 10978 11554 12130 12706 13282    34    58
   634  1210  1786  2362  2938  3514  4090  4666  5242  5818  6394  6970
  7546  8122  8698  9274  9850 10426 11002 11578 12154 12730 13306    58
    82   658  1234  1810  2386  2962  3538  4114  4690  5266  5842  6418
  6994  7570  8146  8722  9298  9874 10450 11026 11602 12178 12754 13330
    82   106   682  1258  1834  2410  2986  3562  4138  4714  5290  5866
  6442  7018  7594  8170  8746  9322  9898 10474 11050 11626 12202 12778
 13354   106   130   706  1282  1858  2434  3010  3586  4162  4738  5314
  5890  6466  7042  7618  8194  8770  9346  9922 10498 11074 11650 12226
 12802 13378   130   154   730  1306  1882  2458  3034  3610  4186  4762
  5338  5914  6490  7066  7642  8218  8794  9370  9946 10522 11098 11674
 12250 12826 13402   154   178   754  1330  1906  2482  3058  3634  4210
  4786  5362  5938  6514  7090  7666  8242  8818  9394  9970 10546 11122
 11698 12274 12850 13426   178   202   778  1354  1930  2506  3082  3658
  4234  4810  5386  5962  6538  7114  7690  8266  8842  9418  9994 10570
 11146 11722 12298 12874 13450   202   226   802  1378  1954  2530  3106
  3682  4258  4834  5410  5986  6562  7138  7714  8290  8866  9442 10018
 10594 11170 11746 12322 12898 13474   226   250   826  1402  1978  2554
  3130  3706  4282  4858  5434  6010  6586  7162  7738  8314  8890  9466
 10042 10618 11194 11770 12346 12922 13498   250   274   850  1426  2002
  2578  3154  3730  4306  4882  5458  6034  6610  7186  7762  8338  8914
  9490 10066 10642 11218 11794 12370 12946 13522   274   298   874  1450
  2026  2602  3178  3754  4330  4906  5482  6058  6634  7210  7786  8362
  8938  9514 10090 10666 11242 11818 12394 12970 13546   298   322   898
  1474  2050  2626  3202  3778  4354  4930  5506  6082  6658  7234  7810
  8386  8962  9538 10114 10690 11266 11842 12418 12994 13570   322   346
   922  1498  2074  2650  3226  3802  4378  4954  5530  6106  6682  7258
  7834  8410  8986  9562 10138 10714 11290 11866 12442 13018 13594   346
   370   946  1522  2098  2674  3250  3826  4402  4978  5554  6130  6706
  7282  7858  8434  9010  9586 10162 10738 11314 11890 12466 13042 13618
   370   394   970  1546  2122  2698  3274  3850  4426  5002  5578  6154
  6730  7306  7882  8458  9034  9610 10186 10762 11338 11914 12490 13066
 13642   394   418   994  1570  2146  2722  3298  3874  4450  5026  5602
  6178  6754  7330  7906  8482  9058  9634 10210 10786 11362 11938 12514
 13090 13666   418   442  1018  1594  2170  2746  3322  3898  4474  5050
  5626  6202  6778  7354  7930  8506  9082  9658 10234 10810 11386 11962
 12538 13114 13690   442   466  1042  1618  2194  2770  3346  3922  4498
  5074  5650  6226  6802  7378  7954  8530  9106  9682 10258 10834 11410
 11986 12562 13138 13714   466   490  1066  1642  2218  2794  3370  3946
  4522  5098  5674  6250  6826  7402  7978  8554  9130  9706 10282 10858
 11434 12010 12586 13162 13738   490   514  1090  1666  2242  2818  3394
  3970  4546  5122  5698  6274  6850  7426  8002  8578  9154  9730 10306
 10882 11458 12034 12610 13186 13762   514   538  1114  1690  2266  2842
  3418  3994  4570  5146  5722  6298  6874  7450  8026  8602  9178  9754
 10330 10906 11482 12058 12634 13210 13786   538   562  1138  1714  2290
  2866  3442  4018  4594  5170  5746  6322  6898  7474  8050  8626  9202
  9778 10354 10930 11506 12082 12658 13234 13810   562    10   586  1162
  1738  2314  2890  3466  4042  4618  5194  5770  6346  6922  7498  8074
  8650  9226  9802 10378 10954 11530 12106 12682 13258    10    11   587
  1163  1739  2315  2891  3467  4043  4619  5195  5771  6347  6923  7499
  8075  8651  9227  9803 10379 10955 11531 12107 12683 13259    11    35
   611  1187  1763  2339  2915  3491  4067  4643  5219  5795  6371  6947
  7523  8099  8675  9251  9827 10403 10979 11555 12131 12707 13283    35
    59   635  1211  1787  2363  2939  3515  4091  4667  5243  5819  6395
  6971  7547  8123  8699  9275  9851 10427 11003 11579 12155 12731 13307
    59    83   659  1235  1811  2387  2963  3539  4115  4691  5267  5843
  6419  6995  7571  8147  8723  9299  9875 10451 11027 11603 12179 12755
 13331    83   107   683  1259  1835  2411  2987  3563  4139  4715  5291
  5867  6443  7019  7595  8171  8747  9323  9899 10475 11051 11627 12203
 12779 13355   107   131   707  1283  1859  2435  3011  3587  4163  4739
  5315  5891  6467  7043  7619  8195  8771  9347  9923 10499 11075 11651
 12227 12803 13379   131   155   731  1307  1883  2459  3035  3611  4187
  4763  5339  5915  6491  7067  7643  8219  8795  9371  9947 10523 11099
 11675 12251 12827 13403   155   179   755  1331  1907  2483  3059  3635
  4211  4787  5363  5939  6515  7091  7667  8243  8819  9395  9971 10547
 11123 11699 12275 12851 13427   179   203   779  1355  1931  2507  3083
  3659  4235  4811  5387  5963  6539  7115  7691  8267  8843  9419  9995
 10571 11147 11723 12299 12875 13451   203   227   803  1379  1955  2531
  3107  3683  4259  4835  5411  5987  6563  7139  7715  8291  8867  9443
 10019 10595 11171 11747 12323 12899 13475   227   251   827  1403  1979
  2555  3131  3707  4283  4859  5435  6011  6587  7163  7739  8315  8891
  9467 10043 10619 11195 11771 12347 12923 13499   251   275   851  1427
  2003  2579  3155  3731  4307  4883  5459  6035  6611  7187  7763  8339
  8915  9491 10067 10643 11219 11795 12371 12947 13523   275   299   875
  1451  2027  2603  3179  3755  4331  4907  5483  6059  6635  7211  7787
  8363  8939  9515 10091 10667 11243 11819 12395 12971 13547   299   323
   899  1475  2051  2627  3203  3779  4355  4931  5507  6083  6659  7235
  7811  8387  8963  9539 10115 10691 11267 11843 12419 12995 13571   323
   347   923  1499  2075  2651  3227  3803  4379  4955  5531  6107  6683
  7259  7835  8411  8987  9563 10139 10715 11291 11867 12443 13019 13595
   347   371   947  1523  2099  2675  3251  3827  4403  4979  5555  6131
  6707  7283  7859  8435  9011  9587 10163 10739 11315 11891 12467 13043
 13619   371   395   971  1547  2123  2699  3275  3851  4427  5003  5579
  6155  6731  7307  7883  8459  9035  9611 10187 10763 11339 11915 12491
 13067 13643   395   419   995  1571  2147  2723  3299  3875  4451  5027
  5603  6179  6755  7331  7907  8483  9059  9635 10211 10787 11363 11939
 12515 13091 13667   419   443  1019  1595  2171  2747  3323  3899  4475
  5051  5627  6203  6779  7355  7931  8507  9083  9659 10235 10811 11387
 11963 12539 13115 13691   443   467  1043  1619  2195  2771  3347  3923
  4499  5075  5651  6227  6803  7379  7955  8531  9107  9683 10259 10835
 11411 11987 12563 13139 13715   467   491  1067  1643  2219  2795  3371
  3947  4523  5099  5675  6251  6827  7403  7979  8555  9131  9707 10283
 10859 11435 12011 12587 13163 13739   491   515  1091  1667  2243  2819
  3395  3971  4547  5123  5699  6275  6851  7427  8003  8579  9155  9731
 10307 10883 11459 12035 12611 13187 13763   515   539  1115  1691  2267
  2843  3419  3995  4571  5147  5723  6299  6875  7451  8027  8603  9179
  9755 10331 10907 11483 12059 12635 13211 13787   539   563  1139  1715
  2291  2867  3443  4019  4595  5171  5747  6323  6899  7475  8051  8627
  9203  9779 10355 10931 11507 12083 12659 13235 13811   563    11   587
  1163  1739  2315  2891  3467  4043  4619  5195  5771  6347  6923  7499
  8075  8651  9227  9803 10379 10955 11531 12107 12683 13259    11    12
   588  1164  1740  2316  2892  3468  4044  4620  5196  5772  6348  6924
  7500  8076  8652  9228  9804 10380 10956 11532 12108 12684 13260    12
    36   612  1188  1764  2340  2916  3492  4068  4644  5220  5796  6372
  6948  7524  8100  8676  9252  9828 10404 10980 11556 12132 12708 13284
    36    60   636  1212  1788  2364  2940  3516  4092  4668  5244  5820
  6396  6972  7548  8124  8700  9276  9852 10428 11004 11580 12156 12732
 13308    60    84   660  1236  1812  2388  2964  3540  4116  4692  5268
  5844  6420  6996  7572  8148  8724  9300  9876 10452 11028 11604 12180
 12756 13332    84   108   684  1260  1836  2412  2988  3564  4140  4716
  5292  5868  6444  7020  7596  8172  8748  9324  9900 10476 11052 11628
 12204 12780 13356   108   132   708  1284  1860  2436  3012  3588  4164
  4740  5316  5892  6468  7044  7620  8196  8772  9348  9924 10500 11076
 11652 12228 12804 13380   132   156   732  1308  1884  2460  3036  3612
  4188  4764  5340  5916  6492  7068  7644  8220  8796  9372  9948 10524
 11100 11676 12252 12828 13404   156   180   756  1332  1908  2484  3060
  3636  4212  4788  5364  5940  6516  7092  7668  8244  8820  9396  9972
 10548 11124 11700 12276 12852 13428   180   204   780  1356  1932  2508
  3084  3660  4236  4812  5388  5964  6540  7116  7692  8268  8844  9420
  9996 10572 11148 11724 12300 12876 13452   204   228   804  1380  1956
  2532  3108  3684  4260  4836  5412  5988  6564  7140  7716  8292  8868
  9444 10020 10596 11172 11748 12324 12900 13476   228   252   828  1404
  1980  2556  3132  3708  4284  4860  5436  6012  6588  7164  7740  8316
  8892  9468 10044 10620 11196 11772 12348 12924 13500   252   276   852
  1428  2004  2580  3156  3732  4308  4884  5460  6036  6612  7188  7764
  8340  8916  9492 10068 10644 11220 11796 12372 12948 13524   276   300
   876  1452  2028  2604  3180  3756  4332  4908  5484  6060  6636  7212
  7788  8364  8940  9516 10092 10668 11244 11820 12396 12972 13548   300
   324   900  1476  2052  2628  3204  3780  4356  4932  5508  6084  6660
  7236  7812  8388  8964  9540 10116 10692 11268 11844 12420 12996 13572
   324   348   924  1500  2076  2652  3228  3804  4380  4956  5532  6108
  6684  7260  7836  8412  8988  9564 10140 10716 11292 11868 12444 13020
 13596   348   372   948  1524  2100  2676  3252  3828  4404  4980  5556
  6132  6708  7284  7860  8436  9012  9588 10164 10740 11316 11892 12468
 13044 13620   372   396   972  1548  2124  2700  3276  3852  4428  5004
  5580  6156  6732  7308  7884  8460  9036  9612 10188 10764 11340 11916
 12492 13068 13644   396   420   996  1572  2148  2724  3300  3876  4452
  5028  5604  6180  6756  7332  7908  8484  9060  9636 10212 10788 11364
 11940 12516 13092 13668   420   444  1020  1596  2172  2748  3324  3900
  4476  5052  5628  6204  6780  7356  7932  8508  9084  9660 10236 10812
 11388 11964 12540 13116 13692   444   468  1044  1620  2196  2772  3348
  3924  4500  5076  5652  6228  6804  7380  7956  8532  9108  9684 10260
 10836 11412 11988 12564 13140 13716   468   492  1068  1644  2220  2796
  3372  3948  4524  5100  5676  6252  6828  7404  7980  8556  9132  9708
 10284 10860 11436 12012 12588 13164 13740   492   516  1092  1668  2244
  2820  3396  3972  4548  5124  5700  6276  6852  7428  8004  8580  9156
  9732 10308 10884 11460 12036 12612 13188 13764   516   540  1116  1692
  2268  2844  3420  3996  4572  5148  5724  6300  6876  7452  8028  8604
  9180  9756 10332 10908 11484 12060 12636 13212 13788   540   564  1140
  1716  2292  2868  3444  4020  4596  5172  5748  6324  6900  7476  8052
  8628  9204  9780 10356 10932 11508 12084 12660 13236 13812   564    12
   588  1164  1740  2316  2892  3468  4044  4620  5196  5772  6348  6924
  7500  8076  8652  9228  9804 10380 10956 11532 12108 12684 13260    12
    13   589  1165  1741  2317  2893  3469  4045  4621  5197  5773  6349
  6925  7501  8077  8653  9229  9805 10381 10957 11533 12109 12685 13261
    13    37   613  1189  1765  2341  2917  3493  4069  4645  5221  5797
  6373  6949  7525  8101  8677  9253  9829 10405 10981 11557 12133 12709
 13285    37    61   637  1213  1789  2365  2941  3517  4093  4669  5245
  5821  6397  6973  7549  8125  8701  9277  9853 10429 11005 11581 12157
 12733 13309    61    85   661  1237  1813  2389  2965  3541  4117  4693
  5269  5845  6421  6997  7573  8149  8725  9301  9877 10453 11029 11605
 12181 12757 13333    85   109   685  1261  1837  2413  2989  3565  4141
  4717  5293  5869  6445  7021  7597  8173  8749  9325  9901 10477 11053
 11629 12205 12781 13357   109   133   709  1285  1861  2437  3013  3589
  4165  4741  5317  5893  6469  7045  7621  8197  8773  9349  9925 10501
 11077 11653 12229 12805 13381   133   157   733  1309  1885  2461  3037
  3613  4189  4765  5341  5917  6493  7069  7645  8221  8797  9373  9949
 10525 11101 11677 12253 12829 13405   157   181   757  1333  1909  2485
  3061  3637  4213  4789  5365  5941  6517  7093  7669  8245  8821  9397
  9973 10549 11125 11701 12277 12853 13429   181   205   781  1357  1933
  2509  3085  3661  4237  4813  5389  5965  6541  7117  7693  8269  8845
  9421  9997 10573 11149 11725 12301 12877 13453   205   229   805  1381
  1957  2533  3109  3685  4261  4837  5413  5989  6565  7141  7717  8293
  8869  9445 10021 10597 11173 11749 12325 12901 13477   229   253   829
  1405  1981  2557  3133  3709  4285  4861  5437  6013  6589  7165  7741
  8317  8893  9469 10045 10621 11197 11773 12349 12925 13501   253   277
   853  1429  2005  2581  3157  3733  4309  4885  5461  6037  6613  7189
  7765  8341  8917  9493 10069 10645 11221 11797 12373 12949 13525   277
   301   877  1453  2029  2605  3181  3757  4333  4909  5485  6061  6637
  7213  7789  8365  8941  9517 10093 10669 11245 11821 12397 12973 13549
   301   325   901  1477  2053  2629  3205  3781  4357  4933  5509  6085
  6661  7237  7813  8389  8965  9541 10117 10693 11269 11845 12421 12997
 13573   325   349   925  1501  2077  2653  3229  3805  4381  4957  5533
  6109  6685  7261  7837  8413  8989  9565 10141 10717 11293 11869 12445
 13021 13597   349   373   949  1525  2101  2677  3253  3829  4405  4981
  5557  6133  6709  7285  7861  8437  9013  9589 10165 10741 11317 11893
 12469 13045 13621   373   397   973  1549  2125  2701  3277  3853  4429
  5005  5581  6157  6733  7309  7885  8461  9037  9613 10189 10765 11341
 11917 12493 13069 13645   397   421   997  1573  2149  2725  3301  3877
  4453  5029  5605  6181  6757  7333  7909  8485  9061  9637 10213 10789
 11365 11941 12517 13093 13669   421   445  1021  1597  2173  2749  3325
  3901  4477  5053  5629  6205  6781  7357  7933  8509  9085  9661 10237
 10813 11389 11965 12541 13117 13693   445   469  1045  1621  2197  2773
  3349  3925  4501  5077  5653  6229  6805  7381  7957  8533  9109  9685
 10261 10837 11413 11989 12565 13141 13717   469   493  1069  1645  2221
  2797  3373  3949  4525  5101  5677  6253  6829  7405  7981  8557  9133
  9709 10285 10861 11437 12013 12589 13165 13741   493   517  1093  1669
  2245  2821  3397  3973  4549  5125  5701  6277  6853  7429  8005  8581
  9157  9733 10309 10885 11461 12037 12613 13189 13765   517   541  1117
  1693  2269  2845  3421  3997  4573  5149  5725  6301  6877  7453  8029
  8605  9181  9757 10333 10909 11485 12061 12637 13213 13789   541   565
  1141  1717  2293  2869  3445  4021  4597  5173  5749  6325  6901  7477
  8053  8629  9205  9781 10357 10933 11509 12085 12661 13237 13813   565
    13   589  1165  1741  2317  2893  3469  4045  4621  5197  5773  6349
  6925  7501  8077  8653  9229  9805 10381 10957 11533 12109 12685 13261
    13    14   590  1166  1742  2318  2894  3470  4046  4622  5198  5774
  6350  6926  7502  8078  8654  9230  9806 10382 10958 11534 12110 12686
 13262    14    38   614  1190  1766  2342  2918  3494  4070  4646  5222
  5798  6374  6950  7526  8102  8678  9254  9830 10406 10982 11558 12134
 12710 13286    38    62   638  1214  1790  2366  2942  3518  4094  4670
  5246  5822  6398  6974  7550  8126  8702  9278  9854 10430 11006 11582
 12158 12734 13310    62    86   662  1238  1814  2390  2966  3542  4118
  4694  5270  5846  6422  6998  7574  8150  8726  9302  9878 10454 11030
 11606 12182 12758 13334    86   110   686  1262  1838  2414  2990  3566
  4142  4718  5294  5870  6446  7022  7598  8174  8750  9326  9902 10478
 11054 11630 12206 12782 13358   110   134   710  1286  1862  2438  3014
  3590  4166  4742  5318  5894  6470  7046  7622  8198  8774  9350  9926
 10502 11078 11654 12230 12806 13382   134   158   734  1310  1886  2462
  3038  3614  4190  4766  5342  5918  6494  7070  7646  8222  8798  9374
  9950 10526 11102 11678 12254 12830 13406   158   182   758  1334  1910
  2486  3062  3638  4214  4790  5366  5942  6518  7094  7670  8246  8822
  9398  9974 10550 11126 11702 12278 12854 13430   182   206   782  1358
  1934  2510  3086  3662  4238  4814  5390  5966  6542  7118  7694  8270
  8846  9422  9998 10574 11150 11726 12302 12878 13454   206   230   806
  1382  1958  2534  3110  3686  4262  4838  5414  5990  6566  7142  7718
  8294  8870  9446 10022 10598 11174 11750 12326 12902 13478   230   254
   830  1406  1982  2558  3134  3710  4286  4862  5438  6014  6590  7166
  7742  8318  8894  9470 10046 10622 11198 11774 12350 12926 13502   254
   278   854  1430  2006  2582  3158  3734  4310  4886  5462  6038  6614
  7190  7766  8342  8918  9494 10070 10646 11222 11798 12374 12950 13526
   278   302   878  1454  2030  2606  3182  3758  4334  4910  5486  6062
  6638  7214  7790  8366  8942  9518 10094 10670 11246 11822 12398 12974
 13550   302   326   902  1478  2054  2630  3206  3782  4358  4934  5510
  6086  6662  7238  7814  8390  8966  9542 10118 10694 11270 11846 12422
 12998 13574   326   350   926  1502  2078  2654  3230  3806  4382  4958
  5534  6110  6686  7262  7838  8414  8990  9566 10142 10718 11294 11870
 12446 13022 13598   350   374   950  1526  2102  2678  3254  3830  4406
  4982  5558  6134  6710  7286  7862  8438  9014  9590 10166 10742 11318
 11894 12470 13046 13622   374   398   974  1550  2126  2702  3278  3854
  4430  5006  5582  6158  6734  7310  7886  8462  9038  9614 10190 10766
 11342 11918 12494 13070 13646   398   422   998  1574  2150  2726  3302
  3878  4454  5030  5606  6182  6758  7334  7910  8486  9062  9638 10214
 10790 11366 11942 12518 13094 13670   422   446  1022  1598  2174  2750
  3326  3902  4478  5054  5630  6206  6782  7358  7934  8510  9086  9662
 10238 10814 11390 11966 12542 13118 13694   446   470  1046  1622  2198
  2774  3350  3926  4502  5078  5654  6230  6806  7382  7958  8534  9110
  9686 10262 10838 11414 11990 12566 13142 13718   470   494  1070  1646
  2222  2798  3374  3950  4526  5102  5678  6254  6830  7406  7982  8558
  9134  9710 10286 10862 11438 12014 12590 13166 13742   494   518  1094
  1670  2246  2822  3398  3974  4550  5126  5702  6278  6854  7430  8006
  8582  9158  9734 10310 10886 11462 12038 12614 13190 13766   518   542
  1118  1694  2270  2846  3422  3998  4574  5150  5726  6302  6878  7454
  8030  8606  9182  9758 10334 10910 11486 12062 12638 13214 13790   542
   566  1142  1718  2294  2870  3446  4022  4598  5174  5750  6326  6902
  7478  8054  8630  9206  9782 10358 10934 11510 12086 12662 13238 13814
   566    14   590  1166  1742  2318  2894  3470  4046  4622  5198  5774
  6350  6926  7502  8078  8654  9230  9806 10382 10958 11534 12110 12686
 13262    14    15   591  1167  1743  2319  2895  3471  4047  4623  5199
  5775  6351  6927  7503  8079  8655  9231  9807 10383 10959 11535 12111
 12687 13263    15    39   615  1191  1767  2343  2919  3495  4071  4647
  5223  5799  6375  6951  7527  8103  8679  9255  9831 10407 10983 11559
 12135 12711 13287    39    63   639  1215  1791  2367  2943  3519  4095
  4671  5247  5823  6399  6975  7551  8127  8703  9279  9855 10431 11007
 11583 12159 12735 13311    63    87   663  1239  1815  2391  2967  3543
  4119  4695  5271  5847  6423  6999  7575  8151  8727  9303  9879 10455
 11031 11607 12183 12759 13335    87   111   687  1263  1839  2415  2991
  3567  4143  4719  5295  5871  6447  7023  7599  8175  8751  9327  9903
 10479 11055 11631 12207 12783 13359   111   135   711  1287  1863  2439
  3015  3591  4167  4743  5319  5895  6471  7047  7623  8199  8775  9351
  9927 10503 11079 11655 12231 12807 13383   135   159   735  1311  1887
  2463  3039  3615  4191  4767  5343  5919  6495  7071  7647  8223  8799
  9375  9951 10527 11103 11679 12255 12831 13407   159   183   759  1335
  1911  2487  3063  3639  4215  4791  5367  5943  6519  7095  7671  8247
  8823  9399  9975 10551 11127 11703 12279 12855 13431   183   207   783
  1359  1935  2511  3087  3663  4239  4815  5391  5967  6543  7119  7695
  8271  8847  9423  9999 10575 11151 11727 12303 12879 13455   207   231
   807  1383  1959  2535  3111  3687  4263  4839  5415  5991  6567  7143
  7719  8295  8871  9447 10023 10599 11175 11751 12327 12903 13479   231
   255   831  1407  1983  2559  3135  3711  4287  4863  5439  6015  6591
  7167  7743  8319  8895  9471 10047 10623 11199 11775 12351 12927 13503
   255   279   855  1431  2007  2583  3159  3735  4311  4887  5463  6039
  6615  7191  7767  8343  8919  9495 10071 10647 11223 11799 12375 12951
 13527   279   303   879  1455  2031  2607  3183  3759  4335  4911  5487
  6063  6639  7215  7791  8367  8943  9519 10095 10671 11247 11823 12399
 12975 13551   303   327   903  1479  2055  2631  3207  3783  4359  4935
  5511  6087  6663  7239  7815  8391  8967  9543 10119 10695 11271 11847
 12423 12999 13575   327   351   927  1503  2079  2655  3231  3807  4383
  4959  5535  6111  6687  7263  7839  8415  8991  9567 10143 10719 11295
 11871 12447 13023 13599   351   375   951  1527  2103  2679  3255  3831
  4407  4983  5559  6135  6711  7287  7863  8439  9015  9591 10167 10743
 11319 11895 12471 13047 13623   375   399   975  1551  2127  2703  3279
  3855  4431  5007  5583  6159  6735  7311  7887  8463  9039  9615 10191
 10767 11343 11919 12495 13071 13647   399   423   999  1575  2151  2727
  3303  3879  4455  5031  5607  6183  6759  7335  7911  8487  9063  9639
 10215 10791 11367 11943 12519 13095 13671   423   447  1023  1599  2175
  2751  3327  3903  4479  5055  5631  6207  6783  7359  7935  8511  9087
  9663 10239 10815 11391 11967 12543 13119 13695   447   471  1047  1623
  2199  2775  3351  3927  4503  5079  5655  6231  6807  7383  7959  8535
  9111  9687 10263 10839 11415 11991 12567 13143 13719   471   495  1071
  1647  2223  2799  3375  3951  4527  5103  5679  6255  6831  7407  7983
  8559  9135  9711 10287 10863 11439 12015 12591 13167 13743   495   519
  1095  1671  2247  2823  3399  3975  4551  5127  5703  6279  6855  7431
  8007  8583  9159  9735 10311 10887 11463 12039 12615 13191 13767   519
   543  1119  1695  2271  2847  3423  3999  4575  5151  5727  6303  6879
  7455  8031  8607  9183  9759 10335 10911 11487 12063 12639 13215 13791
   543   567  1143  1719  2295  2871  3447  4023  4599  5175  5751  6327
  6903  7479  8055  8631  9207  9783 10359 10935 11511 12087 12663 13239
 13815   567    15   591  1167  1743  2319  2895  3471  4047  4623  5199
  5775  6351  6927  7503  8079  8655  9231  9807 10383 10959 11535 12111
 12687 13263    15    16   592  1168  1744  2320  2896  3472  4048  4624
  5200  5776  6352  6928  7504  8080  8656  9232  9808 10384 10960 11536
 12112 12688 13264    16    40   616  1192  1768  2344  2920  3496  4072
  4648  5224  5800  6376  6952  7528  8104  8680  9256  9832 10408 10984
 11560 12136 12712 13288    40    64   640  1216  1792  2368  2944  3520
  4096  4672  5248  5824  6400  6976  7552  8128  8704  9280  9856 10432
 11008 11584 12160 12736 13312    64    88   664  1240  1816  2392  2968
  3544  4120  4696  5272  5848  6424  7000  7576  8152  8728  9304  9880
 10456 11032 11608 12184 12760 13336    88   112   688  1264  1840  2416
  2992  3568  4144  4720  5296  5872  6448  7024  7600  8176  8752  9328
  9904 10480 11056 11632 12208 12784 13360   112   136   712  1288  1864
  2440  3016  3592  4168  4744  5320  5896  6472  7048  7624  8200  8776
  9352  9928 10504 11080 11656 12232 12808 13384   136   160   736  1312
  1888  2464  3040  3616  4192  4768  5344  5920  6496  7072  7648  8224
  8800  9376  9952 10528 11104 11680 12256 12832 13408   160   184   760
  1336  1912  2488  3064  3640  4216  4792  5368  5944  6520  7096  7672
  8248  8824  9400  9976 10552 11128 11704 12280 12856 13432   184   208
   784  1360  1936  2512  3088  3664  4240  4816  5392  5968  6544  7120
  7696  8272  8848  9424 10000 10576 11152 11728 12304 12880 13456   208
   232   808  1384  1960  2536  3112  3688  4264  4840  5416  5992  6568
  7144  7720  8296  8872  9448 10024 10600 11176 11752 12328 12904 13480
   232   256   832  1408  1984  2560  3136  3712  4288  4864  5440  6016
  6592  7168  7744  8320  8896  9472 10048 10624 11200 11776 12352 12928
 13504   256   280   856  1432  2008  2584  3160  3736  4312  4888  5464
  6040  6616  7192  7768  8344  8920  9496 10072 10648 11224 11800 12376
 12952 13528   280   304   880  1456  2032  2608  3184  3760  4336  4912
  5488  6064  6640  7216  7792  8368  8944  9520 10096 10672 11248 11824
 12400 12976 13552   304   328   904  1480  2056  2632  3208  3784  4360
  4936  5512  6088  6664  7240  7816  8392  8968  9544 10120 10696 11272
 11848 12424 13000 13576   328   352   928  1504  2080  2656  3232  3808
  4384  4960  5536  6112  6688  7264  7840  8416  8992  9568 10144 10720
 11296 11872 12448 13024 13600   352   376   952  1528  2104  2680  3256
  3832  4408  4984  5560  6136  6712  7288  7864  8440  9016  9592 10168
 10744 11320 11896 12472 13048 13624   376   400   976  1552  2128  2704
  3280  3856  4432  5008  5584  6160  6736  7312  7888  8464  9040  9616
 10192 10768 11344 11920 12496 13072 13648   400   424  1000  1576  2152
  2728  3304  3880  4456  5032  5608  6184  6760  7336  7912  8488  9064
  9640 10216 10792 11368 11944 12520 13096 13672   424   448  1024  1600
  2176  2752  3328  3904  4480  5056  5632  6208  6784  7360  7936  8512
  9088  9664 10240 10816 11392 11968 12544 13120 13696   448   472  1048
  1624  2200  2776  3352  3928  4504  5080  5656  6232  6808  7384  7960
  8536  9112  9688 10264 10840 11416 11992 12568 13144 13720   472   496
  1072  1648  2224  2800  3376  3952  4528  5104  5680  6256  6832  7408
  7984  8560  9136  9712 10288 10864 11440 12016 12592 13168 13744   496
   520  1096  1672  2248  2824  3400  3976  4552  5128  5704  6280  6856
  7432  8008  8584  9160  9736 10312 10888 11464 12040 12616 13192 13768
   520   544  1120  1696  2272  2848  3424  4000  4576  5152  5728  6304
  6880  7456  8032  8608  9184  9760 10336 10912 11488 12064 12640 13216
 13792   544   568  1144  1720  2296  2872  3448  4024  4600  5176  5752
  6328  6904  7480  8056  8632  9208  9784 10360 10936 11512 12088 12664
 13240 13816   568    16   592  1168  1744  2320  2896  3472  4048  4624
  5200  5776  6352  6928  7504  8080  8656  9232  9808 10384 10960 11536
 12112 12688 13264    16    17   593  1169  1745  2321  2897  3473  4049
  4625  5201  5777  6353  6929  7505  8081  8657  9233  9809 10385 10961
 11537 12113 12689 13265    17    41   617  1193  1769  2345  2921  3497
  4073  4649  5225  5801  6377  6953  7529  8105  8681  9257  9833 10409
 10985 11561 12137 12713 13289    41    65   641  1217  1793  2369  2945
  3521  4097  4673  5249  5825  6401  6977  7553  8129  8705  9281  9857
 10433 11009 11585 12161 12737 13313    65    89   665  1241  1817  2393
  2969  3545  4121  4697  5273  5849  6425  7001  7577  8153  8729  9305
  9881 10457 11033 11609 12185 12761 13337    89   113   689  1265  1841
  2417  2993  3569  4145  4721  5297  5873  6449  7025  7601  8177  8753
  9329  9905 10481 11057 11633 12209 12785 13361   113   137   713  1289
  1865  2441  3017  3593  4169  4745  5321  5897  6473  7049  7625  8201
  8777  9353  9929 10505 11081 11657 12233 12809 13385   137   161   737
  1313  1889  2465  3041  3617  4193  4769  5345  5921  6497  7073  7649
  8225  8801  9377  9953 10529 11105 11681 12257 12833 13409   161   185
   761  1337  1913  2489  3065  3641  4217  4793  5369  5945  6521  7097
  7673  8249  8825  9401  9977 10553 11129 11705 12281 12857 13433   185
   209   785  1361  1937  2513  3089  3665  4241  4817  5393  5969  6545
  7121  7697  8273  8849  9425 10001 10577 11153 11729 12305 12881 13457
   209   233   809  1385  1961  2537  3113  3689  4265  4841  5417  5993
  6569  7145  7721  8297  8873  9449 10025 10601 11177 11753 12329 12905
 13481   233   257   833  1409  1985  2561  3137  3713  4289  4865  5441
  6017  6593  7169  7745  8321  8897  9473 10049 10625 11201 11777 12353
 12929 13505   257   281   857  1433  2009  2585  3161  3737  4313  4889
  5465  6041  6617  7193  7769  8345  8921  9497 10073 10649 11225 11801
 12377 12953 13529   281   305   881  1457  2033  2609  3185  3761  4337
  4913  5489  6065  6641  7217  7793  8369  8945  9521 10097 10673 11249
 11825 12401 12977 13553   305   329   905  1481  2057  2633  3209  3785
  4361  4937  5513  6089  6665  7241  7817  8393  8969  9545 10121 10697
 11273 11849 12425 13001 13577   329   353   929  1505  2081  2657  3233
  3809  4385  4961  5537  6113  6689  7265  7841  8417  8993  9569 10145
 10721 11297 11873 12449 13025 13601   353   377   953  1529  2105  2681
  3257  3833  4409  4985  5561  6137  6713  7289  7865  8441  9017  9593
 10169 10745 11321 11897 12473 13049 13625   377   401   977  1553  2129
  2705  3281  3857  4433  5009  5585  6161  6737  7313  7889  8465  9041
  9617 10193 10769 11345 11921 12497 13073 13649   401   425  1001  1577
  2153  2729  3305  3881  4457  5033  5609  6185  6761  7337  7913  8489
  9065  9641 10217 10793 11369 11945 12521 13097 13673   425   449  1025
  1601  2177  2753  3329  3905  4481  5057  5633  6209  6785  7361  7937
  8513  9089  9665 10241 10817 11393 11969 12545 13121 13697   449   473
  1049  1625  2201  2777  3353  3929  4505  5081  5657  6233  6809  7385
  7961  8537  9113  9689 10265 10841 11417 11993 12569 13145 13721   473
   497  1073  1649  2225  2801  3377  3953  4529  5105  5681  6257  6833
  7409  7985  8561  9137  9713 10289 10865 11441 12017 12593 13169 13745
   497   521  1097  1673  2249  2825  3401  3977  4553  5129  5705  6281
  6857  7433  8009  8585  9161  9737 10313 10889 11465 12041 12617 13193
 13769   521   545  1121  1697  2273  2849  3425  4001  4577  5153  5729
  6305  6881  7457  8033  8609  9185  9761 10337 10913 11489 12065 12641
 13217 13793   545   569  1145  1721  2297  2873  3449  4025  4601  5177
  5753  6329  6905  7481  8057  8633  9209  9785 10361 10937 11513 12089
 12665 13241 13817   569    17   593  1169  1745  2321  2897  3473  4049
  4625  5201  5777  6353  6929  7505  8081  8657  9233  9809 10385 10961
 11537 12113 12689 13265    17    18   594  1170  1746  2322  2898  3474
  4050  4626  5202  5778  6354  6930  7506  8082  8658  9234  9810 10386
 10962 11538 12114 12690 13266    18    42   618  1194  1770  2346  2922
  3498  4074  4650  5226  5802  6378  6954  7530  8106  8682  9258  9834
 10410 10986 11562 12138 12714 13290    42    66   642  1218  1794  2370
  2946  3522  4098  4674  5250  5826  6402  6978  7554  8130  8706  9282
  9858 10434 11010 11586 12162 12738 13314    66    90   666  1242  1818
  2394  2970  3546  4122  4698  5274  5850  6426  7002  7578  8154  8730
  9306  9882 10458 11034 11610 12186 12762 13338    90   114   690  1266
  1842  2418  2994  3570  4146  4722  5298  5874  6450  7026  7602  8178
  8754  9330  9906 10482 11058 11634 12210 12786 13362   114   138   714
  1290  1866  2442  3018  3594  4170  4746  5322  5898  6474  7050  7626
  8202  8778  9354  9930 10506 11082 11658 12234 12810 13386   138   162
   738  1314  1890  2466  3042  3618  4194  4770  5346  5922  6498  7074
  7650  8226  8802  9378  9954 10530 11106 11682 12258 12834 13410   162
   186   762  1338  1914  2490  3066  3642  4218  4794  5370  5946  6522
  7098  7674  8250  8826  9402  9978 10554 11130 11706 12282 12858 13434
   186   210   786  1362  1938  2514  3090  3666  4242  4818  5394  5970
  6546  7122  7698  8274  8850  9426 10002 10578 11154 11730 12306 12882
 13458   210   234   810  1386  1962  2538  3114  3690  4266  4842  5418
  5994  6570  7146  7722  8298  8874  9450 10026 10602 11178 11754 12330
 12906 13482   234   258   834  1410  1986  2562  3138  3714  4290  4866
  5442  6018  6594  7170  7746  8322  8898  9474 10050 10626 11202 11778
 12354 12930 13506   258   282   858  1434  2010  2586  3162  3738  4314
  4890  5466  6042  6618  7194  7770  8346  8922  9498 10074 10650 11226
 11802 12378 12954 13530   282   306   882  1458  2034  2610  3186  3762
  4338  4914  5490  6066  6642  7218  7794  8370  8946  9522 10098 10674
 11250 11826 12402 12978 13554   306   330   906  1482  2058  2634  3210
  3786  4362  4938  5514  6090  6666  7242  7818  8394  8970  9546 10122
 10698 11274 11850 12426 13002 13578   330   354   930  1506  2082  2658
  3234  3810  4386  4962  5538  6114  6690  7266  7842  8418  8994  9570
 10146 10722 11298 11874 12450 13026 13602   354   378   954  1530  2106
  2682  3258  3834  4410  4986  5562  6138  6714  7290  7866  8442  9018
  9594 10170 10746 11322 11898 12474 13050 13626   378   402   978  1554
  2130  2706  3282  3858  4434  5010  5586  6162  6738  7314  7890  8466
  9042  9618 10194 10770 11346 11922 12498 13074 13650   402   426  1002
  1578  2154  2730  3306  3882  4458  5034  5610  6186  6762  7338  7914
  8490  9066  9642 10218 10794 11370 11946 12522 13098 13674   426   450
  1026  1602  2178  2754  3330  3906  4482  5058  5634  6210  6786  7362
  7938  8514  9090  9666 10242 10818 11394 11970 12546 13122 13698   450
   474  1050  1626  2202  2778  3354  3930  4506  5082  5658  6234  6810
  7386  7962  8538  9114  9690 10266 10842 11418 11994 12570 13146 13722
   474   498  1074  1650  2226  2802  3378  3954  4530  5106  5682  6258
  6834  7410  7986  8562  9138  9714 10290 10866 11442 12018 12594 13170
 13746   498   522  1098  1674  2250  2826  3402  3978  4554  5130  5706
  6282  6858  7434  8010  8586  9162  9738 10314 10890 11466 12042 12618
 13194 13770   522   546  1122  1698  2274  2850  3426  4002  4578  5154
  5730  6306  6882  7458  8034  8610  9186  9762 10338 10914 11490 12066
 12642 13218 13794   546   570  1146  1722  2298  2874  3450  4026  4602
  5178  5754  6330  6906  7482  8058  8634  9210  9786 10362 10938 11514
 12090 12666 13242 13818   570    18   594  1170  1746  2322  2898  3474
  4050  4626  5202  5778  6354  6930  7506  8082  8658  9234  9810 10386
 10962 11538 12114 12690 13266    18    19   595  1171  1747  2323  2899
  3475  4051  4627  5203  5779  6355  6931  7507  8083  8659  9235  9811
 10387 10963 11539 12115 12691 13267    19    43   619  1195  1771  2347
  2923  3499  4075  4651  5227  5803  6379  6955  7531  8107  8683  9259
  9835 10411 10987 11563 12139 12715 13291    43    67   643  1219  1795
  2371  2947  3523  4099  4675  5251  5827  6403  6979  7555  8131  8707
  9283  9859 10435 11011 11587 12163 12739 13315    67    91   667  1243
  1819  2395  2971  3547  4123  4699  5275  5851  6427  7003  7579  8155
  8731  9307  9883 10459 11035 11611 12187 12763 13339    91   115   691
  1267  1843  2419  2995  3571  4147  4723  5299  5875  6451  7027  7603
  8179  8755  9331  9907 10483 11059 11635 12211 12787 13363   115   139
   715  1291  1867  2443  3019  3595  4171  4747  5323  5899  6475  7051
  7627  8203  8779  9355  9931 10507 11083 11659 12235 12811 13387   139
   163   739  1315  1891  2467  3043  3619  4195  4771  5347  5923  6499
  7075  7651  8227  8803  9379  9955 10531 11107 11683 12259 12835 13411
   163   187   763  1339  1915  2491  3067  3643  4219  4795  5371  5947
  6523  7099  7675  8251  8827  9403  9979 10555 11131 11707 12283 12859
 13435   187   211   787  1363  1939  2515  3091  3667  4243  4819  5395
  5971  6547  7123  7699  8275  8851  9427 10003 10579 11155 11731 12307
 12883 13459   211   235   811  1387  1963  2539  3115  3691  4267  4843
  5419  5995  6571  7147  7723  8299  8875  9451 10027 10603 11179 11755
 12331 12907 13483   235   259   835  1411  1987  2563  3139  3715  4291
  4867  5443  6019  6595  7171  7747  8323  8899  9475 10051 10627 11203
 11779 12355 12931 13507   259   283   859  1435  2011  2587  3163  3739
  4315  4891  5467  6043  6619  7195  7771  8347  8923  9499 10075 10651
 11227 11803 12379 12955 13531   283   307   883  1459  2035  2611  3187
  3763  4339  4915  5491  6067  6643  7219  7795  8371  8947  9523 10099
 10675 11251 11827 12403 12979 13555   307   331   907  1483  2059  2635
  3211  3787  4363  4939  5515  6091  6667  7243  7819  8395  8971  9547
 10123 10699 11275 11851 12427 13003 13579   331   355   931  1507  2083
  2659  3235  3811  4387  4963  5539  6115  6691  7267  7843  8419  8995
  9571 10147 10723 11299 11875 12451 13027 13603   355   379   955  1531
  2107  2683  3259  3835  4411  4987  5563  6139  6715  7291  7867  8443
  9019  9595 10171 10747 11323 11899 12475 13051 13627   379   403   979
  1555  2131  2707  3283  3859  4435  5011  5587  6163  6739  7315  7891
  8467  9043  9619 10195 10771 11347 11923 12499 13075 13651   403   427
  1003  1579  2155  2731  3307  3883  4459  5035  5611  6187  6763  7339
  7915  8491  9067  9643 10219 10795 11371 11947 12523 13099 13675   427
   451  1027  1603  2179  2755  3331  3907  4483  5059  5635  6211  6787
  7363  7939  8515  9091  9667 10243 10819 11395 11971 12547 13123 13699
   451   475  1051  1627  2203  2779  3355  3931  4507  5083  5659  6235
  6811  7387  7963  8539  9115  9691 10267 10843 11419 11995 12571 13147
 13723   475   499  1075  1651  2227  2803  3379  3955  4531  5107  5683
  6259  6835  7411  7987  8563  9139  9715 10291 10867 11443 12019 12595
 13171 13747   499   523  1099  1675  2251  2827  3403  3979  4555  5131
  5707  6283  6859  7435  8011  8587  9163  9739 10315 10891 11467 12043
 12619 13195 13771   523   547  1123  1699  2275  2851  3427  4003  4579
  5155  5731  6307  6883  7459  8035  8611  9187  9763 10339 10915 11491
 12067 12643 13219 13795   547   571  1147  1723  2299  2875  3451  4027
  4603  5179  5755  6331  6907  7483  8059  8635  9211  9787 10363 10939
 11515 12091 12667 13243 13819   571    19   595  1171  1747  2323  2899
  3475  4051  4627  5203  5779  6355  6931  7507  8083  8659  9235  9811
 10387 10963 11539 12115 12691 13267    19    20   596  1172  1748  2324
  2900  3476  4052  4628  5204  5780  6356  6932  7508  8084  8660  9236
  9812 10388 10964 11540 12116 12692 13268    20    44   620  1196  1772
  2348  2924  3500  4076  4652  5228  5804  6380  6956  7532  8108  8684
  9260  9836 10412 10988 11564 12140 12716 13292    44    68   644  1220
  1796  2372  2948  3524  4100  4676  5252  5828  6404  6980  7556  8132
  8708  9284  9860 10436 11012 11588 12164 12740 13316    68    92   668
  1244  1820  2396  2972  3548  4124  4700  5276  5852  6428  7004  7580
  8156  8732  9308  9884 10460 11036 11612 12188 12764 13340    92   116
   692  1268  1844  2420  2996  3572  4148  4724  5300  5876  6452  7028
  7604  8180  8756  9332  9908 10484 11060 11636 12212 12788 13364   116
   140   716  1292  1868  2444  3020  3596  4172  4748  5324  5900  6476
  7052  7628  8204  8780  9356  9932 10508 11084 11660 12236 12812 13388
   140   164   740  1316  1892  2468  3044  3620  4196  4772  5348  5924
  6500  7076  7652  8228  8804  9380  9956 10532 11108 11684 12260 12836
 13412   164   188   764  1340  1916  2492  3068  3644  4220  4796  5372
  5948  6524  7100  7676  8252  8828  9404  9980 10556 11132 11708 12284
 12860 13436   188   212   788  1364  1940  2516  3092  3668  4244  4820
  5396  5972  6548  7124  7700  8276  8852  9428 10004 10580 11156 11732
 12308 12884 13460   212   236   812  1388  1964  2540  3116  3692  4268
  4844  5420  5996  6572  7148  7724  8300  8876  9452 10028 10604 11180
 11756 12332 12908 13484   236   260   836  1412  1988  2564  3140  3716
  4292  4868  5444  6020  6596  7172  7748  8324  8900  9476 10052 10628
 11204 11780 12356 12932 13508   260   284   860  1436  2012  2588  3164
  3740  4316  4892  5468  6044  6620  7196  7772  8348  8924  9500 10076
 10652 11228 11804 12380 12956 13532   284   308   884  1460  2036  2612
  3188  3764  4340  4916  5492  6068  6644  7220  7796  8372  8948  9524
 10100 10676 11252 11828 12404 12980 13556   308   332   908  1484  2060
  2636  3212  3788  4364  4940  5516  6092  6668  7244  7820  8396  8972
  9548 10124 10700 11276 11852 12428 13004 13580   332   356   932  1508
  2084  2660  3236  3812  4388  4964  5540  6116  6692  7268  7844  8420
  8996  9572 10148 10724 11300 11876 12452 13028 13604   356   380   956
  1532  2108  2684  3260  3836  4412  4988  5564  6140  6716  7292  7868
  8444  9020  9596 10172 10748 11324 11900 12476 13052 13628   380   404
   980  1556  2132  2708  3284  3860  4436  5012  5588  6164  6740  7316
  7892  8468  9044  9620 10196 10772 11348 11924 12500 13076 13652   404
   428  1004  1580  2156  2732  3308  3884  4460  5036  5612  6188  6764
  7340  7916  8492  9068  9644 10220 10796 11372 11948 12524 13100 13676
   428   452  1028  1604  2180  2756  3332  3908  4484  5060  5636  6212
  6788  7364  7940  8516  9092  9668 10244 10820 11396 11972 12548 13124
 13700   452   476  1052  1628  2204  2780  3356  3932  4508  5084  5660
  6236  6812  7388  7964  8540  9116  9692 10268 10844 11420 11996 12572
 13148 13724   476   500  1076  1652  2228  2804  3380  3956  4532  5108
  5684  6260  6836  7412  7988  8564  9140  9716 10292 10868 11444 12020
 12596 13172 13748   500   524  1100  1676  2252  2828  3404  3980  4556
  5132  5708  6284  6860  7436  8012  8588  9164  9740 10316 10892 11468
 12044 12620 13196 13772   524   548  1124  1700  2276  2852  3428  4004
  4580  5156  5732  6308  6884  7460  8036  8612  9188  9764 10340 10916
 11492 12068 12644 13220 13796   548   572  1148  1724  2300  2876  3452
  4028  4604  5180  5756  6332  6908  7484  8060  8636  9212  9788 10364
 10940 11516 12092 12668 13244 13820   572    20   596  1172  1748  2324
  2900  3476  4052  4628  5204  5780  6356  6932  7508  8084  8660  9236
  9812 10388 10964 11540 12116 12692 13268    20    21   597  1173  1749
  2325  2901  3477  4053  4629  5205  5781  6357  6933  7509  8085  8661
  9237  9813 10389 10965 11541 12117 12693 13269    21    45   621  1197
  1773  2349  2925  3501  4077  4653  5229  5805  6381  6957  7533  8109
  8685  9261  9837 10413 10989 11565 12141 12717 13293    45    69   645
  1221  1797  2373  2949  3525  4101  4677  5253  5829  6405  6981  7557
  8133  8709  9285  9861 10437 11013 11589 12165 12741 13317    69    93
   669  1245  1821  2397  2973  3549  4125  4701  5277  5853  6429  7005
  7581  8157  8733  9309  9885 10461 11037 11613 12189 12765 13341    93
   117   693  1269  1845  2421  2997  3573  4149  4725  5301  5877  6453
  7029  7605  8181  8757  9333  9909 10485 11061 11637 12213 12789 13365
   117   141   717  1293  1869  2445  3021  3597  4173  4749  5325  5901
  6477  7053  7629  8205  8781  9357  9933 10509 11085 11661 12237 12813
 13389   141   165   741  1317  1893  2469  3045  3621  4197  4773  5349
  5925  6501  7077  7653  8229  8805  9381  9957 10533 11109 11685 12261
 12837 13413   165   189   765  1341  1917  2493  3069  3645  4221  4797
  5373  5949  6525  7101  7677  8253  8829  9405  9981 10557 11133 11709
 12285 12861 13437   189   213   789  1365  1941  2517  3093  3669  4245
  4821  5397  5973  6549  7125  7701  8277  8853  9429 10005 10581 11157
 11733 12309 12885 13461   213   237   813  1389  1965  2541  3117  3693
  4269  4845  5421  5997  6573  7149  7725  8301  8877  9453 10029 10605
 11181 11757 12333 12909 13485   237   261   837  1413  1989  2565  3141
  3717  4293  4869  5445  6021  6597  7173  7749  8325  8901  9477 10053
 10629 11205 11781 12357 12933 13509   261   285   861  1437  2013  2589
  3165  3741  4317  4893  5469  6045  6621  7197  7773  8349  8925  9501
 10077 10653 11229 11805 12381 12957 13533   285   309   885  1461  2037
  2613  3189  3765  4341  4917  5493  6069  6645  7221  7797  8373  8949
  9525 10101 10677 11253 11829 12405 12981 13557   309   333   909  1485
  2061  2637  3213  3789  4365  4941  5517  6093  6669  7245  7821  8397
  8973  9549 10125 10701 11277 11853 12429 13005 13581   333   357   933
  1509  2085  2661  3237  3813  4389  4965  5541  6117  6693  7269  7845
  8421  8997  9573 10149 10725 11301 11877 12453 13029 13605   357   381
   957  1533  2109  2685  3261  3837  4413  4989  5565  6141  6717  7293
  7869  8445  9021  9597 10173 10749 11325 11901 12477 13053 13629   381
   405   981  1557  2133  2709  3285  3861  4437  5013  5589  6165  6741
  7317  7893  8469  9045  9621 10197 10773 11349 11925 12501 13077 13653
   405   429  1005  1581  2157  2733  3309  3885  4461  5037  5613  6189
  6765  7341  7917  8493  9069  9645 10221 10797 11373 11949 12525 13101
 13677   429   453  1029  1605  2181  2757  3333  3909  4485  5061  5637
  6213  6789  7365  7941  8517  9093  9669 10245 10821 11397 11973 12549
 13125 13701   453   477  1053  1629  2205  2781  3357  3933  4509  5085
  5661  6237  6813  7389  7965  8541  9117  9693 10269 10845 11421 11997
 12573 13149 13725   477   501  1077  1653  2229  2805  3381  3957  4533
  5109  5685  6261  6837  7413  7989  8565  9141  9717 10293 10869 11445
 12021 12597 13173 13749   501   525  1101  1677  2253  2829  3405  3981
  4557  5133  5709  6285  6861  7437  8013  8589  9165  9741 10317 10893
 11469 12045 12621 13197 13773   525   549  1125  1701  2277  2853  3429
  4005  4581  5157  5733  6309  6885  7461  8037  8613  9189  9765 10341
 10917 11493 12069 12645 13221 13797   549   573  1149  1725  2301  2877
  3453  4029  4605  5181  5757  6333  6909  7485  8061  8637  9213  9789
 10365 10941 11517 12093 12669 13245 13821   573    21   597  1173  1749
  2325  2901  3477  4053  4629  5205  5781  6357  6933  7509  8085  8661
  9237  9813 10389 10965 11541 12117 12693 13269    21    22   598  1174
  1750  2326  2902  3478  4054  4630  5206  5782  6358  6934  7510  8086
  8662  9238  9814 10390 10966 11542 12118 12694 13270    22    46   622
  1198  1774  2350  2926  3502  4078  4654  5230  5806  6382  6958  7534
  8110  8686  9262  9838 10414 10990 11566 12142 12718 13294    46    70
   646  1222  1798  2374  2950  3526  4102  4678  5254  5830  6406  6982
  7558  8134  8710  9286  9862 10438 11014 11590 12166 12742 13318    70
    94   670  1246  1822  2398  2974  3550  4126  4702  5278  5854  6430
  7006  7582  8158  8734  9310  9886 10462 11038 11614 12190 12766 13342
    94   118   694  1270  1846  2422  2998  3574  4150  4726  5302  5878
  6454  7030  7606  8182  8758  9334  9910 10486 11062 11638 12214 12790
 13366   118   142   718  1294  1870  2446  3022  3598  4174  4750  5326
  5902  6478  7054  7630  8206  8782  9358  9934 10510 11086 11662 12238
 12814 13390   142   166   742  1318  1894  2470  3046  3622  4198  4774
  5350  5926  6502  7078  7654  8230  8806  9382  9958 10534 11110 11686
 12262 12838 13414   166   190   766  1342  1918  2494  3070  3646  4222
  4798  5374  5950  6526  7102  7678  8254  8830  9406  9982 10558 11134
 11710 12286 12862 13438   190   214   790  1366  1942  2518  3094  3670
  4246  4822  5398  5974  6550  7126  7702  8278  8854  9430 10006 10582
 11158 11734 12310 12886 13462   214   238   814  1390  1966  2542  3118
  3694  4270  4846  5422  5998  6574  7150  7726  8302  8878  9454 10030
 10606 11182 11758 12334 12910 13486   238   262   838  1414  1990  2566
  3142  3718  4294  4870  5446  6022  6598  7174  7750  8326  8902  9478
 10054 10630 11206 11782 12358 12934 13510   262   286   862  1438  2014
  2590  3166  3742  4318  4894  5470  6046  6622  7198  7774  8350  8926
  9502 10078 10654 11230 11806 12382 12958 13534   286   310   886  1462
  2038  2614  3190  3766  4342  4918  5494  6070  6646  7222  7798  8374
  8950  9526 10102 10678 11254 11830 12406 12982 13558   310   334   910
  1486  2062  2638  3214  3790  4366  4942  5518  6094  6670  7246  7822
  8398  8974  9550 10126 10702 11278 11854 12430 13006 13582   334   358
   934  1510  2086  2662  3238  3814  4390  4966  5542  6118  6694  7270
  7846  8422  8998  9574 10150 10726 11302 11878 12454 13030 13606   358
   382   958  1534  2110  2686  3262  3838  4414  4990  5566  6142  6718
  7294  7870  8446  9022  9598 10174 10750 11326 11902 12478 13054 13630
   382   406   982  1558  2134  2710  3286  3862  4438  5014  5590  6166
  6742  7318  7894  8470  9046  9622 10198 10774 11350 11926 12502 13078
 13654   406   430  1006  1582  2158  2734  3310  3886  4462  5038  5614
  6190  6766  7342  7918  8494  9070  9646 10222 10798 11374 11950 12526
 13102 13678   430   454  1030  1606  2182  2758  3334  3910  4486  5062
  5638  6214  6790  7366  7942  8518  9094  9670 10246 10822 11398 11974
 12550 13126 13702   454   478  1054  1630  2206  2782  3358  3934  4510
  5086  5662  6238  6814  7390  7966  8542  9118  9694 10270 10846 11422
 11998 12574 13150 13726   478   502  1078  1654  2230  2806  3382  3958
  4534  5110  5686  6262  6838  7414  7990  8566  9142  9718 10294 10870
 11446 12022 12598 13174 13750   502   526  1102  1678  2254  2830  3406
  3982  4558  5134  5710  6286  6862  7438  8014  8590  9166  9742 10318
 10894 11470 12046 12622 13198 13774   526   550  1126  1702  2278  2854
  3430  4006  4582  5158  5734  6310  6886  7462  8038  8614  9190  9766
 10342 10918 11494 12070 12646 13222 13798   550   574  1150  1726  2302
  2878  3454  4030  4606  5182  5758  6334  6910  7486  8062  8638  9214
  9790 10366 10942 11518 12094 12670 13246 13822   574    22   598  1174
  1750  2326  2902  3478  4054  4630  5206  5782  6358  6934  7510  8086
  8662  9238  9814 10390 10966 11542 12118 12694 13270    22    23   599
  1175  1751  2327  2903  3479  4055  4631  5207  5783  6359  6935  7511
  8087  8663  9239  9815 10391 10967 11543 12119 12695 13271    23    47
   623  1199  1775  2351  2927  3503  4079  4655  5231  5807  6383  6959
  7535  8111  8687  9263  9839 10415 10991 11567 12143 12719 13295    47
    71   647  1223  1799  2375  2951  3527  4103  4679  5255  5831  6407
  6983  7559  8135  8711  9287  9863 10439 11015 11591 12167 12743 13319
    71    95   671  1247  1823  2399  2975  3551  4127  4703  5279  5855
  6431  7007  7583  8159  8735  9311  9887 10463 11039 11615 12191 12767
 13343    95   119   695  1271  1847  2423  2999  3575  4151  4727  5303
  5879  6455  7031  7607  8183  8759  9335  9911 10487 11063 11639 12215
 12791 13367   119   143   719  1295  1871  2447  3023  3599  4175  4751
  5327  5903  6479  7055  7631  8207  8783  9359  9935 10511 11087 11663
 12239 12815 13391   143   167   743  1319  1895  2471  3047  3623  4199
  4775  5351  5927  6503  7079  7655  8231  8807  9383  9959 10535 11111
 11687 12263 12839 13415   167   191   767  1343  1919  2495  3071  3647
  4223  4799  5375  5951  6527  7103  7679  8255  8831  9407  9983 10559
 11135 11711 12287 12863 13439   191   215   791  1367  1943  2519  3095
  3671  4247  4823  5399  5975  6551  7127  7703  8279  8855  9431 10007
 10583 11159 11735 12311 12887 13463   215   239   815  1391  1967  2543
  3119  3695  4271  4847  5423  5999  6575  7151  7727  8303  8879  9455
 10031 10607 11183 11759 12335 12911 13487   239   263   839  1415  1991
  2567  3143  3719  4295  4871  5447  6023  6599  7175  7751  8327  8903
  9479 10055 10631 11207 11783 12359 12935 13511   263   287   863  1439
  2015  2591  3167  3743  4319  4895  5471  6047  6623  7199  7775  8351
  8927  9503 10079 10655 11231 11807 12383 12959 13535   287   311   887
  1463  2039  2615  3191  3767  4343  4919  5495  6071  6647  7223  7799
  8375  8951  9527 10103 10679 11255 11831 12407 12983 13559   311   335
   911  1487  2063  2639  3215  3791  4367  4943  5519  6095  6671  7247
  7823  8399  8975  9551 10127 10703 11279 11855 12431 13007 13583   335
   359   935  1511  2087  2663  3239  3815  4391  4967  5543  6119  6695
  7271  7847  8423  8999  9575 10151 10727 11303 11879 12455 13031 13607
   359   383   959  1535  2111  2687  3263  3839  4415  4991  5567  6143
  6719  7295  7871  8447  9023  9599 10175 10751 11327 11903 12479 13055
 13631   383   407   983  1559  2135  2711  3287  3863  4439  5015  5591
  6167  6743  7319  7895  8471  9047  9623 10199 10775 11351 11927 12503
 13079 13655   407   431  1007  1583  2159  2735  3311  3887  4463  5039
  5615  6191  6767  7343  7919  8495  9071  9647 10223 10799 11375 11951
 12527 13103 13679   431   455  1031  1607  2183  2759  3335  3911  4487
  5063  5639  6215  6791  7367  7943  8519  9095  9671 10247 10823 11399
 11975 12551 13127 13703   455   479  1055  1631  2207  2783  3359  3935
  4511  5087  5663  6239  6815  7391  7967  8543  9119  9695 10271 10847
 11423 11999 12575 13151 13727   479   503  1079  1655  2231  2807  3383
  3959  4535  5111  5687  6263  6839  7415  7991  8567  9143  9719 10295
 10871 11447 12023 12599 13175 13751   503   527  1103  1679  2255  2831
  3407  3983  4559  5135  5711  6287  6863  7439  8015  8591  9167  9743
 10319 10895 11471 12047 12623 13199 13775   527   551  1127  1703  2279
  2855  3431  4007  4583  5159  5735  6311  6887  7463  8039  8615  9191
  9767 10343 10919 11495 12071 12647 13223 13799   551   575  1151  1727
  2303  2879  3455  4031  4607  5183  5759  6335  6911  7487  8063  8639
  9215  9791 10367 10943 11519 12095 12671 13247 13823   575    23   599
  1175  1751  2327  2903  3479  4055  4631  5207  5783  6359  6935  7511
  8087  8663  9239  9815 10391 10967 11543 12119 12695 13271    23    24
   600  1176  1752  2328  2904  3480  4056  4632  5208  5784  6360  6936
  7512  8088  8664  9240  9816 10392 10968 11544 12120 12696 13272    24
    48   624  1200  1776  2352  2928  3504  4080  4656  5232  5808  6384
  6960  7536  8112  8688  9264  9840 10416 10992 11568 12144 12720 13296
    48    72   648  1224  1800  2376  2952  3528  4104  4680  5256  5832
  6408  6984  7560  8136  8712  9288  9864 10440 11016 11592 12168 12744
 13320    72    96   672  1248  1824  2400  2976  3552  4128  4704  5280
  5856  6432  7008  7584  8160  8736  9312  9888 10464 11040 11616 12192
 12768 13344    96   120   696  1272  1848  2424  3000  3576  4152  4728
  5304  5880  6456  7032  7608  8184  8760  9336  9912 10488 11064 11640
 12216 12792 13368   120   144   720  1296  1872  2448  3024  3600  4176
  4752  5328  5904  6480  7056  7632  8208  8784  9360  9936 10512 11088
 11664 12240 12816 13392   144   168   744  1320  1896  2472  3048  3624
  4200  4776  5352  5928  6504  7080  7656  8232  8808  9384  9960 10536
 11112 11688 12264 12840 13416   168   192   768  1344  1920  2496  3072
  3648  4224  4800  5376  5952  6528  7104  7680  8256  8832  9408  9984
 10560 11136 11712 12288 12864 13440   192   216   792  1368  1944  2520
  3096  3672  4248  4824  5400  5976  6552  7128  7704  8280  8856  9432
 10008 10584 11160 11736 12312 12888 13464   216   240   816  1392  1968
  2544  3120  3696  4272  4848  5424  6000  6576  7152  7728  8304  8880
  9456 10032 10608 11184 11760 12336 12912 13488   240   264   840  1416
  1992  2568  3144  3720  4296  4872  5448  6024  6600  7176  7752  8328
  8904  9480 10056 10632 11208 11784 12360 12936 13512   264   288   864
  1440  2016  2592  3168  3744  4320  4896  5472  6048  6624  7200  7776
  8352  8928  9504 10080 10656 11232 11808 12384 12960 13536   288   312
   888  1464  2040  2616  3192  3768  4344  4920  5496  6072  6648  7224
  7800  8376  8952  9528 10104 10680 11256 11832 12408 12984 13560   312
   336   912  1488  2064  2640  3216  3792  4368  4944  5520  6096  6672
  7248  7824  8400  8976  9552 10128 10704 11280 11856 12432 13008 13584
   336   360   936  1512  2088  2664  3240  3816  4392  4968  5544  6120
  6696  7272  7848  8424  9000  9576 10152 10728 11304 11880 12456 13032
 13608   360   384   960  1536  2112  2688  3264  3840  4416  4992  5568
  6144  6720  7296  7872  8448  9024  9600 10176 10752 11328 11904 12480
 13056 13632   384   408   984  1560  2136  2712  3288  3864  4440  5016
  5592  6168  6744  7320  7896  8472  9048  9624 10200 10776 11352 11928
 12504 13080 13656   408   432  1008  1584  2160  2736  3312  3888  4464
  5040  5616  6192  6768  7344  7920  8496  9072  9648 10224 10800 11376
 11952 12528 13104 13680   432   456  1032  1608  2184  2760  3336  3912
  4488  5064  5640  6216  6792  7368  7944  8520  9096  9672 10248 10824
 11400 11976 12552 13128 13704   456   480  1056  1632  2208  2784  3360
  3936  4512  5088  5664  6240  6816  7392  7968  8544  9120  9696 10272
 10848 11424 12000 12576 13152 13728   480   504  1080  1656  2232  2808
  3384  3960  4536  5112  5688  6264  6840  7416  7992  8568  9144  9720
 10296 10872 11448 12024 12600 13176 13752   504   528  1104  1680  2256
  2832  3408  3984  4560  5136  5712  6288  6864  7440  8016  8592  9168
  9744 10320 10896 11472 12048 12624 13200 13776   528   552  1128  1704
  2280  2856  3432  4008  4584  5160  5736  6312  6888  7464  8040  8616
  9192  9768 10344 10920 11496 12072 12648 13224 13800   552   576  1152
  1728  2304  2880  3456  4032  4608  5184  5760  6336  6912  7488  8064
  8640  9216  9792 10368 10944 11520 12096 12672 13248 13824   576    24
   600  1176  1752  2328  2904  3480  4056  4632  5208  5784  6360  6936
  7512  8088  8664  9240  9816 10392 10968 11544 12120 12696 13272    24
     1   577  1153  1729  2305  2881  3457  4033  4609  5185  5761  6337
  6913  7489  8065  8641  9217  9793 10369 10945 11521 12097 12673 13249
     1    25   601  1177  1753  2329  2905  3481  4057  4633  5209  5785
  6361  6937  7513  8089  8665  9241  9817 10393 10969 11545 12121 12697
 13273    25    49   625  1201  1777  2353  2929  3505  4081  4657  5233
  5809  6385  6961  7537  8113  8689  9265  9841 10417 10993 11569 12145
 12721 13297    49    73   649  1225  1801  2377  2953  3529  4105  4681
  5257  5833  6409  6985  7561  8137  8713  9289  9865 10441 11017 11593
 12169 12745 13321    73    97   673  1249  1825  2401  2977  3553  4129
  4705  5281  5857  6433  7009  7585  8161  8737  9313  9889 10465 11041
 11617 12193 12769 13345    97   121   697  1273  1849  2425  3001  3577
  4153  4729  5305  5881  6457  7033  7609  8185  8761  9337  9913 10489
 11065 11641 12217 12793 13369   121   145   721  1297  1873  2449  3025
  3601  4177  4753  5329  5905  6481  7057  7633  8209  8785  9361  9937
 10513 11089 11665 12241 12817 13393   145   169   745  1321  1897  2473
  3049  3625  4201  4777  5353  5929  6505  7081  7657  8233  8809  9385
  9961 10537 11113 11689 12265 12841 13417   169   193   769  1345  1921
  2497  3073  3649  4225  4801  5377  5953  6529  7105  7681  8257  8833
  9409  9985 10561 11137 11713 12289 12865 13441   193   217   793  1369
  1945  2521  3097  3673  4249  4825  5401  5977  6553  7129  7705  8281
  8857  9433 10009 10585 11161 11737 12313 12889 13465   217   241   817
  1393  1969  2545  3121  3697  4273  4849  5425  6001  6577  7153  7729
  8305  8881  9457 10033 10609 11185 11761 12337 12913 13489   241   265
   841  1417  1993  2569  3145  3721  4297  4873  5449  6025  6601  7177
  7753  8329  8905  9481 10057 10633 11209 11785 12361 12937 13513   265
   289   865  1441  2017  2593  3169  3745  4321  4897  5473  6049  6625
  7201  7777  8353  8929  9505 10081 10657 11233 11809 12385 12961 13537
   289   313   889  1465  2041  2617  3193  3769  4345  4921  5497  6073
  6649  7225  7801  8377  8953  9529 10105 10681 11257 11833 12409 12985
 13561   313   337   913  1489  2065  2641  3217  3793  4369  4945  5521
  6097  6673  7249  7825  8401  8977  9553 10129 10705 11281 11857 12433
 13009 13585   337   361   937  1513  2089  2665  3241  3817  4393  4969
  5545  6121  6697  7273  7849  8425  9001  9577 10153 10729 11305 11881
 12457 13033 13609   361   385   961  1537  2113  2689  3265  3841  4417
  4993  5569  6145  6721  7297  7873  8449  9025  9601 10177 10753 11329
 11905 12481 13057 13633   385   409   985  1561  2137  2713  3289  3865
  4441  5017  5593  6169  6745  7321  7897  8473  9049  9625 10201 10777
 11353 11929 12505 13081 13657   409   433  1009  1585  2161  2737  3313
  3889  4465  5041  5617  6193  6769  7345  7921  8497  9073  9649 10225
 10801 11377 11953 12529 13105 13681   433   457  1033  1609  2185  2761
  3337  3913  4489  5065  5641  6217  6793  7369  7945  8521  9097  9673
 10249 10825 11401 11977 12553 13129 13705   457   481  1057  1633  2209
  2785  3361  3937  4513  5089  5665  6241  6817  7393  7969  8545  9121
  9697 10273 10849 11425 12001 12577 13153 13729   481   505  1081  1657
  2233  2809  3385  3961  4537  5113  5689  6265  6841  7417  7993  8569
  9145  9721 10297 10873 11449 12025 12601 13177 13753   505   529  1105
  1681  2257  2833  3409  3985  4561  5137  5713  6289  6865  7441  8017
  8593  9169  9745 10321 10897 11473 12049 12625 13201 13777   529   553
  1129  1705  2281  2857  3433  4009  4585  5161  5737  6313  6889  7465
  8041  8617  9193  9769 10345 10921 11497 12073 12649 13225 13801   553
     1   577  1153  1729  2305  2881  3457  4033  4609  5185  5761  6337
  6913  7489  8065  8641  9217  9793 10369 10945 11521 12097 12673 13249
     1
