   1    3    0   -1    0    0.861557
   1    4    0    1    0    0.861557
   1    4    0    0    0    0.862633
   1    3    0    0    0    0.862633
   1    3    1    0    0    0.862630
   1    4   -1    0    0    0.862630
   1    1    0   -1    0    0.637175
   1    1    0    1    0    0.637175
   1    1   -1   -1    0    0.637176
   1    1    1    1    0    0.637176
   1    1   -1    0    0    0.680963
   1    1    1    0    0    0.680963
   1    3    1    1    0    0.215865
   1    4   -1   -1    0    0.215865
   1    3    1   -1    0    0.205215
   1    4   -1    1    0    0.205215
   1    4    1    1    0    0.205215
   1    3   -1   -1    0    0.205215
   1    2    0    0   -1    0.138517
   1    2    0    0    0    0.138517
   1    3    0   -2    0    0.017605
   1    4    0    2    0    0.017605
   1    4    1    2    0    0.017605
   1    3   -1   -2    0    0.017605
   1    4    0   -1    0    0.011283
   1    3    0    1    0    0.011283
   1    3    2    1    0    0.011283
   1    4   -2   -1    0    0.011283
   1    4    1    0    0    0.028865
   1    3   -1    0    0    0.028865
   1    3    2    0    0    0.028865
   1    4   -2    0    0    0.028865
   1    1   -1   -2    0    0.090686
   1    1    1    2    0    0.090686
   1    1   -1    1    0    0.099555
   1    1    1   -1    0    0.099555
   1    1   -2   -1    0    0.099556
   1    1    2    1    0    0.099556
   1    2    0   -1   -1   -0.034588
   1    2    0   -1    0   -0.034588
   1    2    0    1   -1   -0.034588
   1    2    0    1    0   -0.034588
   1    2   -1   -1   -1   -0.034588
   1    2   -1   -1    0   -0.034588
   1    2    1    1   -1   -0.034588
   1    2    1    1    0   -0.034588
   1    2   -1    0   -1   -0.031007
   1    2   -1    0    0   -0.031007
   1    2    1    0   -1   -0.031007
   1    2    1    0    0   -0.031007
   1    1    0   -2    0   -0.050204
   1    1    0    2    0   -0.050204
   1    1   -2   -2    0   -0.050204
   1    1    2    2    0   -0.050204
   1    1   -2    0    0   -0.062840
   1    1    2    0    0   -0.062840
   1    4   -1   -2    0   -0.000918
   1    3    1    2    0   -0.000918
   1    3    2    2    0   -0.000918
   1    4   -2   -2    0   -0.000918
   1    3    1   -2    0   -0.003307
   1    4   -1    2    0   -0.003307
   1    4    2    2    0   -0.003307
   1    3   -2   -2    0   -0.003307
   1    3    2   -1    0    0.002925
   1    4   -2    1    0    0.002925
   1    4    2    1    0    0.002925
   1    3   -2   -1    0    0.002925
   1    2   -1   -2   -1   -0.004606
   1    2   -1   -2    0   -0.004606
   1    2    1    2   -1   -0.004606
   1    2    1    2    0   -0.004606
   1    2   -1    1   -1   -0.003226
   1    2   -1    1    0   -0.003226
   1    2    1   -1   -1   -0.003226
   1    2    1   -1    0   -0.003226
   1    2   -2   -1   -1   -0.003226
   1    2   -2   -1    0   -0.003226
   1    2    2    1   -1   -0.003226
   1    2    2    1    0   -0.003226
   1    3   -1   -3    0   -0.011605
   1    4    1    3    0   -0.011605
   1    4    1   -1    0   -0.008863
   1    3   -1    1    0   -0.008863
   1    3    3    1    0   -0.008863
   1    4   -3   -1    0   -0.008863
   1    3    0   -1   -1   -0.026487
   1    4    0    1    1   -0.026487
   1    4    0    0    1   -0.028142
   1    3    0    0   -1   -0.028142
   1    3    1    0   -1   -0.028142
   1    4   -1    0    1   -0.028142
   2    3    0   -1    0    0.861557
   2    4    0    1    1    0.861557
   2    4    0    0    1    0.862633
   2    3    0    0    0    0.862633
   2    3    1    0    0    0.862630
   2    4   -1    0    1    0.862630
   2    2    0   -1    0    0.637175
   2    2    0    1    0    0.637175
   2    2   -1   -1    0    0.637176
   2    2    1    1    0    0.637176
   2    2   -1    0    0    0.680963
   2    2    1    0    0    0.680963
   2    3    1    1    0    0.215865
   2    4   -1   -1    1    0.215865
   2    3    1   -1    0    0.205215
   2    4   -1    1    1    0.205215
   2    4    1    1    1    0.205215
   2    3   -1   -1    0    0.205215
   2    1    0    0    0    0.138517
   2    1    0    0    1    0.138517
   2    3    0   -2    0    0.017605
   2    4    0    2    1    0.017605
   2    4    1    2    1    0.017605
   2    3   -1   -2    0    0.017605
   2    4    0   -1    1    0.011283
   2    3    0    1    0    0.011283
   2    3    2    1    0    0.011283
   2    4   -2   -1    1    0.011283
   2    4    1    0    1    0.028865
   2    3   -1    0    0    0.028865
   2    3    2    0    0    0.028865
   2    4   -2    0    1    0.028865
   2    2   -1   -2    0    0.090686
   2    2    1    2    0    0.090686
   2    2   -1    1    0    0.099555
   2    2    1   -1    0    0.099555
   2    2   -2   -1    0    0.099556
   2    2    2    1    0    0.099556
   2    1    0   -1    0   -0.034588
   2    1    0   -1    1   -0.034588
   2    1    0    1    0   -0.034588
   2    1    0    1    1   -0.034588
   2    1   -1   -1    0   -0.034588
   2    1   -1   -1    1   -0.034588
   2    1    1    1    0   -0.034588
   2    1    1    1    1   -0.034588
   2    1   -1    0    0   -0.031007
   2    1   -1    0    1   -0.031007
   2    1    1    0    0   -0.031007
   2    1    1    0    1   -0.031007
   2    2    0   -2    0   -0.050204
   2    2    0    2    0   -0.050204
   2    2   -2   -2    0   -0.050204
   2    2    2    2    0   -0.050204
   2    2   -2    0    0   -0.062840
   2    2    2    0    0   -0.062840
   2    4   -1   -2    1   -0.000918
   2    3    1    2    0   -0.000918
   2    3    2    2    0   -0.000918
   2    4   -2   -2    1   -0.000918
   2    3    1   -2    0   -0.003307
   2    4   -1    2    1   -0.003307
   2    4    2    2    1   -0.003307
   2    3   -2   -2    0   -0.003307
   2    3    2   -1    0    0.002925
   2    4   -2    1    1    0.002925
   2    4    2    1    1    0.002925
   2    3   -2   -1    0    0.002925
   2    1   -1   -2    0   -0.004606
   2    1   -1   -2    1   -0.004606
   2    1    1    2    0   -0.004606
   2    1    1    2    1   -0.004606
   2    1   -1    1    0   -0.003226
   2    1   -1    1    1   -0.003226
   2    1    1   -1    0   -0.003226
   2    1    1   -1    1   -0.003226
   2    1   -2   -1    0   -0.003226
   2    1   -2   -1    1   -0.003226
   2    1    2    1    0   -0.003226
   2    1    2    1    1   -0.003226
   2    3   -1   -3    0   -0.011605
   2    4    1    3    1   -0.011605
   2    4    1   -1    1   -0.008863
   2    3   -1    1    0   -0.008863
   2    3    3    1    0   -0.008863
   2    4   -3   -1    1   -0.008863
   2    3    0   -1    1   -0.026487
   2    4    0    1    0   -0.026487
   2    4    0    0    0   -0.028142
   2    3    0    0    1   -0.028142
   2    3    1    0    1   -0.028142
   2    4   -1    0    0   -0.028142
   3    1    0    1    0    0.861557
   3    2    0    1    0    0.861557
   3    1    0    0    0    0.862633
   3    2    0    0    0    0.862633
   3    1   -1    0    0    0.862630
   3    2   -1    0    0    0.862630
   3    3    0   -1    0    0.863816
   3    3    0    1    0    0.863816
   3    3   -1   -1    0    0.863819
   3    3    1    1    0    0.863819
   3    3   -1    0    0    0.987152
   3    3    1    0    0    0.987152
   3    1   -1   -1    0    0.215865
   3    2   -1   -1    0    0.215865
   3    1   -1    1    0    0.205215
   3    2   -1    1    0    0.205215
   3    1    1    1    0    0.205215
   3    2    1    1    0    0.205215
   3    4   -1    0    0   -0.036056
   3    4   -1    0    1   -0.036056
   3    4   -1    1    0    0.006303
   3    4   -1    1    1    0.006303
   3    4    0    1    0    0.006303
   3    4    0    1    1    0.006303
   3    1    0    2    0    0.017605
   3    2    0    2    0    0.017605
   3    1    1    2    0    0.017605
   3    2    1    2    0    0.017605
   3    1    0   -1    0    0.011283
   3    2    0   -1    0    0.011283
   3    1   -2   -1    0    0.011283
   3    2   -2   -1    0    0.011283
   3    1    1    0    0    0.028865
   3    2    1    0    0    0.028865
   3    1   -2    0    0    0.028865
   3    2   -2    0    0    0.028865
   3    3   -1   -2    0   -0.342837
   3    3    1    2    0   -0.342837
   3    3    1   -1    0   -0.370645
   3    3   -1    1    0   -0.370645
   3    3   -2   -1    0   -0.370645
   3    3    2    1    0   -0.370645
   3    4    0    2    0    0.005622
   3    4    0    2    1    0.005622
   3    4    0    0    0    0.040616
   3    4    0    0    1    0.040616
   3    4   -2    0    0    0.040616
   3    4   -2    0    1    0.040616
   3    3    0   -2    0    0.007622
   3    3    0    2    0    0.007622
   3    3   -2   -2    0    0.007622
   3    3    2    2    0    0.007622
   3    3   -2    0    0   -0.067231
   3    3    2    0    0   -0.067231
   3    4   -1   -1    0   -0.059612
   3    4   -1   -1    1   -0.059612
   3    4   -2   -1    0   -0.059612
   3    4   -2   -1    1   -0.059612
   3    4   -1    2    0   -0.052954
   3    4   -1    2    1   -0.052954
   3    4    1    2    0   -0.052954
   3    4    1    2    1   -0.052954
   3    4   -2    1    0   -0.068832
   3    4   -2    1    1   -0.068832
   3    4    1    1    0   -0.068831
   3    4    1    1    1   -0.068831
   3    1   -1   -2    0   -0.000918
   3    2   -1   -2    0   -0.000918
   3    1   -2   -2    0   -0.000918
   3    2   -2   -2    0   -0.000918
   3    1   -1    2    0   -0.003307
   3    2   -1    2    0   -0.003307
   3    1    2    2    0   -0.003307
   3    2    2    2    0   -0.003307
   3    1   -2    1    0    0.002925
   3    2   -2    1    0    0.002925
   3    1    2    1    0    0.002925
   3    2    2    1    0    0.002925
   3    1    1    3    0   -0.011605
   3    2    1    3    0   -0.011605
   3    1    1   -1    0   -0.008863
   3    2    1   -1    0   -0.008863
   3    1   -3   -1    0   -0.008863
   3    2   -3   -1    0   -0.008863
   3    2    0    1   -1   -0.026487
   3    1    0    1    1   -0.026487
   3    2    0    0   -1   -0.028142
   3    1    0    0    1   -0.028142
   3    2   -1    0   -1   -0.028142
   3    1   -1    0    1   -0.028142
   4    1    0   -1    0    0.861557
   4    2    0   -1   -1    0.861557
   4    1    0    0    0    0.862633
   4    2    0    0   -1    0.862633
   4    1    1    0    0    0.862630
   4    2    1    0   -1    0.862630
   4    4    0   -1    0    0.863816
   4    4    0    1    0    0.863816
   4    4    1    1    0    0.863819
   4    4   -1   -1    0    0.863819
   4    4   -1    0    0    0.987152
   4    4    1    0    0    0.987152
   4    1    1    1    0    0.215865
   4    2    1    1   -1    0.215865
   4    1    1   -1    0    0.205215
   4    2    1   -1   -1    0.205215
   4    1   -1   -1    0    0.205215
   4    2   -1   -1   -1    0.205215
   4    3    1    0   -1   -0.036056
   4    3    1    0    0   -0.036056
   4    3    1   -1    0    0.006303
   4    3    1   -1   -1    0.006303
   4    3    0   -1   -1    0.006303
   4    3    0   -1    0    0.006303
   4    1    0   -2    0    0.017605
   4    2    0   -2   -1    0.017605
   4    1   -1   -2    0    0.017605
   4    2   -1   -2   -1    0.017605
   4    1    0    1    0    0.011283
   4    2    0    1   -1    0.011283
   4    1    2    1    0    0.011283
   4    2    2    1   -1    0.011283
   4    1   -1    0    0    0.028865
   4    2   -1    0   -1    0.028865
   4    1    2    0    0    0.028865
   4    2    2    0   -1    0.028865
   4    4   -1   -2    0   -0.342837
   4    4    1    2    0   -0.342837
   4    4   -1    1    0   -0.370645
   4    4    1   -1    0   -0.370645
   4    4   -2   -1    0   -0.370645
   4    4    2    1    0   -0.370645
   4    3    0   -2    0    0.005622
   4    3    0   -2   -1    0.005622
   4    3    0    0    0    0.040616
   4    3    0    0   -1    0.040616
   4    3    2    0    0    0.040616
   4    3    2    0   -1    0.040616
   4    4    0   -2    0    0.007622
   4    4    0    2    0    0.007622
   4    4   -2   -2    0    0.007622
   4    4    2    2    0    0.007622
   4    4   -2    0    0   -0.067231
   4    4    2    0    0   -0.067231
   4    3    1    1    0   -0.059612
   4    3    1    1   -1   -0.059612
   4    3    2    1    0   -0.059612
   4    3    2    1   -1   -0.059612
   4    3    1   -2    0   -0.052954
   4    3    1   -2   -1   -0.052954
   4    3   -1   -2    0   -0.052954
   4    3   -1   -2   -1   -0.052954
   4    3    2   -1    0   -0.068832
   4    3    2   -1   -1   -0.068832
   4    3   -1   -1    0   -0.068831
   4    3   -1   -1   -1   -0.068831
   4    1    1    2    0   -0.000918
   4    2    1    2   -1   -0.000918
   4    1    2    2    0   -0.000918
   4    2    2    2   -1   -0.000918
   4    1    1   -2    0   -0.003307
   4    2    1   -2   -1   -0.003307
   4    1   -2   -2    0   -0.003307
   4    2   -2   -2   -1   -0.003307
   4    1    2   -1    0    0.002925
   4    2    2   -1   -1    0.002925
   4    1   -2   -1    0    0.002925
   4    2   -2   -1   -1    0.002925
   4    1   -1   -3    0   -0.011605
   4    2   -1   -3   -1   -0.011605
   4    1   -1    1    0   -0.008863
   4    2   -1    1   -1   -0.008863
   4    1    3    1    0   -0.008863
   4    2    3    1   -1   -0.008863
   4    1    0   -1   -1   -0.026487
   4    2    0   -1    0   -0.026487
   4    1    0    0   -1   -0.028142
   4    2    0    0    0   -0.028142
   4    1    1    0   -1   -0.028142
   4    2    1    0    0   -0.028142
