T         <M>             <M^2>           <M^4>       U_{Binder}        \chi         C_v(tot)         <E>           <E_{exc}>     <E_{lsf}>
0001 2.18499776E+00 4.77421520E+00 2.27931308E+01 6.66666666E-01 1.56354166E-05 9.63416014E-01 -9.69868116E+00 -9.69868116E+00 0.00000000E+00
0003 2.18279981E+00 4.76461499E+00 2.27015561E+01 6.66666666E-01 1.78748791E-05 1.08700300E+00 -9.68600721E+00 -9.68600721E+00 0.00000000E+00
0005 2.18067623E+00 4.75534882E+00 2.26133426E+01 6.66666663E-01 5.67528366E-05 9.91397426E-01 -9.67332148E+00 -9.67332148E+00 0.00000000E+00
0007 2.17835612E+00 4.74523545E+00 2.25172603E+01 6.66666654E-01 1.60403458E-04 9.88286588E-01 -9.66064549E+00 -9.66064549E+00 0.00000000E+00
0010 2.17527280E+00 4.73181177E+00 2.23900430E+01 6.66666660E-01 5.72588449E-05 1.04604080E+00 -9.64159076E+00 -9.64159076E+00 0.00000000E+00
0020 2.16407766E+00 4.68323231E+00 2.19326683E+01 6.66666615E-01 2.24365887E-04 9.42335351E-01 -9.57795997E+00 -9.57795997E+00 0.00000000E+00
0040 2.14219951E+00 4.58901917E+00 2.10591046E+01 6.66666546E-01 2.58011150E-04 9.07076531E-01 -9.45001986E+00 -9.45001986E+00 0.00000000E+00
0060 2.11984709E+00 4.49375255E+00 2.01938276E+01 6.66666409E-01 3.60747494E-04 9.86995618E-01 -9.32125319E+00 -9.32125319E+00 0.00000000E+00
0080 2.09676361E+00 4.39641953E+00 1.93285382E+01 6.66666088E-01 5.94771656E-04 1.00700754E+00 -9.19163783E+00 -9.19163783E+00 0.00000000E+00
0100 2.07406074E+00 4.30172981E+00 1.85049111E+01 6.66666096E-01 4.59532269E-04 9.09502497E-01 -9.06073646E+00 -9.06073646E+00 0.00000000E+00
0120 2.05117427E+00 4.20732113E+00 1.77016393E+01 6.66665006E-01 1.08974331E-03 1.01187311E+00 -8.92915480E+00 -8.92915480E+00 0.00000000E+00
0140 2.02683243E+00 4.10805824E+00 1.68762824E+01 6.66663903E-01 1.51812432E-03 1.06447867E+00 -8.79635593E+00 -8.79635593E+00 0.00000000E+00
0160 2.00403770E+00 4.01617854E+00 1.61298734E+01 6.66662878E-01 1.78362510E-03 1.12106676E+00 -8.66260542E+00 -8.66260542E+00 0.00000000E+00
0180 1.97844992E+00 3.91427593E+00 1.53217418E+01 6.66662626E-01 1.64465251E-03 1.02784382E+00 -8.52748824E+00 -8.52748824E+00 0.00000000E+00
0200 1.95192232E+00 3.81002439E+00 1.45166459E+01 6.66658399E-01 2.95041688E-03 1.10825771E+00 -8.39106772E+00 -8.39106772E+00 0.00000000E+00
0220 1.92959004E+00 3.72332951E+00 1.38633584E+01 6.66662441E-01 1.33848445E-03 1.01657043E+00 -8.25376472E+00 -8.25376472E+00 0.00000000E+00
0240 1.90093796E+00 3.61360458E+00 1.30587073E+01 6.66652135E-01 4.09929706E-03 1.02985110E+00 -8.11489391E+00 -8.11489391E+00 0.00000000E+00
0260 1.87948285E+00 3.53247168E+00 1.24785803E+01 6.66660679E-01 1.52404675E-03 1.11816927E+00 -7.97402873E+00 -7.97402873E+00 0.00000000E+00
0280 1.84912724E+00 3.41930673E+00 1.16921398E+01 6.66652945E-01 3.13568300E-03 1.11546047E+00 -7.83219832E+00 -7.83219832E+00 0.00000000E+00
0300 1.82317754E+00 3.32400584E+00 1.10494057E+01 6.66654873E-01 2.45183519E-03 1.08799071E+00 -7.68775375E+00 -7.68775375E+00 0.00000000E+00
0320 1.79531072E+00 3.22319865E+00 1.03897562E+01 6.66642710E-01 4.52827479E-03 1.16041236E+00 -7.54239964E+00 -7.54239964E+00 0.00000000E+00
0340 1.76787188E+00 3.12543702E+00 9.76917917E+00 6.66638597E-01 4.84660448E-03 1.13025509E+00 -7.39459832E+00 -7.39459832E+00 0.00000000E+00
0360 1.73634736E+00 3.01496888E+00 9.09083881E+00 6.66637277E-01 4.62381764E-03 1.21875001E+00 -7.24454427E+00 -7.24454427E+00 0.00000000E+00
0380 1.70173587E+00 2.89618081E+00 8.39100486E+00 6.66541821E-01 1.81109059E-02 1.30069096E+00 -7.09166520E+00 -7.09166520E+00 0.00000000E+00
0400 1.67498592E+00 2.80570777E+00 7.87344799E+00 6.66605188E-01 8.10576980E-03 1.27768942E+00 -6.93669332E+00 -6.93669332E+00 0.00000000E+00
0420 1.64606742E+00 2.70965515E+00 7.34349543E+00 6.66609263E-01 6.96262285E-03 1.29343799E+00 -6.77910633E+00 -6.77910633E+00 0.00000000E+00
0440 1.61647899E+00 2.61307664E+00 6.82892417E+00 6.66629826E-01 4.10112946E-03 1.26286939E+00 -6.61817155E+00 -6.61817155E+00 0.00000000E+00
0460 1.57482948E+00 2.48021775E+00 6.15276612E+00 6.66596981E-01 7.04384930E-03 1.33356064E+00 -6.45371296E+00 -6.45371296E+00 0.00000000E+00
0480 1.54151943E+00 2.37650335E+00 5.64985167E+00 6.66543698E-01 1.14979464E-02 1.32664307E+00 -6.28538580E+00 -6.28538580E+00 0.00000000E+00
0500 1.50217505E+00 2.25679360E+00 5.09547671E+00 6.66512251E-01 1.31585036E-02 1.33260917E+00 -6.11367993E+00 -6.11367993E+00 0.00000000E+00
0520 1.47163135E+00 2.16581669E+00 4.69178090E+00 6.66594257E-01 5.65474490E-03 1.47311075E+00 -5.93716307E+00 -5.93716307E+00 0.00000000E+00
0540 1.42072655E+00 2.01881170E+00 4.07839117E+00 6.66438441E-01 1.60675627E-02 1.46788673E+00 -5.75500400E+00 -5.75500400E+00 0.00000000E+00
0560 1.38423713E+00 1.91629095E+00 3.67353497E+00 6.66542856E-01 7.95403740E-03 1.49755598E+00 -5.56814841E+00 -5.56814841E+00 0.00000000E+00
0580 1.33235974E+00 1.77554555E+00 3.15510039E+00 6.66398272E-01 1.56176399E-02 1.52096442E+00 -5.37471420E+00 -5.37471420E+00 0.00000000E+00
0600 1.28608196E+00 1.65453995E+00 2.74096790E+00 6.66244693E-01 2.21695882E-02 1.50042140E+00 -5.17416385E+00 -5.17416385E+00 0.00000000E+00
0620 1.24106096E+00 1.54057044E+00 2.37541405E+00 6.66377795E-01 1.36063885E-02 1.62140871E+00 -4.96761326E+00 -4.96761326E+00 0.00000000E+00
0640 1.17757609E+00 1.38700657E+00 1.92555301E+00 6.66360709E-01 1.25182822E-02 1.75455335E+00 -4.75131915E+00 -4.75131915E+00 0.00000000E+00
0660 1.11283537E+00 1.23873204E+00 1.53608343E+00 6.66313370E-01 1.24549547E-02 1.80522497E+00 -4.52464565E+00 -4.52464565E+00 0.00000000E+00
0680 1.03465381E+00 1.07137150E+00 1.15140265E+00 6.65631165E-01 3.16635995E-02 1.88518273E+00 -4.28669954E+00 -4.28669954E+00 0.00000000E+00
0700 9.50418047E-01 9.04161470E-01 8.20616303E-01 6.65399263E-01 3.09020123E-02 1.94968678E+00 -4.03606187E+00 -4.03606187E+00 0.00000000E+00
0720 8.43899004E-01 7.13190398E-01 5.11520999E-01 6.64778984E-01 3.55138632E-02 2.17932021E+00 -3.76651698E+00 -3.76651698E+00 0.00000000E+00
0740 6.67800288E-01 4.48975996E-01 2.06751137E-01 6.58114716E-01 1.01779673E-01 2.56027758E+00 -3.47676879E+00 -3.47676879E+00 0.00000000E+00
0760 4.77093973E-01 2.31761324E-01 5.73090137E-02 6.44352505E-01 1.35996835E-01 2.67780378E+00 -3.15121264E+00 -3.15121264E+00 0.00000000E+00
0780 1.54780400E-01 2.77269440E-02 1.18335406E-03 4.86914855E-01 1.20588549E-01 1.83514781E+00 -2.82941806E+00 -2.82941806E+00 0.00000000E+00
0800 8.85340660E-02 9.12625175E-03 1.31738045E-04 4.72763985E-01 4.01678547E-02 1.50475917E+00 -2.61892346E+00 -2.61892346E+00 0.00000000E+00
0820 6.02111052E-02 4.22238528E-03 2.83687263E-05 4.69600796E-01 1.81647296E-02 1.22484684E+00 -2.45390589E+00 -2.45390589E+00 0.00000000E+00
0840 4.84655782E-02 2.77833460E-03 1.33780536E-05 4.22299713E-01 1.27546311E-02 1.00353301E+00 -2.31111870E+00 -2.31111870E+00 0.00000000E+00
0860 4.16993646E-02 2.05459780E-03 7.08848080E-06 4.40270398E-01 9.16056626E-03 9.90264349E-01 -2.18904957E+00 -2.18904957E+00 0.00000000E+00
0880 3.64183094E-02 1.56928768E-03 4.15238745E-06 4.37954485E-01 6.88931744E-03 8.49234018E-01 -2.08151782E+00 -2.08151782E+00 0.00000000E+00
0900 3.27050994E-02 1.27429236E-03 2.77825711E-06 4.29687332E-01 5.67377068E-03 6.62914931E-01 -1.98528694E+00 -1.98528694E+00 0.00000000E+00
0920 3.10656606E-02 1.12600328E-03 2.09449761E-06 4.49345356E-01 4.36421739E-03 6.62109707E-01 -1.89675350E+00 -1.89675350E+00 0.00000000E+00
0940 2.85697911E-02 9.70666617E-04 1.63126079E-06 4.22885540E-01 4.09898822E-03 5.52998386E-01 -1.81681832E+00 -1.81681832E+00 0.00000000E+00
0960 2.67503869E-02 8.41141711E-04 1.16596109E-06 4.50681197E-01 3.26315342E-03 5.20091515E-01 -1.74430197E+00 -1.74430197E+00 0.00000000E+00
0980 2.55760295E-02 7.72222792E-04 9.94713207E-07 4.43978739E-01 3.00640716E-03 4.74438901E-01 -1.67796061E+00 -1.67796061E+00 0.00000000E+00
1000 2.38525187E-02 6.71074738E-04 7.49167620E-07 4.45481598E-01 2.54814886E-03 5.11427232E-01 -1.61693277E+00 -1.61693277E+00 0.00000000E+00
1020 2.28643613E-02 6.14483791E-04 6.20286734E-07 4.52416471E-01 2.24312942E-03 4.31873472E-01 -1.55918124E+00 -1.55918124E+00 0.00000000E+00
1040 2.17259858E-02 5.51566652E-04 5.00252674E-07 4.51884400E-01 1.90835668E-03 3.96513818E-01 -1.50717590E+00 -1.50717590E+00 0.00000000E+00
1060 2.11354674E-02 5.21216092E-04 4.37807638E-07 4.62811820E-01 1.75372003E-03 4.02359209E-01 -1.45815779E+00 -1.45815779E+00 0.00000000E+00
1080 2.02877897E-02 4.78052935E-04 3.57558164E-07 4.78477000E-01 1.53528678E-03 3.71467298E-01 -1.41275712E+00 -1.41275712E+00 0.00000000E+00
1100 1.97202658E-02 4.60119718E-04 3.49323579E-07 4.49997129E-01 1.61561514E-03 3.37575446E-01 -1.36925319E+00 -1.36925319E+00 0.00000000E+00
