# k(0:nx, 0:ny, 0:nz) <= 10368
# nx, ny, nz
 24 24 18
#
     1   433   865  1297  1729  2161  2593  3025  3457  3889  4321  4753
  5185  5617  6049  6481  6913  7345  7777  8209  8641  9073  9505  9937
     1    19   451   883  1315  1747  2179  2611  3043  3475  3907  4339
  4771  5203  5635  6067  6499  6931  7363  7795  8227  8659  9091  9523
  9955    19    37   469   901  1333  1765  2197  2629  3061  3493  3925
  4357  4789  5221  5653  6085  6517  6949  7381  7813  8245  8677  9109
  9541  9973    37    55   487   919  1351  1783  2215  2647  3079  3511
  3943  4375  4807  5239  5671  6103  6535  6967  7399  7831  8263  8695
  9127  9559  9991    55    73   505   937  1369  1801  2233  2665  3097
  3529  3961  4393  4825  5257  5689  6121  6553  6985  7417  7849  8281
  8713  9145  9577 10009    73    91   523   955  1387  1819  2251  2683
  3115  3547  3979  4411  4843  5275  5707  6139  6571  7003  7435  7867
  8299  8731  9163  9595 10027    91   109   541   973  1405  1837  2269
  2701  3133  3565  3997  4429  4861  5293  5725  6157  6589  7021  7453
  7885  8317  8749  9181  9613 10045   109   127   559   991  1423  1855
  2287  2719  3151  3583  4015  4447  4879  5311  5743  6175  6607  7039
  7471  7903  8335  8767  9199  9631 10063   127   145   577  1009  1441
  1873  2305  2737  3169  3601  4033  4465  4897  5329  5761  6193  6625
  7057  7489  7921  8353  8785  9217  9649 10081   145   163   595  1027
  1459  1891  2323  2755  3187  3619  4051  4483  4915  5347  5779  6211
  6643  7075  7507  7939  8371  8803  9235  9667 10099   163   181   613
  1045  1477  1909  2341  2773  3205  3637  4069  4501  4933  5365  5797
  6229  6661  7093  7525  7957  8389  8821  9253  9685 10117   181   199
   631  1063  1495  1927  2359  2791  3223  3655  4087  4519  4951  5383
  5815  6247  6679  7111  7543  7975  8407  8839  9271  9703 10135   199
   217   649  1081  1513  1945  2377  2809  3241  3673  4105  4537  4969
  5401  5833  6265  6697  7129  7561  7993  8425  8857  9289  9721 10153
   217   235   667  1099  1531  1963  2395  2827  3259  3691  4123  4555
  4987  5419  5851  6283  6715  7147  7579  8011  8443  8875  9307  9739
 10171   235   253   685  1117  1549  1981  2413  2845  3277  3709  4141
  4573  5005  5437  5869  6301  6733  7165  7597  8029  8461  8893  9325
  9757 10189   253   271   703  1135  1567  1999  2431  2863  3295  3727
  4159  4591  5023  5455  5887  6319  6751  7183  7615  8047  8479  8911
  9343  9775 10207   271   289   721  1153  1585  2017  2449  2881  3313
  3745  4177  4609  5041  5473  5905  6337  6769  7201  7633  8065  8497
  8929  9361  9793 10225   289   307   739  1171  1603  2035  2467  2899
  3331  3763  4195  4627  5059  5491  5923  6355  6787  7219  7651  8083
  8515  8947  9379  9811 10243   307   325   757  1189  1621  2053  2485
  2917  3349  3781  4213  4645  5077  5509  5941  6373  6805  7237  7669
  8101  8533  8965  9397  9829 10261   325   343   775  1207  1639  2071
  2503  2935  3367  3799  4231  4663  5095  5527  5959  6391  6823  7255
  7687  8119  8551  8983  9415  9847 10279   343   361   793  1225  1657
  2089  2521  2953  3385  3817  4249  4681  5113  5545  5977  6409  6841
  7273  7705  8137  8569  9001  9433  9865 10297   361   379   811  1243
  1675  2107  2539  2971  3403  3835  4267  4699  5131  5563  5995  6427
  6859  7291  7723  8155  8587  9019  9451  9883 10315   379   397   829
  1261  1693  2125  2557  2989  3421  3853  4285  4717  5149  5581  6013
  6445  6877  7309  7741  8173  8605  9037  9469  9901 10333   397   415
   847  1279  1711  2143  2575  3007  3439  3871  4303  4735  5167  5599
  6031  6463  6895  7327  7759  8191  8623  9055  9487  9919 10351   415
     1   433   865  1297  1729  2161  2593  3025  3457  3889  4321  4753
  5185  5617  6049  6481  6913  7345  7777  8209  8641  9073  9505  9937
     1     2   434   866  1298  1730  2162  2594  3026  3458  3890  4322
  4754  5186  5618  6050  6482  6914  7346  7778  8210  8642  9074  9506
  9938     2    20   452   884  1316  1748  2180  2612  3044  3476  3908
  4340  4772  5204  5636  6068  6500  6932  7364  7796  8228  8660  9092
  9524  9956    20    38   470   902  1334  1766  2198  2630  3062  3494
  3926  4358  4790  5222  5654  6086  6518  6950  7382  7814  8246  8678
  9110  9542  9974    38    56   488   920  1352  1784  2216  2648  3080
  3512  3944  4376  4808  5240  5672  6104  6536  6968  7400  7832  8264
  8696  9128  9560  9992    56    74   506   938  1370  1802  2234  2666
  3098  3530  3962  4394  4826  5258  5690  6122  6554  6986  7418  7850
  8282  8714  9146  9578 10010    74    92   524   956  1388  1820  2252
  2684  3116  3548  3980  4412  4844  5276  5708  6140  6572  7004  7436
  7868  8300  8732  9164  9596 10028    92   110   542   974  1406  1838
  2270  2702  3134  3566  3998  4430  4862  5294  5726  6158  6590  7022
  7454  7886  8318  8750  9182  9614 10046   110   128   560   992  1424
  1856  2288  2720  3152  3584  4016  4448  4880  5312  5744  6176  6608
  7040  7472  7904  8336  8768  9200  9632 10064   128   146   578  1010
  1442  1874  2306  2738  3170  3602  4034  4466  4898  5330  5762  6194
  6626  7058  7490  7922  8354  8786  9218  9650 10082   146   164   596
  1028  1460  1892  2324  2756  3188  3620  4052  4484  4916  5348  5780
  6212  6644  7076  7508  7940  8372  8804  9236  9668 10100   164   182
   614  1046  1478  1910  2342  2774  3206  3638  4070  4502  4934  5366
  5798  6230  6662  7094  7526  7958  8390  8822  9254  9686 10118   182
   200   632  1064  1496  1928  2360  2792  3224  3656  4088  4520  4952
  5384  5816  6248  6680  7112  7544  7976  8408  8840  9272  9704 10136
   200   218   650  1082  1514  1946  2378  2810  3242  3674  4106  4538
  4970  5402  5834  6266  6698  7130  7562  7994  8426  8858  9290  9722
 10154   218   236   668  1100  1532  1964  2396  2828  3260  3692  4124
  4556  4988  5420  5852  6284  6716  7148  7580  8012  8444  8876  9308
  9740 10172   236   254   686  1118  1550  1982  2414  2846  3278  3710
  4142  4574  5006  5438  5870  6302  6734  7166  7598  8030  8462  8894
  9326  9758 10190   254   272   704  1136  1568  2000  2432  2864  3296
  3728  4160  4592  5024  5456  5888  6320  6752  7184  7616  8048  8480
  8912  9344  9776 10208   272   290   722  1154  1586  2018  2450  2882
  3314  3746  4178  4610  5042  5474  5906  6338  6770  7202  7634  8066
  8498  8930  9362  9794 10226   290   308   740  1172  1604  2036  2468
  2900  3332  3764  4196  4628  5060  5492  5924  6356  6788  7220  7652
  8084  8516  8948  9380  9812 10244   308   326   758  1190  1622  2054
  2486  2918  3350  3782  4214  4646  5078  5510  5942  6374  6806  7238
  7670  8102  8534  8966  9398  9830 10262   326   344   776  1208  1640
  2072  2504  2936  3368  3800  4232  4664  5096  5528  5960  6392  6824
  7256  7688  8120  8552  8984  9416  9848 10280   344   362   794  1226
  1658  2090  2522  2954  3386  3818  4250  4682  5114  5546  5978  6410
  6842  7274  7706  8138  8570  9002  9434  9866 10298   362   380   812
  1244  1676  2108  2540  2972  3404  3836  4268  4700  5132  5564  5996
  6428  6860  7292  7724  8156  8588  9020  9452  9884 10316   380   398
   830  1262  1694  2126  2558  2990  3422  3854  4286  4718  5150  5582
  6014  6446  6878  7310  7742  8174  8606  9038  9470  9902 10334   398
   416   848  1280  1712  2144  2576  3008  3440  3872  4304  4736  5168
  5600  6032  6464  6896  7328  7760  8192  8624  9056  9488  9920 10352
   416     2   434   866  1298  1730  2162  2594  3026  3458  3890  4322
  4754  5186  5618  6050  6482  6914  7346  7778  8210  8642  9074  9506
  9938     2     3   435   867  1299  1731  2163  2595  3027  3459  3891
  4323  4755  5187  5619  6051  6483  6915  7347  7779  8211  8643  9075
  9507  9939     3    21   453   885  1317  1749  2181  2613  3045  3477
  3909  4341  4773  5205  5637  6069  6501  6933  7365  7797  8229  8661
  9093  9525  9957    21    39   471   903  1335  1767  2199  2631  3063
  3495  3927  4359  4791  5223  5655  6087  6519  6951  7383  7815  8247
  8679  9111  9543  9975    39    57   489   921  1353  1785  2217  2649
  3081  3513  3945  4377  4809  5241  5673  6105  6537  6969  7401  7833
  8265  8697  9129  9561  9993    57    75   507   939  1371  1803  2235
  2667  3099  3531  3963  4395  4827  5259  5691  6123  6555  6987  7419
  7851  8283  8715  9147  9579 10011    75    93   525   957  1389  1821
  2253  2685  3117  3549  3981  4413  4845  5277  5709  6141  6573  7005
  7437  7869  8301  8733  9165  9597 10029    93   111   543   975  1407
  1839  2271  2703  3135  3567  3999  4431  4863  5295  5727  6159  6591
  7023  7455  7887  8319  8751  9183  9615 10047   111   129   561   993
  1425  1857  2289  2721  3153  3585  4017  4449  4881  5313  5745  6177
  6609  7041  7473  7905  8337  8769  9201  9633 10065   129   147   579
  1011  1443  1875  2307  2739  3171  3603  4035  4467  4899  5331  5763
  6195  6627  7059  7491  7923  8355  8787  9219  9651 10083   147   165
   597  1029  1461  1893  2325  2757  3189  3621  4053  4485  4917  5349
  5781  6213  6645  7077  7509  7941  8373  8805  9237  9669 10101   165
   183   615  1047  1479  1911  2343  2775  3207  3639  4071  4503  4935
  5367  5799  6231  6663  7095  7527  7959  8391  8823  9255  9687 10119
   183   201   633  1065  1497  1929  2361  2793  3225  3657  4089  4521
  4953  5385  5817  6249  6681  7113  7545  7977  8409  8841  9273  9705
 10137   201   219   651  1083  1515  1947  2379  2811  3243  3675  4107
  4539  4971  5403  5835  6267  6699  7131  7563  7995  8427  8859  9291
  9723 10155   219   237   669  1101  1533  1965  2397  2829  3261  3693
  4125  4557  4989  5421  5853  6285  6717  7149  7581  8013  8445  8877
  9309  9741 10173   237   255   687  1119  1551  1983  2415  2847  3279
  3711  4143  4575  5007  5439  5871  6303  6735  7167  7599  8031  8463
  8895  9327  9759 10191   255   273   705  1137  1569  2001  2433  2865
  3297  3729  4161  4593  5025  5457  5889  6321  6753  7185  7617  8049
  8481  8913  9345  9777 10209   273   291   723  1155  1587  2019  2451
  2883  3315  3747  4179  4611  5043  5475  5907  6339  6771  7203  7635
  8067  8499  8931  9363  9795 10227   291   309   741  1173  1605  2037
  2469  2901  3333  3765  4197  4629  5061  5493  5925  6357  6789  7221
  7653  8085  8517  8949  9381  9813 10245   309   327   759  1191  1623
  2055  2487  2919  3351  3783  4215  4647  5079  5511  5943  6375  6807
  7239  7671  8103  8535  8967  9399  9831 10263   327   345   777  1209
  1641  2073  2505  2937  3369  3801  4233  4665  5097  5529  5961  6393
  6825  7257  7689  8121  8553  8985  9417  9849 10281   345   363   795
  1227  1659  2091  2523  2955  3387  3819  4251  4683  5115  5547  5979
  6411  6843  7275  7707  8139  8571  9003  9435  9867 10299   363   381
   813  1245  1677  2109  2541  2973  3405  3837  4269  4701  5133  5565
  5997  6429  6861  7293  7725  8157  8589  9021  9453  9885 10317   381
   399   831  1263  1695  2127  2559  2991  3423  3855  4287  4719  5151
  5583  6015  6447  6879  7311  7743  8175  8607  9039  9471  9903 10335
   399   417   849  1281  1713  2145  2577  3009  3441  3873  4305  4737
  5169  5601  6033  6465  6897  7329  7761  8193  8625  9057  9489  9921
 10353   417     3   435   867  1299  1731  2163  2595  3027  3459  3891
  4323  4755  5187  5619  6051  6483  6915  7347  7779  8211  8643  9075
  9507  9939     3     4   436   868  1300  1732  2164  2596  3028  3460
  3892  4324  4756  5188  5620  6052  6484  6916  7348  7780  8212  8644
  9076  9508  9940     4    22   454   886  1318  1750  2182  2614  3046
  3478  3910  4342  4774  5206  5638  6070  6502  6934  7366  7798  8230
  8662  9094  9526  9958    22    40   472   904  1336  1768  2200  2632
  3064  3496  3928  4360  4792  5224  5656  6088  6520  6952  7384  7816
  8248  8680  9112  9544  9976    40    58   490   922  1354  1786  2218
  2650  3082  3514  3946  4378  4810  5242  5674  6106  6538  6970  7402
  7834  8266  8698  9130  9562  9994    58    76   508   940  1372  1804
  2236  2668  3100  3532  3964  4396  4828  5260  5692  6124  6556  6988
  7420  7852  8284  8716  9148  9580 10012    76    94   526   958  1390
  1822  2254  2686  3118  3550  3982  4414  4846  5278  5710  6142  6574
  7006  7438  7870  8302  8734  9166  9598 10030    94   112   544   976
  1408  1840  2272  2704  3136  3568  4000  4432  4864  5296  5728  6160
  6592  7024  7456  7888  8320  8752  9184  9616 10048   112   130   562
   994  1426  1858  2290  2722  3154  3586  4018  4450  4882  5314  5746
  6178  6610  7042  7474  7906  8338  8770  9202  9634 10066   130   148
   580  1012  1444  1876  2308  2740  3172  3604  4036  4468  4900  5332
  5764  6196  6628  7060  7492  7924  8356  8788  9220  9652 10084   148
   166   598  1030  1462  1894  2326  2758  3190  3622  4054  4486  4918
  5350  5782  6214  6646  7078  7510  7942  8374  8806  9238  9670 10102
   166   184   616  1048  1480  1912  2344  2776  3208  3640  4072  4504
  4936  5368  5800  6232  6664  7096  7528  7960  8392  8824  9256  9688
 10120   184   202   634  1066  1498  1930  2362  2794  3226  3658  4090
  4522  4954  5386  5818  6250  6682  7114  7546  7978  8410  8842  9274
  9706 10138   202   220   652  1084  1516  1948  2380  2812  3244  3676
  4108  4540  4972  5404  5836  6268  6700  7132  7564  7996  8428  8860
  9292  9724 10156   220   238   670  1102  1534  1966  2398  2830  3262
  3694  4126  4558  4990  5422  5854  6286  6718  7150  7582  8014  8446
  8878  9310  9742 10174   238   256   688  1120  1552  1984  2416  2848
  3280  3712  4144  4576  5008  5440  5872  6304  6736  7168  7600  8032
  8464  8896  9328  9760 10192   256   274   706  1138  1570  2002  2434
  2866  3298  3730  4162  4594  5026  5458  5890  6322  6754  7186  7618
  8050  8482  8914  9346  9778 10210   274   292   724  1156  1588  2020
  2452  2884  3316  3748  4180  4612  5044  5476  5908  6340  6772  7204
  7636  8068  8500  8932  9364  9796 10228   292   310   742  1174  1606
  2038  2470  2902  3334  3766  4198  4630  5062  5494  5926  6358  6790
  7222  7654  8086  8518  8950  9382  9814 10246   310   328   760  1192
  1624  2056  2488  2920  3352  3784  4216  4648  5080  5512  5944  6376
  6808  7240  7672  8104  8536  8968  9400  9832 10264   328   346   778
  1210  1642  2074  2506  2938  3370  3802  4234  4666  5098  5530  5962
  6394  6826  7258  7690  8122  8554  8986  9418  9850 10282   346   364
   796  1228  1660  2092  2524  2956  3388  3820  4252  4684  5116  5548
  5980  6412  6844  7276  7708  8140  8572  9004  9436  9868 10300   364
   382   814  1246  1678  2110  2542  2974  3406  3838  4270  4702  5134
  5566  5998  6430  6862  7294  7726  8158  8590  9022  9454  9886 10318
   382   400   832  1264  1696  2128  2560  2992  3424  3856  4288  4720
  5152  5584  6016  6448  6880  7312  7744  8176  8608  9040  9472  9904
 10336   400   418   850  1282  1714  2146  2578  3010  3442  3874  4306
  4738  5170  5602  6034  6466  6898  7330  7762  8194  8626  9058  9490
  9922 10354   418     4   436   868  1300  1732  2164  2596  3028  3460
  3892  4324  4756  5188  5620  6052  6484  6916  7348  7780  8212  8644
  9076  9508  9940     4     5   437   869  1301  1733  2165  2597  3029
  3461  3893  4325  4757  5189  5621  6053  6485  6917  7349  7781  8213
  8645  9077  9509  9941     5    23   455   887  1319  1751  2183  2615
  3047  3479  3911  4343  4775  5207  5639  6071  6503  6935  7367  7799
  8231  8663  9095  9527  9959    23    41   473   905  1337  1769  2201
  2633  3065  3497  3929  4361  4793  5225  5657  6089  6521  6953  7385
  7817  8249  8681  9113  9545  9977    41    59   491   923  1355  1787
  2219  2651  3083  3515  3947  4379  4811  5243  5675  6107  6539  6971
  7403  7835  8267  8699  9131  9563  9995    59    77   509   941  1373
  1805  2237  2669  3101  3533  3965  4397  4829  5261  5693  6125  6557
  6989  7421  7853  8285  8717  9149  9581 10013    77    95   527   959
  1391  1823  2255  2687  3119  3551  3983  4415  4847  5279  5711  6143
  6575  7007  7439  7871  8303  8735  9167  9599 10031    95   113   545
   977  1409  1841  2273  2705  3137  3569  4001  4433  4865  5297  5729
  6161  6593  7025  7457  7889  8321  8753  9185  9617 10049   113   131
   563   995  1427  1859  2291  2723  3155  3587  4019  4451  4883  5315
  5747  6179  6611  7043  7475  7907  8339  8771  9203  9635 10067   131
   149   581  1013  1445  1877  2309  2741  3173  3605  4037  4469  4901
  5333  5765  6197  6629  7061  7493  7925  8357  8789  9221  9653 10085
   149   167   599  1031  1463  1895  2327  2759  3191  3623  4055  4487
  4919  5351  5783  6215  6647  7079  7511  7943  8375  8807  9239  9671
 10103   167   185   617  1049  1481  1913  2345  2777  3209  3641  4073
  4505  4937  5369  5801  6233  6665  7097  7529  7961  8393  8825  9257
  9689 10121   185   203   635  1067  1499  1931  2363  2795  3227  3659
  4091  4523  4955  5387  5819  6251  6683  7115  7547  7979  8411  8843
  9275  9707 10139   203   221   653  1085  1517  1949  2381  2813  3245
  3677  4109  4541  4973  5405  5837  6269  6701  7133  7565  7997  8429
  8861  9293  9725 10157   221   239   671  1103  1535  1967  2399  2831
  3263  3695  4127  4559  4991  5423  5855  6287  6719  7151  7583  8015
  8447  8879  9311  9743 10175   239   257   689  1121  1553  1985  2417
  2849  3281  3713  4145  4577  5009  5441  5873  6305  6737  7169  7601
  8033  8465  8897  9329  9761 10193   257   275   707  1139  1571  2003
  2435  2867  3299  3731  4163  4595  5027  5459  5891  6323  6755  7187
  7619  8051  8483  8915  9347  9779 10211   275   293   725  1157  1589
  2021  2453  2885  3317  3749  4181  4613  5045  5477  5909  6341  6773
  7205  7637  8069  8501  8933  9365  9797 10229   293   311   743  1175
  1607  2039  2471  2903  3335  3767  4199  4631  5063  5495  5927  6359
  6791  7223  7655  8087  8519  8951  9383  9815 10247   311   329   761
  1193  1625  2057  2489  2921  3353  3785  4217  4649  5081  5513  5945
  6377  6809  7241  7673  8105  8537  8969  9401  9833 10265   329   347
   779  1211  1643  2075  2507  2939  3371  3803  4235  4667  5099  5531
  5963  6395  6827  7259  7691  8123  8555  8987  9419  9851 10283   347
   365   797  1229  1661  2093  2525  2957  3389  3821  4253  4685  5117
  5549  5981  6413  6845  7277  7709  8141  8573  9005  9437  9869 10301
   365   383   815  1247  1679  2111  2543  2975  3407  3839  4271  4703
  5135  5567  5999  6431  6863  7295  7727  8159  8591  9023  9455  9887
 10319   383   401   833  1265  1697  2129  2561  2993  3425  3857  4289
  4721  5153  5585  6017  6449  6881  7313  7745  8177  8609  9041  9473
  9905 10337   401   419   851  1283  1715  2147  2579  3011  3443  3875
  4307  4739  5171  5603  6035  6467  6899  7331  7763  8195  8627  9059
  9491  9923 10355   419     5   437   869  1301  1733  2165  2597  3029
  3461  3893  4325  4757  5189  5621  6053  6485  6917  7349  7781  8213
  8645  9077  9509  9941     5     6   438   870  1302  1734  2166  2598
  3030  3462  3894  4326  4758  5190  5622  6054  6486  6918  7350  7782
  8214  8646  9078  9510  9942     6    24   456   888  1320  1752  2184
  2616  3048  3480  3912  4344  4776  5208  5640  6072  6504  6936  7368
  7800  8232  8664  9096  9528  9960    24    42   474   906  1338  1770
  2202  2634  3066  3498  3930  4362  4794  5226  5658  6090  6522  6954
  7386  7818  8250  8682  9114  9546  9978    42    60   492   924  1356
  1788  2220  2652  3084  3516  3948  4380  4812  5244  5676  6108  6540
  6972  7404  7836  8268  8700  9132  9564  9996    60    78   510   942
  1374  1806  2238  2670  3102  3534  3966  4398  4830  5262  5694  6126
  6558  6990  7422  7854  8286  8718  9150  9582 10014    78    96   528
   960  1392  1824  2256  2688  3120  3552  3984  4416  4848  5280  5712
  6144  6576  7008  7440  7872  8304  8736  9168  9600 10032    96   114
   546   978  1410  1842  2274  2706  3138  3570  4002  4434  4866  5298
  5730  6162  6594  7026  7458  7890  8322  8754  9186  9618 10050   114
   132   564   996  1428  1860  2292  2724  3156  3588  4020  4452  4884
  5316  5748  6180  6612  7044  7476  7908  8340  8772  9204  9636 10068
   132   150   582  1014  1446  1878  2310  2742  3174  3606  4038  4470
  4902  5334  5766  6198  6630  7062  7494  7926  8358  8790  9222  9654
 10086   150   168   600  1032  1464  1896  2328  2760  3192  3624  4056
  4488  4920  5352  5784  6216  6648  7080  7512  7944  8376  8808  9240
  9672 10104   168   186   618  1050  1482  1914  2346  2778  3210  3642
  4074  4506  4938  5370  5802  6234  6666  7098  7530  7962  8394  8826
  9258  9690 10122   186   204   636  1068  1500  1932  2364  2796  3228
  3660  4092  4524  4956  5388  5820  6252  6684  7116  7548  7980  8412
  8844  9276  9708 10140   204   222   654  1086  1518  1950  2382  2814
  3246  3678  4110  4542  4974  5406  5838  6270  6702  7134  7566  7998
  8430  8862  9294  9726 10158   222   240   672  1104  1536  1968  2400
  2832  3264  3696  4128  4560  4992  5424  5856  6288  6720  7152  7584
  8016  8448  8880  9312  9744 10176   240   258   690  1122  1554  1986
  2418  2850  3282  3714  4146  4578  5010  5442  5874  6306  6738  7170
  7602  8034  8466  8898  9330  9762 10194   258   276   708  1140  1572
  2004  2436  2868  3300  3732  4164  4596  5028  5460  5892  6324  6756
  7188  7620  8052  8484  8916  9348  9780 10212   276   294   726  1158
  1590  2022  2454  2886  3318  3750  4182  4614  5046  5478  5910  6342
  6774  7206  7638  8070  8502  8934  9366  9798 10230   294   312   744
  1176  1608  2040  2472  2904  3336  3768  4200  4632  5064  5496  5928
  6360  6792  7224  7656  8088  8520  8952  9384  9816 10248   312   330
   762  1194  1626  2058  2490  2922  3354  3786  4218  4650  5082  5514
  5946  6378  6810  7242  7674  8106  8538  8970  9402  9834 10266   330
   348   780  1212  1644  2076  2508  2940  3372  3804  4236  4668  5100
  5532  5964  6396  6828  7260  7692  8124  8556  8988  9420  9852 10284
   348   366   798  1230  1662  2094  2526  2958  3390  3822  4254  4686
  5118  5550  5982  6414  6846  7278  7710  8142  8574  9006  9438  9870
 10302   366   384   816  1248  1680  2112  2544  2976  3408  3840  4272
  4704  5136  5568  6000  6432  6864  7296  7728  8160  8592  9024  9456
  9888 10320   384   402   834  1266  1698  2130  2562  2994  3426  3858
  4290  4722  5154  5586  6018  6450  6882  7314  7746  8178  8610  9042
  9474  9906 10338   402   420   852  1284  1716  2148  2580  3012  3444
  3876  4308  4740  5172  5604  6036  6468  6900  7332  7764  8196  8628
  9060  9492  9924 10356   420     6   438   870  1302  1734  2166  2598
  3030  3462  3894  4326  4758  5190  5622  6054  6486  6918  7350  7782
  8214  8646  9078  9510  9942     6     7   439   871  1303  1735  2167
  2599  3031  3463  3895  4327  4759  5191  5623  6055  6487  6919  7351
  7783  8215  8647  9079  9511  9943     7    25   457   889  1321  1753
  2185  2617  3049  3481  3913  4345  4777  5209  5641  6073  6505  6937
  7369  7801  8233  8665  9097  9529  9961    25    43   475   907  1339
  1771  2203  2635  3067  3499  3931  4363  4795  5227  5659  6091  6523
  6955  7387  7819  8251  8683  9115  9547  9979    43    61   493   925
  1357  1789  2221  2653  3085  3517  3949  4381  4813  5245  5677  6109
  6541  6973  7405  7837  8269  8701  9133  9565  9997    61    79   511
   943  1375  1807  2239  2671  3103  3535  3967  4399  4831  5263  5695
  6127  6559  6991  7423  7855  8287  8719  9151  9583 10015    79    97
   529   961  1393  1825  2257  2689  3121  3553  3985  4417  4849  5281
  5713  6145  6577  7009  7441  7873  8305  8737  9169  9601 10033    97
   115   547   979  1411  1843  2275  2707  3139  3571  4003  4435  4867
  5299  5731  6163  6595  7027  7459  7891  8323  8755  9187  9619 10051
   115   133   565   997  1429  1861  2293  2725  3157  3589  4021  4453
  4885  5317  5749  6181  6613  7045  7477  7909  8341  8773  9205  9637
 10069   133   151   583  1015  1447  1879  2311  2743  3175  3607  4039
  4471  4903  5335  5767  6199  6631  7063  7495  7927  8359  8791  9223
  9655 10087   151   169   601  1033  1465  1897  2329  2761  3193  3625
  4057  4489  4921  5353  5785  6217  6649  7081  7513  7945  8377  8809
  9241  9673 10105   169   187   619  1051  1483  1915  2347  2779  3211
  3643  4075  4507  4939  5371  5803  6235  6667  7099  7531  7963  8395
  8827  9259  9691 10123   187   205   637  1069  1501  1933  2365  2797
  3229  3661  4093  4525  4957  5389  5821  6253  6685  7117  7549  7981
  8413  8845  9277  9709 10141   205   223   655  1087  1519  1951  2383
  2815  3247  3679  4111  4543  4975  5407  5839  6271  6703  7135  7567
  7999  8431  8863  9295  9727 10159   223   241   673  1105  1537  1969
  2401  2833  3265  3697  4129  4561  4993  5425  5857  6289  6721  7153
  7585  8017  8449  8881  9313  9745 10177   241   259   691  1123  1555
  1987  2419  2851  3283  3715  4147  4579  5011  5443  5875  6307  6739
  7171  7603  8035  8467  8899  9331  9763 10195   259   277   709  1141
  1573  2005  2437  2869  3301  3733  4165  4597  5029  5461  5893  6325
  6757  7189  7621  8053  8485  8917  9349  9781 10213   277   295   727
  1159  1591  2023  2455  2887  3319  3751  4183  4615  5047  5479  5911
  6343  6775  7207  7639  8071  8503  8935  9367  9799 10231   295   313
   745  1177  1609  2041  2473  2905  3337  3769  4201  4633  5065  5497
  5929  6361  6793  7225  7657  8089  8521  8953  9385  9817 10249   313
   331   763  1195  1627  2059  2491  2923  3355  3787  4219  4651  5083
  5515  5947  6379  6811  7243  7675  8107  8539  8971  9403  9835 10267
   331   349   781  1213  1645  2077  2509  2941  3373  3805  4237  4669
  5101  5533  5965  6397  6829  7261  7693  8125  8557  8989  9421  9853
 10285   349   367   799  1231  1663  2095  2527  2959  3391  3823  4255
  4687  5119  5551  5983  6415  6847  7279  7711  8143  8575  9007  9439
  9871 10303   367   385   817  1249  1681  2113  2545  2977  3409  3841
  4273  4705  5137  5569  6001  6433  6865  7297  7729  8161  8593  9025
  9457  9889 10321   385   403   835  1267  1699  2131  2563  2995  3427
  3859  4291  4723  5155  5587  6019  6451  6883  7315  7747  8179  8611
  9043  9475  9907 10339   403   421   853  1285  1717  2149  2581  3013
  3445  3877  4309  4741  5173  5605  6037  6469  6901  7333  7765  8197
  8629  9061  9493  9925 10357   421     7   439   871  1303  1735  2167
  2599  3031  3463  3895  4327  4759  5191  5623  6055  6487  6919  7351
  7783  8215  8647  9079  9511  9943     7     8   440   872  1304  1736
  2168  2600  3032  3464  3896  4328  4760  5192  5624  6056  6488  6920
  7352  7784  8216  8648  9080  9512  9944     8    26   458   890  1322
  1754  2186  2618  3050  3482  3914  4346  4778  5210  5642  6074  6506
  6938  7370  7802  8234  8666  9098  9530  9962    26    44   476   908
  1340  1772  2204  2636  3068  3500  3932  4364  4796  5228  5660  6092
  6524  6956  7388  7820  8252  8684  9116  9548  9980    44    62   494
   926  1358  1790  2222  2654  3086  3518  3950  4382  4814  5246  5678
  6110  6542  6974  7406  7838  8270  8702  9134  9566  9998    62    80
   512   944  1376  1808  2240  2672  3104  3536  3968  4400  4832  5264
  5696  6128  6560  6992  7424  7856  8288  8720  9152  9584 10016    80
    98   530   962  1394  1826  2258  2690  3122  3554  3986  4418  4850
  5282  5714  6146  6578  7010  7442  7874  8306  8738  9170  9602 10034
    98   116   548   980  1412  1844  2276  2708  3140  3572  4004  4436
  4868  5300  5732  6164  6596  7028  7460  7892  8324  8756  9188  9620
 10052   116   134   566   998  1430  1862  2294  2726  3158  3590  4022
  4454  4886  5318  5750  6182  6614  7046  7478  7910  8342  8774  9206
  9638 10070   134   152   584  1016  1448  1880  2312  2744  3176  3608
  4040  4472  4904  5336  5768  6200  6632  7064  7496  7928  8360  8792
  9224  9656 10088   152   170   602  1034  1466  1898  2330  2762  3194
  3626  4058  4490  4922  5354  5786  6218  6650  7082  7514  7946  8378
  8810  9242  9674 10106   170   188   620  1052  1484  1916  2348  2780
  3212  3644  4076  4508  4940  5372  5804  6236  6668  7100  7532  7964
  8396  8828  9260  9692 10124   188   206   638  1070  1502  1934  2366
  2798  3230  3662  4094  4526  4958  5390  5822  6254  6686  7118  7550
  7982  8414  8846  9278  9710 10142   206   224   656  1088  1520  1952
  2384  2816  3248  3680  4112  4544  4976  5408  5840  6272  6704  7136
  7568  8000  8432  8864  9296  9728 10160   224   242   674  1106  1538
  1970  2402  2834  3266  3698  4130  4562  4994  5426  5858  6290  6722
  7154  7586  8018  8450  8882  9314  9746 10178   242   260   692  1124
  1556  1988  2420  2852  3284  3716  4148  4580  5012  5444  5876  6308
  6740  7172  7604  8036  8468  8900  9332  9764 10196   260   278   710
  1142  1574  2006  2438  2870  3302  3734  4166  4598  5030  5462  5894
  6326  6758  7190  7622  8054  8486  8918  9350  9782 10214   278   296
   728  1160  1592  2024  2456  2888  3320  3752  4184  4616  5048  5480
  5912  6344  6776  7208  7640  8072  8504  8936  9368  9800 10232   296
   314   746  1178  1610  2042  2474  2906  3338  3770  4202  4634  5066
  5498  5930  6362  6794  7226  7658  8090  8522  8954  9386  9818 10250
   314   332   764  1196  1628  2060  2492  2924  3356  3788  4220  4652
  5084  5516  5948  6380  6812  7244  7676  8108  8540  8972  9404  9836
 10268   332   350   782  1214  1646  2078  2510  2942  3374  3806  4238
  4670  5102  5534  5966  6398  6830  7262  7694  8126  8558  8990  9422
  9854 10286   350   368   800  1232  1664  2096  2528  2960  3392  3824
  4256  4688  5120  5552  5984  6416  6848  7280  7712  8144  8576  9008
  9440  9872 10304   368   386   818  1250  1682  2114  2546  2978  3410
  3842  4274  4706  5138  5570  6002  6434  6866  7298  7730  8162  8594
  9026  9458  9890 10322   386   404   836  1268  1700  2132  2564  2996
  3428  3860  4292  4724  5156  5588  6020  6452  6884  7316  7748  8180
  8612  9044  9476  9908 10340   404   422   854  1286  1718  2150  2582
  3014  3446  3878  4310  4742  5174  5606  6038  6470  6902  7334  7766
  8198  8630  9062  9494  9926 10358   422     8   440   872  1304  1736
  2168  2600  3032  3464  3896  4328  4760  5192  5624  6056  6488  6920
  7352  7784  8216  8648  9080  9512  9944     8     9   441   873  1305
  1737  2169  2601  3033  3465  3897  4329  4761  5193  5625  6057  6489
  6921  7353  7785  8217  8649  9081  9513  9945     9    27   459   891
  1323  1755  2187  2619  3051  3483  3915  4347  4779  5211  5643  6075
  6507  6939  7371  7803  8235  8667  9099  9531  9963    27    45   477
   909  1341  1773  2205  2637  3069  3501  3933  4365  4797  5229  5661
  6093  6525  6957  7389  7821  8253  8685  9117  9549  9981    45    63
   495   927  1359  1791  2223  2655  3087  3519  3951  4383  4815  5247
  5679  6111  6543  6975  7407  7839  8271  8703  9135  9567  9999    63
    81   513   945  1377  1809  2241  2673  3105  3537  3969  4401  4833
  5265  5697  6129  6561  6993  7425  7857  8289  8721  9153  9585 10017
    81    99   531   963  1395  1827  2259  2691  3123  3555  3987  4419
  4851  5283  5715  6147  6579  7011  7443  7875  8307  8739  9171  9603
 10035    99   117   549   981  1413  1845  2277  2709  3141  3573  4005
  4437  4869  5301  5733  6165  6597  7029  7461  7893  8325  8757  9189
  9621 10053   117   135   567   999  1431  1863  2295  2727  3159  3591
  4023  4455  4887  5319  5751  6183  6615  7047  7479  7911  8343  8775
  9207  9639 10071   135   153   585  1017  1449  1881  2313  2745  3177
  3609  4041  4473  4905  5337  5769  6201  6633  7065  7497  7929  8361
  8793  9225  9657 10089   153   171   603  1035  1467  1899  2331  2763
  3195  3627  4059  4491  4923  5355  5787  6219  6651  7083  7515  7947
  8379  8811  9243  9675 10107   171   189   621  1053  1485  1917  2349
  2781  3213  3645  4077  4509  4941  5373  5805  6237  6669  7101  7533
  7965  8397  8829  9261  9693 10125   189   207   639  1071  1503  1935
  2367  2799  3231  3663  4095  4527  4959  5391  5823  6255  6687  7119
  7551  7983  8415  8847  9279  9711 10143   207   225   657  1089  1521
  1953  2385  2817  3249  3681  4113  4545  4977  5409  5841  6273  6705
  7137  7569  8001  8433  8865  9297  9729 10161   225   243   675  1107
  1539  1971  2403  2835  3267  3699  4131  4563  4995  5427  5859  6291
  6723  7155  7587  8019  8451  8883  9315  9747 10179   243   261   693
  1125  1557  1989  2421  2853  3285  3717  4149  4581  5013  5445  5877
  6309  6741  7173  7605  8037  8469  8901  9333  9765 10197   261   279
   711  1143  1575  2007  2439  2871  3303  3735  4167  4599  5031  5463
  5895  6327  6759  7191  7623  8055  8487  8919  9351  9783 10215   279
   297   729  1161  1593  2025  2457  2889  3321  3753  4185  4617  5049
  5481  5913  6345  6777  7209  7641  8073  8505  8937  9369  9801 10233
   297   315   747  1179  1611  2043  2475  2907  3339  3771  4203  4635
  5067  5499  5931  6363  6795  7227  7659  8091  8523  8955  9387  9819
 10251   315   333   765  1197  1629  2061  2493  2925  3357  3789  4221
  4653  5085  5517  5949  6381  6813  7245  7677  8109  8541  8973  9405
  9837 10269   333   351   783  1215  1647  2079  2511  2943  3375  3807
  4239  4671  5103  5535  5967  6399  6831  7263  7695  8127  8559  8991
  9423  9855 10287   351   369   801  1233  1665  2097  2529  2961  3393
  3825  4257  4689  5121  5553  5985  6417  6849  7281  7713  8145  8577
  9009  9441  9873 10305   369   387   819  1251  1683  2115  2547  2979
  3411  3843  4275  4707  5139  5571  6003  6435  6867  7299  7731  8163
  8595  9027  9459  9891 10323   387   405   837  1269  1701  2133  2565
  2997  3429  3861  4293  4725  5157  5589  6021  6453  6885  7317  7749
  8181  8613  9045  9477  9909 10341   405   423   855  1287  1719  2151
  2583  3015  3447  3879  4311  4743  5175  5607  6039  6471  6903  7335
  7767  8199  8631  9063  9495  9927 10359   423     9   441   873  1305
  1737  2169  2601  3033  3465  3897  4329  4761  5193  5625  6057  6489
  6921  7353  7785  8217  8649  9081  9513  9945     9    10   442   874
  1306  1738  2170  2602  3034  3466  3898  4330  4762  5194  5626  6058
  6490  6922  7354  7786  8218  8650  9082  9514  9946    10    28   460
   892  1324  1756  2188  2620  3052  3484  3916  4348  4780  5212  5644
  6076  6508  6940  7372  7804  8236  8668  9100  9532  9964    28    46
   478   910  1342  1774  2206  2638  3070  3502  3934  4366  4798  5230
  5662  6094  6526  6958  7390  7822  8254  8686  9118  9550  9982    46
    64   496   928  1360  1792  2224  2656  3088  3520  3952  4384  4816
  5248  5680  6112  6544  6976  7408  7840  8272  8704  9136  9568 10000
    64    82   514   946  1378  1810  2242  2674  3106  3538  3970  4402
  4834  5266  5698  6130  6562  6994  7426  7858  8290  8722  9154  9586
 10018    82   100   532   964  1396  1828  2260  2692  3124  3556  3988
  4420  4852  5284  5716  6148  6580  7012  7444  7876  8308  8740  9172
  9604 10036   100   118   550   982  1414  1846  2278  2710  3142  3574
  4006  4438  4870  5302  5734  6166  6598  7030  7462  7894  8326  8758
  9190  9622 10054   118   136   568  1000  1432  1864  2296  2728  3160
  3592  4024  4456  4888  5320  5752  6184  6616  7048  7480  7912  8344
  8776  9208  9640 10072   136   154   586  1018  1450  1882  2314  2746
  3178  3610  4042  4474  4906  5338  5770  6202  6634  7066  7498  7930
  8362  8794  9226  9658 10090   154   172   604  1036  1468  1900  2332
  2764  3196  3628  4060  4492  4924  5356  5788  6220  6652  7084  7516
  7948  8380  8812  9244  9676 10108   172   190   622  1054  1486  1918
  2350  2782  3214  3646  4078  4510  4942  5374  5806  6238  6670  7102
  7534  7966  8398  8830  9262  9694 10126   190   208   640  1072  1504
  1936  2368  2800  3232  3664  4096  4528  4960  5392  5824  6256  6688
  7120  7552  7984  8416  8848  9280  9712 10144   208   226   658  1090
  1522  1954  2386  2818  3250  3682  4114  4546  4978  5410  5842  6274
  6706  7138  7570  8002  8434  8866  9298  9730 10162   226   244   676
  1108  1540  1972  2404  2836  3268  3700  4132  4564  4996  5428  5860
  6292  6724  7156  7588  8020  8452  8884  9316  9748 10180   244   262
   694  1126  1558  1990  2422  2854  3286  3718  4150  4582  5014  5446
  5878  6310  6742  7174  7606  8038  8470  8902  9334  9766 10198   262
   280   712  1144  1576  2008  2440  2872  3304  3736  4168  4600  5032
  5464  5896  6328  6760  7192  7624  8056  8488  8920  9352  9784 10216
   280   298   730  1162  1594  2026  2458  2890  3322  3754  4186  4618
  5050  5482  5914  6346  6778  7210  7642  8074  8506  8938  9370  9802
 10234   298   316   748  1180  1612  2044  2476  2908  3340  3772  4204
  4636  5068  5500  5932  6364  6796  7228  7660  8092  8524  8956  9388
  9820 10252   316   334   766  1198  1630  2062  2494  2926  3358  3790
  4222  4654  5086  5518  5950  6382  6814  7246  7678  8110  8542  8974
  9406  9838 10270   334   352   784  1216  1648  2080  2512  2944  3376
  3808  4240  4672  5104  5536  5968  6400  6832  7264  7696  8128  8560
  8992  9424  9856 10288   352   370   802  1234  1666  2098  2530  2962
  3394  3826  4258  4690  5122  5554  5986  6418  6850  7282  7714  8146
  8578  9010  9442  9874 10306   370   388   820  1252  1684  2116  2548
  2980  3412  3844  4276  4708  5140  5572  6004  6436  6868  7300  7732
  8164  8596  9028  9460  9892 10324   388   406   838  1270  1702  2134
  2566  2998  3430  3862  4294  4726  5158  5590  6022  6454  6886  7318
  7750  8182  8614  9046  9478  9910 10342   406   424   856  1288  1720
  2152  2584  3016  3448  3880  4312  4744  5176  5608  6040  6472  6904
  7336  7768  8200  8632  9064  9496  9928 10360   424    10   442   874
  1306  1738  2170  2602  3034  3466  3898  4330  4762  5194  5626  6058
  6490  6922  7354  7786  8218  8650  9082  9514  9946    10    11   443
   875  1307  1739  2171  2603  3035  3467  3899  4331  4763  5195  5627
  6059  6491  6923  7355  7787  8219  8651  9083  9515  9947    11    29
   461   893  1325  1757  2189  2621  3053  3485  3917  4349  4781  5213
  5645  6077  6509  6941  7373  7805  8237  8669  9101  9533  9965    29
    47   479   911  1343  1775  2207  2639  3071  3503  3935  4367  4799
  5231  5663  6095  6527  6959  7391  7823  8255  8687  9119  9551  9983
    47    65   497   929  1361  1793  2225  2657  3089  3521  3953  4385
  4817  5249  5681  6113  6545  6977  7409  7841  8273  8705  9137  9569
 10001    65    83   515   947  1379  1811  2243  2675  3107  3539  3971
  4403  4835  5267  5699  6131  6563  6995  7427  7859  8291  8723  9155
  9587 10019    83   101   533   965  1397  1829  2261  2693  3125  3557
  3989  4421  4853  5285  5717  6149  6581  7013  7445  7877  8309  8741
  9173  9605 10037   101   119   551   983  1415  1847  2279  2711  3143
  3575  4007  4439  4871  5303  5735  6167  6599  7031  7463  7895  8327
  8759  9191  9623 10055   119   137   569  1001  1433  1865  2297  2729
  3161  3593  4025  4457  4889  5321  5753  6185  6617  7049  7481  7913
  8345  8777  9209  9641 10073   137   155   587  1019  1451  1883  2315
  2747  3179  3611  4043  4475  4907  5339  5771  6203  6635  7067  7499
  7931  8363  8795  9227  9659 10091   155   173   605  1037  1469  1901
  2333  2765  3197  3629  4061  4493  4925  5357  5789  6221  6653  7085
  7517  7949  8381  8813  9245  9677 10109   173   191   623  1055  1487
  1919  2351  2783  3215  3647  4079  4511  4943  5375  5807  6239  6671
  7103  7535  7967  8399  8831  9263  9695 10127   191   209   641  1073
  1505  1937  2369  2801  3233  3665  4097  4529  4961  5393  5825  6257
  6689  7121  7553  7985  8417  8849  9281  9713 10145   209   227   659
  1091  1523  1955  2387  2819  3251  3683  4115  4547  4979  5411  5843
  6275  6707  7139  7571  8003  8435  8867  9299  9731 10163   227   245
   677  1109  1541  1973  2405  2837  3269  3701  4133  4565  4997  5429
  5861  6293  6725  7157  7589  8021  8453  8885  9317  9749 10181   245
   263   695  1127  1559  1991  2423  2855  3287  3719  4151  4583  5015
  5447  5879  6311  6743  7175  7607  8039  8471  8903  9335  9767 10199
   263   281   713  1145  1577  2009  2441  2873  3305  3737  4169  4601
  5033  5465  5897  6329  6761  7193  7625  8057  8489  8921  9353  9785
 10217   281   299   731  1163  1595  2027  2459  2891  3323  3755  4187
  4619  5051  5483  5915  6347  6779  7211  7643  8075  8507  8939  9371
  9803 10235   299   317   749  1181  1613  2045  2477  2909  3341  3773
  4205  4637  5069  5501  5933  6365  6797  7229  7661  8093  8525  8957
  9389  9821 10253   317   335   767  1199  1631  2063  2495  2927  3359
  3791  4223  4655  5087  5519  5951  6383  6815  7247  7679  8111  8543
  8975  9407  9839 10271   335   353   785  1217  1649  2081  2513  2945
  3377  3809  4241  4673  5105  5537  5969  6401  6833  7265  7697  8129
  8561  8993  9425  9857 10289   353   371   803  1235  1667  2099  2531
  2963  3395  3827  4259  4691  5123  5555  5987  6419  6851  7283  7715
  8147  8579  9011  9443  9875 10307   371   389   821  1253  1685  2117
  2549  2981  3413  3845  4277  4709  5141  5573  6005  6437  6869  7301
  7733  8165  8597  9029  9461  9893 10325   389   407   839  1271  1703
  2135  2567  2999  3431  3863  4295  4727  5159  5591  6023  6455  6887
  7319  7751  8183  8615  9047  9479  9911 10343   407   425   857  1289
  1721  2153  2585  3017  3449  3881  4313  4745  5177  5609  6041  6473
  6905  7337  7769  8201  8633  9065  9497  9929 10361   425    11   443
   875  1307  1739  2171  2603  3035  3467  3899  4331  4763  5195  5627
  6059  6491  6923  7355  7787  8219  8651  9083  9515  9947    11    12
   444   876  1308  1740  2172  2604  3036  3468  3900  4332  4764  5196
  5628  6060  6492  6924  7356  7788  8220  8652  9084  9516  9948    12
    30   462   894  1326  1758  2190  2622  3054  3486  3918  4350  4782
  5214  5646  6078  6510  6942  7374  7806  8238  8670  9102  9534  9966
    30    48   480   912  1344  1776  2208  2640  3072  3504  3936  4368
  4800  5232  5664  6096  6528  6960  7392  7824  8256  8688  9120  9552
  9984    48    66   498   930  1362  1794  2226  2658  3090  3522  3954
  4386  4818  5250  5682  6114  6546  6978  7410  7842  8274  8706  9138
  9570 10002    66    84   516   948  1380  1812  2244  2676  3108  3540
  3972  4404  4836  5268  5700  6132  6564  6996  7428  7860  8292  8724
  9156  9588 10020    84   102   534   966  1398  1830  2262  2694  3126
  3558  3990  4422  4854  5286  5718  6150  6582  7014  7446  7878  8310
  8742  9174  9606 10038   102   120   552   984  1416  1848  2280  2712
  3144  3576  4008  4440  4872  5304  5736  6168  6600  7032  7464  7896
  8328  8760  9192  9624 10056   120   138   570  1002  1434  1866  2298
  2730  3162  3594  4026  4458  4890  5322  5754  6186  6618  7050  7482
  7914  8346  8778  9210  9642 10074   138   156   588  1020  1452  1884
  2316  2748  3180  3612  4044  4476  4908  5340  5772  6204  6636  7068
  7500  7932  8364  8796  9228  9660 10092   156   174   606  1038  1470
  1902  2334  2766  3198  3630  4062  4494  4926  5358  5790  6222  6654
  7086  7518  7950  8382  8814  9246  9678 10110   174   192   624  1056
  1488  1920  2352  2784  3216  3648  4080  4512  4944  5376  5808  6240
  6672  7104  7536  7968  8400  8832  9264  9696 10128   192   210   642
  1074  1506  1938  2370  2802  3234  3666  4098  4530  4962  5394  5826
  6258  6690  7122  7554  7986  8418  8850  9282  9714 10146   210   228
   660  1092  1524  1956  2388  2820  3252  3684  4116  4548  4980  5412
  5844  6276  6708  7140  7572  8004  8436  8868  9300  9732 10164   228
   246   678  1110  1542  1974  2406  2838  3270  3702  4134  4566  4998
  5430  5862  6294  6726  7158  7590  8022  8454  8886  9318  9750 10182
   246   264   696  1128  1560  1992  2424  2856  3288  3720  4152  4584
  5016  5448  5880  6312  6744  7176  7608  8040  8472  8904  9336  9768
 10200   264   282   714  1146  1578  2010  2442  2874  3306  3738  4170
  4602  5034  5466  5898  6330  6762  7194  7626  8058  8490  8922  9354
  9786 10218   282   300   732  1164  1596  2028  2460  2892  3324  3756
  4188  4620  5052  5484  5916  6348  6780  7212  7644  8076  8508  8940
  9372  9804 10236   300   318   750  1182  1614  2046  2478  2910  3342
  3774  4206  4638  5070  5502  5934  6366  6798  7230  7662  8094  8526
  8958  9390  9822 10254   318   336   768  1200  1632  2064  2496  2928
  3360  3792  4224  4656  5088  5520  5952  6384  6816  7248  7680  8112
  8544  8976  9408  9840 10272   336   354   786  1218  1650  2082  2514
  2946  3378  3810  4242  4674  5106  5538  5970  6402  6834  7266  7698
  8130  8562  8994  9426  9858 10290   354   372   804  1236  1668  2100
  2532  2964  3396  3828  4260  4692  5124  5556  5988  6420  6852  7284
  7716  8148  8580  9012  9444  9876 10308   372   390   822  1254  1686
  2118  2550  2982  3414  3846  4278  4710  5142  5574  6006  6438  6870
  7302  7734  8166  8598  9030  9462  9894 10326   390   408   840  1272
  1704  2136  2568  3000  3432  3864  4296  4728  5160  5592  6024  6456
  6888  7320  7752  8184  8616  9048  9480  9912 10344   408   426   858
  1290  1722  2154  2586  3018  3450  3882  4314  4746  5178  5610  6042
  6474  6906  7338  7770  8202  8634  9066  9498  9930 10362   426    12
   444   876  1308  1740  2172  2604  3036  3468  3900  4332  4764  5196
  5628  6060  6492  6924  7356  7788  8220  8652  9084  9516  9948    12
    13   445   877  1309  1741  2173  2605  3037  3469  3901  4333  4765
  5197  5629  6061  6493  6925  7357  7789  8221  8653  9085  9517  9949
    13    31   463   895  1327  1759  2191  2623  3055  3487  3919  4351
  4783  5215  5647  6079  6511  6943  7375  7807  8239  8671  9103  9535
  9967    31    49   481   913  1345  1777  2209  2641  3073  3505  3937
  4369  4801  5233  5665  6097  6529  6961  7393  7825  8257  8689  9121
  9553  9985    49    67   499   931  1363  1795  2227  2659  3091  3523
  3955  4387  4819  5251  5683  6115  6547  6979  7411  7843  8275  8707
  9139  9571 10003    67    85   517   949  1381  1813  2245  2677  3109
  3541  3973  4405  4837  5269  5701  6133  6565  6997  7429  7861  8293
  8725  9157  9589 10021    85   103   535   967  1399  1831  2263  2695
  3127  3559  3991  4423  4855  5287  5719  6151  6583  7015  7447  7879
  8311  8743  9175  9607 10039   103   121   553   985  1417  1849  2281
  2713  3145  3577  4009  4441  4873  5305  5737  6169  6601  7033  7465
  7897  8329  8761  9193  9625 10057   121   139   571  1003  1435  1867
  2299  2731  3163  3595  4027  4459  4891  5323  5755  6187  6619  7051
  7483  7915  8347  8779  9211  9643 10075   139   157   589  1021  1453
  1885  2317  2749  3181  3613  4045  4477  4909  5341  5773  6205  6637
  7069  7501  7933  8365  8797  9229  9661 10093   157   175   607  1039
  1471  1903  2335  2767  3199  3631  4063  4495  4927  5359  5791  6223
  6655  7087  7519  7951  8383  8815  9247  9679 10111   175   193   625
  1057  1489  1921  2353  2785  3217  3649  4081  4513  4945  5377  5809
  6241  6673  7105  7537  7969  8401  8833  9265  9697 10129   193   211
   643  1075  1507  1939  2371  2803  3235  3667  4099  4531  4963  5395
  5827  6259  6691  7123  7555  7987  8419  8851  9283  9715 10147   211
   229   661  1093  1525  1957  2389  2821  3253  3685  4117  4549  4981
  5413  5845  6277  6709  7141  7573  8005  8437  8869  9301  9733 10165
   229   247   679  1111  1543  1975  2407  2839  3271  3703  4135  4567
  4999  5431  5863  6295  6727  7159  7591  8023  8455  8887  9319  9751
 10183   247   265   697  1129  1561  1993  2425  2857  3289  3721  4153
  4585  5017  5449  5881  6313  6745  7177  7609  8041  8473  8905  9337
  9769 10201   265   283   715  1147  1579  2011  2443  2875  3307  3739
  4171  4603  5035  5467  5899  6331  6763  7195  7627  8059  8491  8923
  9355  9787 10219   283   301   733  1165  1597  2029  2461  2893  3325
  3757  4189  4621  5053  5485  5917  6349  6781  7213  7645  8077  8509
  8941  9373  9805 10237   301   319   751  1183  1615  2047  2479  2911
  3343  3775  4207  4639  5071  5503  5935  6367  6799  7231  7663  8095
  8527  8959  9391  9823 10255   319   337   769  1201  1633  2065  2497
  2929  3361  3793  4225  4657  5089  5521  5953  6385  6817  7249  7681
  8113  8545  8977  9409  9841 10273   337   355   787  1219  1651  2083
  2515  2947  3379  3811  4243  4675  5107  5539  5971  6403  6835  7267
  7699  8131  8563  8995  9427  9859 10291   355   373   805  1237  1669
  2101  2533  2965  3397  3829  4261  4693  5125  5557  5989  6421  6853
  7285  7717  8149  8581  9013  9445  9877 10309   373   391   823  1255
  1687  2119  2551  2983  3415  3847  4279  4711  5143  5575  6007  6439
  6871  7303  7735  8167  8599  9031  9463  9895 10327   391   409   841
  1273  1705  2137  2569  3001  3433  3865  4297  4729  5161  5593  6025
  6457  6889  7321  7753  8185  8617  9049  9481  9913 10345   409   427
   859  1291  1723  2155  2587  3019  3451  3883  4315  4747  5179  5611
  6043  6475  6907  7339  7771  8203  8635  9067  9499  9931 10363   427
    13   445   877  1309  1741  2173  2605  3037  3469  3901  4333  4765
  5197  5629  6061  6493  6925  7357  7789  8221  8653  9085  9517  9949
    13    14   446   878  1310  1742  2174  2606  3038  3470  3902  4334
  4766  5198  5630  6062  6494  6926  7358  7790  8222  8654  9086  9518
  9950    14    32   464   896  1328  1760  2192  2624  3056  3488  3920
  4352  4784  5216  5648  6080  6512  6944  7376  7808  8240  8672  9104
  9536  9968    32    50   482   914  1346  1778  2210  2642  3074  3506
  3938  4370  4802  5234  5666  6098  6530  6962  7394  7826  8258  8690
  9122  9554  9986    50    68   500   932  1364  1796  2228  2660  3092
  3524  3956  4388  4820  5252  5684  6116  6548  6980  7412  7844  8276
  8708  9140  9572 10004    68    86   518   950  1382  1814  2246  2678
  3110  3542  3974  4406  4838  5270  5702  6134  6566  6998  7430  7862
  8294  8726  9158  9590 10022    86   104   536   968  1400  1832  2264
  2696  3128  3560  3992  4424  4856  5288  5720  6152  6584  7016  7448
  7880  8312  8744  9176  9608 10040   104   122   554   986  1418  1850
  2282  2714  3146  3578  4010  4442  4874  5306  5738  6170  6602  7034
  7466  7898  8330  8762  9194  9626 10058   122   140   572  1004  1436
  1868  2300  2732  3164  3596  4028  4460  4892  5324  5756  6188  6620
  7052  7484  7916  8348  8780  9212  9644 10076   140   158   590  1022
  1454  1886  2318  2750  3182  3614  4046  4478  4910  5342  5774  6206
  6638  7070  7502  7934  8366  8798  9230  9662 10094   158   176   608
  1040  1472  1904  2336  2768  3200  3632  4064  4496  4928  5360  5792
  6224  6656  7088  7520  7952  8384  8816  9248  9680 10112   176   194
   626  1058  1490  1922  2354  2786  3218  3650  4082  4514  4946  5378
  5810  6242  6674  7106  7538  7970  8402  8834  9266  9698 10130   194
   212   644  1076  1508  1940  2372  2804  3236  3668  4100  4532  4964
  5396  5828  6260  6692  7124  7556  7988  8420  8852  9284  9716 10148
   212   230   662  1094  1526  1958  2390  2822  3254  3686  4118  4550
  4982  5414  5846  6278  6710  7142  7574  8006  8438  8870  9302  9734
 10166   230   248   680  1112  1544  1976  2408  2840  3272  3704  4136
  4568  5000  5432  5864  6296  6728  7160  7592  8024  8456  8888  9320
  9752 10184   248   266   698  1130  1562  1994  2426  2858  3290  3722
  4154  4586  5018  5450  5882  6314  6746  7178  7610  8042  8474  8906
  9338  9770 10202   266   284   716  1148  1580  2012  2444  2876  3308
  3740  4172  4604  5036  5468  5900  6332  6764  7196  7628  8060  8492
  8924  9356  9788 10220   284   302   734  1166  1598  2030  2462  2894
  3326  3758  4190  4622  5054  5486  5918  6350  6782  7214  7646  8078
  8510  8942  9374  9806 10238   302   320   752  1184  1616  2048  2480
  2912  3344  3776  4208  4640  5072  5504  5936  6368  6800  7232  7664
  8096  8528  8960  9392  9824 10256   320   338   770  1202  1634  2066
  2498  2930  3362  3794  4226  4658  5090  5522  5954  6386  6818  7250
  7682  8114  8546  8978  9410  9842 10274   338   356   788  1220  1652
  2084  2516  2948  3380  3812  4244  4676  5108  5540  5972  6404  6836
  7268  7700  8132  8564  8996  9428  9860 10292   356   374   806  1238
  1670  2102  2534  2966  3398  3830  4262  4694  5126  5558  5990  6422
  6854  7286  7718  8150  8582  9014  9446  9878 10310   374   392   824
  1256  1688  2120  2552  2984  3416  3848  4280  4712  5144  5576  6008
  6440  6872  7304  7736  8168  8600  9032  9464  9896 10328   392   410
   842  1274  1706  2138  2570  3002  3434  3866  4298  4730  5162  5594
  6026  6458  6890  7322  7754  8186  8618  9050  9482  9914 10346   410
   428   860  1292  1724  2156  2588  3020  3452  3884  4316  4748  5180
  5612  6044  6476  6908  7340  7772  8204  8636  9068  9500  9932 10364
   428    14   446   878  1310  1742  2174  2606  3038  3470  3902  4334
  4766  5198  5630  6062  6494  6926  7358  7790  8222  8654  9086  9518
  9950    14    15   447   879  1311  1743  2175  2607  3039  3471  3903
  4335  4767  5199  5631  6063  6495  6927  7359  7791  8223  8655  9087
  9519  9951    15    33   465   897  1329  1761  2193  2625  3057  3489
  3921  4353  4785  5217  5649  6081  6513  6945  7377  7809  8241  8673
  9105  9537  9969    33    51   483   915  1347  1779  2211  2643  3075
  3507  3939  4371  4803  5235  5667  6099  6531  6963  7395  7827  8259
  8691  9123  9555  9987    51    69   501   933  1365  1797  2229  2661
  3093  3525  3957  4389  4821  5253  5685  6117  6549  6981  7413  7845
  8277  8709  9141  9573 10005    69    87   519   951  1383  1815  2247
  2679  3111  3543  3975  4407  4839  5271  5703  6135  6567  6999  7431
  7863  8295  8727  9159  9591 10023    87   105   537   969  1401  1833
  2265  2697  3129  3561  3993  4425  4857  5289  5721  6153  6585  7017
  7449  7881  8313  8745  9177  9609 10041   105   123   555   987  1419
  1851  2283  2715  3147  3579  4011  4443  4875  5307  5739  6171  6603
  7035  7467  7899  8331  8763  9195  9627 10059   123   141   573  1005
  1437  1869  2301  2733  3165  3597  4029  4461  4893  5325  5757  6189
  6621  7053  7485  7917  8349  8781  9213  9645 10077   141   159   591
  1023  1455  1887  2319  2751  3183  3615  4047  4479  4911  5343  5775
  6207  6639  7071  7503  7935  8367  8799  9231  9663 10095   159   177
   609  1041  1473  1905  2337  2769  3201  3633  4065  4497  4929  5361
  5793  6225  6657  7089  7521  7953  8385  8817  9249  9681 10113   177
   195   627  1059  1491  1923  2355  2787  3219  3651  4083  4515  4947
  5379  5811  6243  6675  7107  7539  7971  8403  8835  9267  9699 10131
   195   213   645  1077  1509  1941  2373  2805  3237  3669  4101  4533
  4965  5397  5829  6261  6693  7125  7557  7989  8421  8853  9285  9717
 10149   213   231   663  1095  1527  1959  2391  2823  3255  3687  4119
  4551  4983  5415  5847  6279  6711  7143  7575  8007  8439  8871  9303
  9735 10167   231   249   681  1113  1545  1977  2409  2841  3273  3705
  4137  4569  5001  5433  5865  6297  6729  7161  7593  8025  8457  8889
  9321  9753 10185   249   267   699  1131  1563  1995  2427  2859  3291
  3723  4155  4587  5019  5451  5883  6315  6747  7179  7611  8043  8475
  8907  9339  9771 10203   267   285   717  1149  1581  2013  2445  2877
  3309  3741  4173  4605  5037  5469  5901  6333  6765  7197  7629  8061
  8493  8925  9357  9789 10221   285   303   735  1167  1599  2031  2463
  2895  3327  3759  4191  4623  5055  5487  5919  6351  6783  7215  7647
  8079  8511  8943  9375  9807 10239   303   321   753  1185  1617  2049
  2481  2913  3345  3777  4209  4641  5073  5505  5937  6369  6801  7233
  7665  8097  8529  8961  9393  9825 10257   321   339   771  1203  1635
  2067  2499  2931  3363  3795  4227  4659  5091  5523  5955  6387  6819
  7251  7683  8115  8547  8979  9411  9843 10275   339   357   789  1221
  1653  2085  2517  2949  3381  3813  4245  4677  5109  5541  5973  6405
  6837  7269  7701  8133  8565  8997  9429  9861 10293   357   375   807
  1239  1671  2103  2535  2967  3399  3831  4263  4695  5127  5559  5991
  6423  6855  7287  7719  8151  8583  9015  9447  9879 10311   375   393
   825  1257  1689  2121  2553  2985  3417  3849  4281  4713  5145  5577
  6009  6441  6873  7305  7737  8169  8601  9033  9465  9897 10329   393
   411   843  1275  1707  2139  2571  3003  3435  3867  4299  4731  5163
  5595  6027  6459  6891  7323  7755  8187  8619  9051  9483  9915 10347
   411   429   861  1293  1725  2157  2589  3021  3453  3885  4317  4749
  5181  5613  6045  6477  6909  7341  7773  8205  8637  9069  9501  9933
 10365   429    15   447   879  1311  1743  2175  2607  3039  3471  3903
  4335  4767  5199  5631  6063  6495  6927  7359  7791  8223  8655  9087
  9519  9951    15    16   448   880  1312  1744  2176  2608  3040  3472
  3904  4336  4768  5200  5632  6064  6496  6928  7360  7792  8224  8656
  9088  9520  9952    16    34   466   898  1330  1762  2194  2626  3058
  3490  3922  4354  4786  5218  5650  6082  6514  6946  7378  7810  8242
  8674  9106  9538  9970    34    52   484   916  1348  1780  2212  2644
  3076  3508  3940  4372  4804  5236  5668  6100  6532  6964  7396  7828
  8260  8692  9124  9556  9988    52    70   502   934  1366  1798  2230
  2662  3094  3526  3958  4390  4822  5254  5686  6118  6550  6982  7414
  7846  8278  8710  9142  9574 10006    70    88   520   952  1384  1816
  2248  2680  3112  3544  3976  4408  4840  5272  5704  6136  6568  7000
  7432  7864  8296  8728  9160  9592 10024    88   106   538   970  1402
  1834  2266  2698  3130  3562  3994  4426  4858  5290  5722  6154  6586
  7018  7450  7882  8314  8746  9178  9610 10042   106   124   556   988
  1420  1852  2284  2716  3148  3580  4012  4444  4876  5308  5740  6172
  6604  7036  7468  7900  8332  8764  9196  9628 10060   124   142   574
  1006  1438  1870  2302  2734  3166  3598  4030  4462  4894  5326  5758
  6190  6622  7054  7486  7918  8350  8782  9214  9646 10078   142   160
   592  1024  1456  1888  2320  2752  3184  3616  4048  4480  4912  5344
  5776  6208  6640  7072  7504  7936  8368  8800  9232  9664 10096   160
   178   610  1042  1474  1906  2338  2770  3202  3634  4066  4498  4930
  5362  5794  6226  6658  7090  7522  7954  8386  8818  9250  9682 10114
   178   196   628  1060  1492  1924  2356  2788  3220  3652  4084  4516
  4948  5380  5812  6244  6676  7108  7540  7972  8404  8836  9268  9700
 10132   196   214   646  1078  1510  1942  2374  2806  3238  3670  4102
  4534  4966  5398  5830  6262  6694  7126  7558  7990  8422  8854  9286
  9718 10150   214   232   664  1096  1528  1960  2392  2824  3256  3688
  4120  4552  4984  5416  5848  6280  6712  7144  7576  8008  8440  8872
  9304  9736 10168   232   250   682  1114  1546  1978  2410  2842  3274
  3706  4138  4570  5002  5434  5866  6298  6730  7162  7594  8026  8458
  8890  9322  9754 10186   250   268   700  1132  1564  1996  2428  2860
  3292  3724  4156  4588  5020  5452  5884  6316  6748  7180  7612  8044
  8476  8908  9340  9772 10204   268   286   718  1150  1582  2014  2446
  2878  3310  3742  4174  4606  5038  5470  5902  6334  6766  7198  7630
  8062  8494  8926  9358  9790 10222   286   304   736  1168  1600  2032
  2464  2896  3328  3760  4192  4624  5056  5488  5920  6352  6784  7216
  7648  8080  8512  8944  9376  9808 10240   304   322   754  1186  1618
  2050  2482  2914  3346  3778  4210  4642  5074  5506  5938  6370  6802
  7234  7666  8098  8530  8962  9394  9826 10258   322   340   772  1204
  1636  2068  2500  2932  3364  3796  4228  4660  5092  5524  5956  6388
  6820  7252  7684  8116  8548  8980  9412  9844 10276   340   358   790
  1222  1654  2086  2518  2950  3382  3814  4246  4678  5110  5542  5974
  6406  6838  7270  7702  8134  8566  8998  9430  9862 10294   358   376
   808  1240  1672  2104  2536  2968  3400  3832  4264  4696  5128  5560
  5992  6424  6856  7288  7720  8152  8584  9016  9448  9880 10312   376
   394   826  1258  1690  2122  2554  2986  3418  3850  4282  4714  5146
  5578  6010  6442  6874  7306  7738  8170  8602  9034  9466  9898 10330
   394   412   844  1276  1708  2140  2572  3004  3436  3868  4300  4732
  5164  5596  6028  6460  6892  7324  7756  8188  8620  9052  9484  9916
 10348   412   430   862  1294  1726  2158  2590  3022  3454  3886  4318
  4750  5182  5614  6046  6478  6910  7342  7774  8206  8638  9070  9502
  9934 10366   430    16   448   880  1312  1744  2176  2608  3040  3472
  3904  4336  4768  5200  5632  6064  6496  6928  7360  7792  8224  8656
  9088  9520  9952    16    17   449   881  1313  1745  2177  2609  3041
  3473  3905  4337  4769  5201  5633  6065  6497  6929  7361  7793  8225
  8657  9089  9521  9953    17    35   467   899  1331  1763  2195  2627
  3059  3491  3923  4355  4787  5219  5651  6083  6515  6947  7379  7811
  8243  8675  9107  9539  9971    35    53   485   917  1349  1781  2213
  2645  3077  3509  3941  4373  4805  5237  5669  6101  6533  6965  7397
  7829  8261  8693  9125  9557  9989    53    71   503   935  1367  1799
  2231  2663  3095  3527  3959  4391  4823  5255  5687  6119  6551  6983
  7415  7847  8279  8711  9143  9575 10007    71    89   521   953  1385
  1817  2249  2681  3113  3545  3977  4409  4841  5273  5705  6137  6569
  7001  7433  7865  8297  8729  9161  9593 10025    89   107   539   971
  1403  1835  2267  2699  3131  3563  3995  4427  4859  5291  5723  6155
  6587  7019  7451  7883  8315  8747  9179  9611 10043   107   125   557
   989  1421  1853  2285  2717  3149  3581  4013  4445  4877  5309  5741
  6173  6605  7037  7469  7901  8333  8765  9197  9629 10061   125   143
   575  1007  1439  1871  2303  2735  3167  3599  4031  4463  4895  5327
  5759  6191  6623  7055  7487  7919  8351  8783  9215  9647 10079   143
   161   593  1025  1457  1889  2321  2753  3185  3617  4049  4481  4913
  5345  5777  6209  6641  7073  7505  7937  8369  8801  9233  9665 10097
   161   179   611  1043  1475  1907  2339  2771  3203  3635  4067  4499
  4931  5363  5795  6227  6659  7091  7523  7955  8387  8819  9251  9683
 10115   179   197   629  1061  1493  1925  2357  2789  3221  3653  4085
  4517  4949  5381  5813  6245  6677  7109  7541  7973  8405  8837  9269
  9701 10133   197   215   647  1079  1511  1943  2375  2807  3239  3671
  4103  4535  4967  5399  5831  6263  6695  7127  7559  7991  8423  8855
  9287  9719 10151   215   233   665  1097  1529  1961  2393  2825  3257
  3689  4121  4553  4985  5417  5849  6281  6713  7145  7577  8009  8441
  8873  9305  9737 10169   233   251   683  1115  1547  1979  2411  2843
  3275  3707  4139  4571  5003  5435  5867  6299  6731  7163  7595  8027
  8459  8891  9323  9755 10187   251   269   701  1133  1565  1997  2429
  2861  3293  3725  4157  4589  5021  5453  5885  6317  6749  7181  7613
  8045  8477  8909  9341  9773 10205   269   287   719  1151  1583  2015
  2447  2879  3311  3743  4175  4607  5039  5471  5903  6335  6767  7199
  7631  8063  8495  8927  9359  9791 10223   287   305   737  1169  1601
  2033  2465  2897  3329  3761  4193  4625  5057  5489  5921  6353  6785
  7217  7649  8081  8513  8945  9377  9809 10241   305   323   755  1187
  1619  2051  2483  2915  3347  3779  4211  4643  5075  5507  5939  6371
  6803  7235  7667  8099  8531  8963  9395  9827 10259   323   341   773
  1205  1637  2069  2501  2933  3365  3797  4229  4661  5093  5525  5957
  6389  6821  7253  7685  8117  8549  8981  9413  9845 10277   341   359
   791  1223  1655  2087  2519  2951  3383  3815  4247  4679  5111  5543
  5975  6407  6839  7271  7703  8135  8567  8999  9431  9863 10295   359
   377   809  1241  1673  2105  2537  2969  3401  3833  4265  4697  5129
  5561  5993  6425  6857  7289  7721  8153  8585  9017  9449  9881 10313
   377   395   827  1259  1691  2123  2555  2987  3419  3851  4283  4715
  5147  5579  6011  6443  6875  7307  7739  8171  8603  9035  9467  9899
 10331   395   413   845  1277  1709  2141  2573  3005  3437  3869  4301
  4733  5165  5597  6029  6461  6893  7325  7757  8189  8621  9053  9485
  9917 10349   413   431   863  1295  1727  2159  2591  3023  3455  3887
  4319  4751  5183  5615  6047  6479  6911  7343  7775  8207  8639  9071
  9503  9935 10367   431    17   449   881  1313  1745  2177  2609  3041
  3473  3905  4337  4769  5201  5633  6065  6497  6929  7361  7793  8225
  8657  9089  9521  9953    17    18   450   882  1314  1746  2178  2610
  3042  3474  3906  4338  4770  5202  5634  6066  6498  6930  7362  7794
  8226  8658  9090  9522  9954    18    36   468   900  1332  1764  2196
  2628  3060  3492  3924  4356  4788  5220  5652  6084  6516  6948  7380
  7812  8244  8676  9108  9540  9972    36    54   486   918  1350  1782
  2214  2646  3078  3510  3942  4374  4806  5238  5670  6102  6534  6966
  7398  7830  8262  8694  9126  9558  9990    54    72   504   936  1368
  1800  2232  2664  3096  3528  3960  4392  4824  5256  5688  6120  6552
  6984  7416  7848  8280  8712  9144  9576 10008    72    90   522   954
  1386  1818  2250  2682  3114  3546  3978  4410  4842  5274  5706  6138
  6570  7002  7434  7866  8298  8730  9162  9594 10026    90   108   540
   972  1404  1836  2268  2700  3132  3564  3996  4428  4860  5292  5724
  6156  6588  7020  7452  7884  8316  8748  9180  9612 10044   108   126
   558   990  1422  1854  2286  2718  3150  3582  4014  4446  4878  5310
  5742  6174  6606  7038  7470  7902  8334  8766  9198  9630 10062   126
   144   576  1008  1440  1872  2304  2736  3168  3600  4032  4464  4896
  5328  5760  6192  6624  7056  7488  7920  8352  8784  9216  9648 10080
   144   162   594  1026  1458  1890  2322  2754  3186  3618  4050  4482
  4914  5346  5778  6210  6642  7074  7506  7938  8370  8802  9234  9666
 10098   162   180   612  1044  1476  1908  2340  2772  3204  3636  4068
  4500  4932  5364  5796  6228  6660  7092  7524  7956  8388  8820  9252
  9684 10116   180   198   630  1062  1494  1926  2358  2790  3222  3654
  4086  4518  4950  5382  5814  6246  6678  7110  7542  7974  8406  8838
  9270  9702 10134   198   216   648  1080  1512  1944  2376  2808  3240
  3672  4104  4536  4968  5400  5832  6264  6696  7128  7560  7992  8424
  8856  9288  9720 10152   216   234   666  1098  1530  1962  2394  2826
  3258  3690  4122  4554  4986  5418  5850  6282  6714  7146  7578  8010
  8442  8874  9306  9738 10170   234   252   684  1116  1548  1980  2412
  2844  3276  3708  4140  4572  5004  5436  5868  6300  6732  7164  7596
  8028  8460  8892  9324  9756 10188   252   270   702  1134  1566  1998
  2430  2862  3294  3726  4158  4590  5022  5454  5886  6318  6750  7182
  7614  8046  8478  8910  9342  9774 10206   270   288   720  1152  1584
  2016  2448  2880  3312  3744  4176  4608  5040  5472  5904  6336  6768
  7200  7632  8064  8496  8928  9360  9792 10224   288   306   738  1170
  1602  2034  2466  2898  3330  3762  4194  4626  5058  5490  5922  6354
  6786  7218  7650  8082  8514  8946  9378  9810 10242   306   324   756
  1188  1620  2052  2484  2916  3348  3780  4212  4644  5076  5508  5940
  6372  6804  7236  7668  8100  8532  8964  9396  9828 10260   324   342
   774  1206  1638  2070  2502  2934  3366  3798  4230  4662  5094  5526
  5958  6390  6822  7254  7686  8118  8550  8982  9414  9846 10278   342
   360   792  1224  1656  2088  2520  2952  3384  3816  4248  4680  5112
  5544  5976  6408  6840  7272  7704  8136  8568  9000  9432  9864 10296
   360   378   810  1242  1674  2106  2538  2970  3402  3834  4266  4698
  5130  5562  5994  6426  6858  7290  7722  8154  8586  9018  9450  9882
 10314   378   396   828  1260  1692  2124  2556  2988  3420  3852  4284
  4716  5148  5580  6012  6444  6876  7308  7740  8172  8604  9036  9468
  9900 10332   396   414   846  1278  1710  2142  2574  3006  3438  3870
  4302  4734  5166  5598  6030  6462  6894  7326  7758  8190  8622  9054
  9486  9918 10350   414   432   864  1296  1728  2160  2592  3024  3456
  3888  4320  4752  5184  5616  6048  6480  6912  7344  7776  8208  8640
  9072  9504  9936 10368   432    18   450   882  1314  1746  2178  2610
  3042  3474  3906  4338  4770  5202  5634  6066  6498  6930  7362  7794
  8226  8658  9090  9522  9954    18     1   433   865  1297  1729  2161
  2593  3025  3457  3889  4321  4753  5185  5617  6049  6481  6913  7345
  7777  8209  8641  9073  9505  9937     1    19   451   883  1315  1747
  2179  2611  3043  3475  3907  4339  4771  5203  5635  6067  6499  6931
  7363  7795  8227  8659  9091  9523  9955    19    37   469   901  1333
  1765  2197  2629  3061  3493  3925  4357  4789  5221  5653  6085  6517
  6949  7381  7813  8245  8677  9109  9541  9973    37    55   487   919
  1351  1783  2215  2647  3079  3511  3943  4375  4807  5239  5671  6103
  6535  6967  7399  7831  8263  8695  9127  9559  9991    55    73   505
   937  1369  1801  2233  2665  3097  3529  3961  4393  4825  5257  5689
  6121  6553  6985  7417  7849  8281  8713  9145  9577 10009    73    91
   523   955  1387  1819  2251  2683  3115  3547  3979  4411  4843  5275
  5707  6139  6571  7003  7435  7867  8299  8731  9163  9595 10027    91
   109   541   973  1405  1837  2269  2701  3133  3565  3997  4429  4861
  5293  5725  6157  6589  7021  7453  7885  8317  8749  9181  9613 10045
   109   127   559   991  1423  1855  2287  2719  3151  3583  4015  4447
  4879  5311  5743  6175  6607  7039  7471  7903  8335  8767  9199  9631
 10063   127   145   577  1009  1441  1873  2305  2737  3169  3601  4033
  4465  4897  5329  5761  6193  6625  7057  7489  7921  8353  8785  9217
  9649 10081   145   163   595  1027  1459  1891  2323  2755  3187  3619
  4051  4483  4915  5347  5779  6211  6643  7075  7507  7939  8371  8803
  9235  9667 10099   163   181   613  1045  1477  1909  2341  2773  3205
  3637  4069  4501  4933  5365  5797  6229  6661  7093  7525  7957  8389
  8821  9253  9685 10117   181   199   631  1063  1495  1927  2359  2791
  3223  3655  4087  4519  4951  5383  5815  6247  6679  7111  7543  7975
  8407  8839  9271  9703 10135   199   217   649  1081  1513  1945  2377
  2809  3241  3673  4105  4537  4969  5401  5833  6265  6697  7129  7561
  7993  8425  8857  9289  9721 10153   217   235   667  1099  1531  1963
  2395  2827  3259  3691  4123  4555  4987  5419  5851  6283  6715  7147
  7579  8011  8443  8875  9307  9739 10171   235   253   685  1117  1549
  1981  2413  2845  3277  3709  4141  4573  5005  5437  5869  6301  6733
  7165  7597  8029  8461  8893  9325  9757 10189   253   271   703  1135
  1567  1999  2431  2863  3295  3727  4159  4591  5023  5455  5887  6319
  6751  7183  7615  8047  8479  8911  9343  9775 10207   271   289   721
  1153  1585  2017  2449  2881  3313  3745  4177  4609  5041  5473  5905
  6337  6769  7201  7633  8065  8497  8929  9361  9793 10225   289   307
   739  1171  1603  2035  2467  2899  3331  3763  4195  4627  5059  5491
  5923  6355  6787  7219  7651  8083  8515  8947  9379  9811 10243   307
   325   757  1189  1621  2053  2485  2917  3349  3781  4213  4645  5077
  5509  5941  6373  6805  7237  7669  8101  8533  8965  9397  9829 10261
   325   343   775  1207  1639  2071  2503  2935  3367  3799  4231  4663
  5095  5527  5959  6391  6823  7255  7687  8119  8551  8983  9415  9847
 10279   343   361   793  1225  1657  2089  2521  2953  3385  3817  4249
  4681  5113  5545  5977  6409  6841  7273  7705  8137  8569  9001  9433
  9865 10297   361   379   811  1243  1675  2107  2539  2971  3403  3835
  4267  4699  5131  5563  5995  6427  6859  7291  7723  8155  8587  9019
  9451  9883 10315   379   397   829  1261  1693  2125  2557  2989  3421
  3853  4285  4717  5149  5581  6013  6445  6877  7309  7741  8173  8605
  9037  9469  9901 10333   397   415   847  1279  1711  2143  2575  3007
  3439  3871  4303  4735  5167  5599  6031  6463  6895  7327  7759  8191
  8623  9055  9487  9919 10351   415     1   433   865  1297  1729  2161
  2593  3025  3457  3889  4321  4753  5185  5617  6049  6481  6913  7345
  7777  8209  8641  9073  9505  9937     1
