   1    4    0    0    0    0.267807
   1    4    0   -1    1    0.267807
   1    3    0    0    0    0.081241
   1    3    0    0    1    0.081241
   1    3   -1    0    1    0.081241
   1    3   -1    0    0    0.081241
   1    4    0   -1    0    0.267807
   1    4    0    0    1    0.267807
   1    2    1   -1    1    0.017995
   1    2    1    0    1    0.017995
   1    2    0    0    1    0.017995
   1    2    0   -1    1    0.017995
   1    1    0    0    1   -0.000458
   1    1    0    0   -1   -0.000458
   1    1   -1    0    0   -0.001138
   1    1    1    0    0   -0.001138
   1    1    0   -1    0    0.002050
   1    1    0    1    0    0.002050
   1    2    1    0    0    0.001427
   1    2    1   -1    2    0.001427
   1    2    0    0    0    0.001427
   1    2    0   -1    2    0.001427
   1    2    1   -1    0    0.001427
   1    2    1    0    2    0.001427
   1    2    0   -1    0    0.001427
   1    2    0    0    2    0.001427
   1    3    0   -1    1    0.010665
   1    3    0    1    0    0.010665
   1    3   -1   -1    1    0.010665
   1    3   -1    1    0    0.010665
   1    4    1    0    0    0.040097
   1    4    1   -1    1    0.040097
   1    4   -1    0    0    0.040097
   1    4   -1   -1    1    0.040097
   1    4    1   -1    0    0.040097
   1    4    1    0    1    0.040097
   1    4   -1   -1    0    0.040097
   1    4   -1    0    1    0.040097
   1    3    0   -1    0    0.010665
   1    3    0    1    1    0.010665
   1    3   -1   -1    0    0.010665
   1    3   -1    1    1    0.010665
   1    1    0   -1    1    0.000811
   1    1    0    1   -1    0.000811
   1    1   -1    0    1    0.000969
   1    1    1    0   -1    0.000969
   1    1   -1    0   -1    0.000969
   1    1    1    0    1    0.000969
   1    1    0    1    1    0.000811
   1    1    0   -1   -1    0.000811
   1    1   -1    1    0   -0.001919
   1    1    1   -1    0   -0.001919
   1    1   -1   -1    0   -0.001919
   1    1    1    1    0   -0.001919
   1    4    0    0   -1    0.004224
   1    4    0   -1    2    0.004224
   1    3    0    0   -1    0.001525
   1    3    0    0    2    0.001525
   1    3   -1    0   -1    0.001525
   1    3   -1    0    2    0.001525
   1    4    0   -1   -1    0.004224
   1    4    0    0    2    0.004224
   1    4    0    1    0    0.002766
   1    4    0   -2    1    0.002766
   1    3    1    0    0    0.001006
   1    3    1    0    1    0.001006
   1    3   -2    0    1    0.001006
   1    3   -2    0    0    0.001006
   1    4    0   -2    0    0.002766
   1    4    0    1    1    0.002766
   1    2    2   -1    1    0.000217
   1    2    2    0    1    0.000217
   1    2    1   -2    1    0.000217
   1    2    1    1    1    0.000217
   1    2    0    1    1    0.000217
   1    2    0   -2    1    0.000217
   1    2   -1    0    1    0.000217
   1    2   -1   -1    1    0.000217
   1    1   -1    1   -1   -0.000029
   1    1    1    1   -1   -0.000029
   1    1   -1   -1    1   -0.000029
   1    1    1   -1    1   -0.000029
   1    1   -1    1    1   -0.000029
   1    1    1   -1   -1   -0.000029
   1    1   -1   -1   -1   -0.000029
   1    1    1    1    1   -0.000029
   1    3    0   -1    2    0.002582
   1    3    0    1   -1    0.002582
   1    3   -1   -1    2    0.002582
   1    3   -1    1   -1    0.002582
   1    4    1    0   -1   -0.000813
   1    4   -1    0   -1   -0.000813
   1    4    1   -1    2   -0.000813
   1    4   -1   -1    2   -0.000813
   1    4    1   -1   -1   -0.000813
   1    4   -1   -1   -1   -0.000813
   1    4    1    0    2   -0.000813
   1    4   -1    0    2   -0.000813
   1    3    0   -1   -1    0.002582
   1    3    0    1    2    0.002582
   1    3   -1   -1   -1    0.002582
   1    3   -1    1    2    0.002582
   1    2    1    1    0    0.000447
   1    2    1   -2    2    0.000447
   1    2    0    1    0    0.000447
   1    2    0   -2    2    0.000447
   1    2    2    0    0    0.000447
   1    2    2   -1    2    0.000447
   1    2   -1    0    0    0.000447
   1    2   -1   -1    2    0.000447
   1    2    2   -1    0    0.000447
   1    2    2    0    2    0.000447
   1    2   -1   -1    0    0.000447
   1    2   -1    0    2    0.000447
   1    2    1   -2    0    0.000447
   1    2    1    1    2    0.000447
   1    2    0   -2    0    0.000447
   1    2    0    1    2    0.000447
   1    4    1    1    0    0.000877
   1    4    1   -2    1    0.000877
   1    4   -1    1    0    0.000877
   1    4   -1   -2    1    0.000877
   1    3    1   -1    1    0.003005
   1    3    1    1    0    0.003005
   1    3   -2   -1    1    0.003005
   1    3   -2    1    0    0.003005
   1    3    1   -1    0    0.003005
   1    3    1    1    1    0.003005
   1    3   -2   -1    0    0.003005
   1    3   -2    1    1    0.003005
   1    4    1   -2    0    0.000877
   1    4    1    1    1    0.000877
   1    4   -1   -2    0    0.000877
   1    4   -1    1    1    0.000877
   1    1    0    0   -2   -0.000161
   1    1    0    0    2   -0.000161
   1    1   -2    0    0    0.000477
   1    1    2    0    0    0.000477
   1    1    0   -2    0   -0.000091
   1    1    0    2    0   -0.000091
   1    2    1    0   -1    0.000035
   1    2    1   -1    3    0.000035
   1    2    0    0   -1    0.000035
   1    2    0   -1    3    0.000035
   1    2    1   -1   -1    0.000035
   1    2    1    0    3    0.000035
   1    2    0   -1   -1    0.000035
   1    2    0    0    3    0.000035
   1    4    0    1   -1   -0.003785
   1    4    0   -2    2   -0.003785
   1    3    1    0   -1   -0.001907
   1    3    1    0    2   -0.001907
   1    3   -2    0    2   -0.001907
   1    3   -2    0   -1   -0.001907
   1    4    0   -2   -1   -0.003785
   1    4    0    1    2   -0.003785
   1    3    0   -2    1    0.000716
   1    3    0    2    0    0.000716
   1    3   -1   -2    1    0.000716
   1    3   -1    2    0    0.000716
   1    4    2    0    0   -0.000168
   1    4    2   -1    1   -0.000168
   1    4   -2    0    0   -0.000168
   1    4   -2   -1    1   -0.000168
   1    4    2   -1    0   -0.000168
   1    4    2    0    1   -0.000168
   1    4   -2   -1    0   -0.000168
   1    4   -2    0    1   -0.000168
   1    3    0   -2    0    0.000716
   1    3    0    2    1    0.000716
   1    3   -1   -2    0    0.000716
   1    3   -1    2    1    0.000716
   1    2    2   -2    1   -0.001575
   1    2    2    1    1   -0.001575
   1    2   -1    1    1   -0.001575
   1    2   -1   -2    1   -0.001575
   1    1    0    1   -2    0.000098
   1    1    0   -1    2    0.000098
   1    1   -1    0    2    0.000355
   1    1    1    0   -2    0.000355
   1    1    1    0    2    0.000355
   1    1   -1    0   -2    0.000355
   1    1    0   -1   -2    0.000098
   1    1    0    1    2    0.000098
   1    1    0   -2    1   -0.000051
   1    1    0    2   -1   -0.000051
   1    1   -2    0    1   -0.000043
   1    1    2    0   -1   -0.000043
   1    1   -2    0   -1   -0.000043
   1    1    2    0    1   -0.000043
   1    1    0   -2   -1   -0.000051
   1    1    0    2    1   -0.000051
   1    1   -2    1    0   -0.000080
   1    1    2   -1    0   -0.000080
   1    1   -2   -1    0   -0.000080
   1    1    2    1    0   -0.000080
   1    1    1   -2    0    0.000058
   1    1   -1   -2    0    0.000058
   1    1   -1    2    0    0.000058
   1    1    1    2    0    0.000058
   1    4    1    1   -1    0.000478
   1    4   -1    1   -1    0.000478
   1    4    1   -2    2    0.000478
   1    4   -1   -2    2    0.000478
   1    3    1   -1    2    0.000830
   1    3    1    1   -1    0.000830
   1    3   -2   -1    2    0.000830
   1    3   -2    1   -1    0.000830
   1    3    1   -1   -1    0.000830
   1    3    1    1    2    0.000830
   1    3   -2   -1   -1    0.000830
   1    3   -2    1    2    0.000830
   1    4    1   -2   -1    0.000478
   1    4   -1   -2   -1    0.000478
   1    4    1    1    2    0.000478
   1    4   -1    1    2    0.000478
   1    2    2    1    0    0.000106
   1    2    2   -2    2    0.000106
   1    2   -1    1    0    0.000106
   1    2   -1   -2    2    0.000106
   1    2    2   -2    0    0.000106
   1    2    2    1    2    0.000106
   1    2   -1    1    2    0.000106
   1    2   -1   -2    0    0.000106
   2    3   -1    0    0    0.081241
   2    3   -1    1   -1    0.081241
   2    4   -1    0   -1    0.267807
   2    4    0    0   -1    0.267807
   2    4   -1    0    0    0.267807
   2    4    0    0    0    0.267807
   2    3   -1    0   -1    0.081241
   2    3   -1    1    0    0.081241
   2    1   -1    1   -1    0.017995
   2    1   -1    0   -1    0.017995
   2    1    0    0   -1    0.017995
   2    1    0    1   -1    0.017995
   2    2    0    0   -1   -0.000458
   2    2    0    0    1   -0.000458
   2    2    1    0    0    0.002050
   2    2   -1    0    0    0.002050
   2    2    0   -1    0   -0.001138
   2    2    0    1    0   -0.001138
   2    1   -1    0    0    0.001427
   2    1   -1    1   -2    0.001427
   2    1    0    0    0    0.001427
   2    1    0    1   -2    0.001427
   2    1   -1    1    0    0.001427
   2    1   -1    0   -2    0.001427
   2    1    0    1    0    0.001427
   2    1    0    0   -2    0.001427
   2    4   -1    1   -1    0.040097
   2    4    0    1   -1    0.040097
   2    4   -1   -1    0    0.040097
   2    4    0   -1    0    0.040097
   2    3    0    0    0    0.010665
   2    3   -2    0    0    0.010665
   2    3    0    1   -1    0.010665
   2    3   -2    1   -1    0.010665
   2    3    0    0   -1    0.010665
   2    3    0    1    0    0.010665
   2    3   -2    1    0    0.010665
   2    3   -2    0   -1    0.010665
   2    4   -1   -1   -1    0.040097
   2    4    0   -1   -1    0.040097
   2    4   -1    1    0    0.040097
   2    4    0    1    0    0.040097
   2    2    0   -1    1    0.000969
   2    2    0    1   -1    0.000969
   2    2   -1    0    1    0.000811
   2    2    1    0   -1    0.000811
   2    2   -1    0   -1    0.000811
   2    2    1    0    1    0.000811
   2    2    0   -1   -1    0.000969
   2    2    0    1    1    0.000969
   2    2   -1    1    0   -0.001919
   2    2    1   -1    0   -0.001919
   2    2   -1   -1    0   -0.001919
   2    2    1    1    0   -0.001919
   2    3   -1    0    1    0.001525
   2    3   -1    1   -2    0.001525
   2    4   -1    0   -2    0.004224
   2    4    0    0   -2    0.004224
   2    4   -1    0    1    0.004224
   2    4    0    0    1    0.004224
   2    3   -1    1    1    0.001525
   2    3   -1    0   -2    0.001525
   2    3   -1   -1    0    0.001006
   2    3   -1    2   -1    0.001006
   2    4   -2    0   -1    0.002766
   2    4    1    0   -1    0.002766
   2    4   -2    0    0    0.002766
   2    4    1    0    0    0.002766
   2    3   -1   -1   -1    0.001006
   2    3   -1    2    0    0.001006
   2    1   -2    1   -1    0.000217
   2    1   -2    0   -1    0.000217
   2    1   -1   -1   -1    0.000217
   2    1   -1    2   -1    0.000217
   2    1    0   -1   -1    0.000217
   2    1    0    2   -1    0.000217
   2    1    1    0   -1    0.000217
   2    1    1    1   -1    0.000217
   2    2   -1   -1    1   -0.000029
   2    2   -1    1   -1   -0.000029
   2    2    1   -1    1   -0.000029
   2    2    1    1   -1   -0.000029
   2    2   -1    1    1   -0.000029
   2    2    1   -1   -1   -0.000029
   2    2    1    1    1   -0.000029
   2    2   -1   -1   -1   -0.000029
   2    4   -1    1   -2   -0.000813
   2    4    0    1   -2   -0.000813
   2    4   -1   -1    1   -0.000813
   2    4    0   -1    1   -0.000813
   2    3    0    0    1    0.002582
   2    3   -2    0    1    0.002582
   2    3    0    1   -2    0.002582
   2    3   -2    1   -2    0.002582
   2    3    0    0   -2    0.002582
   2    3    0    1    1    0.002582
   2    3   -2    1    1    0.002582
   2    3   -2    0   -2    0.002582
   2    4   -1   -1   -2   -0.000813
   2    4    0   -1   -2   -0.000813
   2    4   -1    1    1   -0.000813
   2    4    0    1    1   -0.000813
   2    1   -1   -1    0    0.000447
   2    1   -1    2   -2    0.000447
   2    1    0   -1    0    0.000447
   2    1    0    2   -2    0.000447
   2    1   -2    0    0    0.000447
   2    1   -2    1   -2    0.000447
   2    1    1    0    0    0.000447
   2    1    1    1   -2    0.000447
   2    1   -2    1    0    0.000447
   2    1   -2    0   -2    0.000447
   2    1    1    1    0    0.000447
   2    1    1    0   -2    0.000447
   2    1   -1    2    0    0.000447
   2    1   -1   -1   -2    0.000447
   2    1    0    2    0    0.000447
   2    1    0   -1   -2    0.000447
   2    3    0   -1    0    0.003005
   2    3   -2   -1    0    0.003005
   2    3    0    2   -1    0.003005
   2    3   -2    2   -1    0.003005
   2    4   -2    1   -1    0.000877
   2    4    1    1   -1    0.000877
   2    4   -2   -1    0    0.000877
   2    4    1   -1    0    0.000877
   2    4   -2   -1   -1    0.000877
   2    4    1   -1   -1    0.000877
   2    4   -2    1    0    0.000877
   2    4    1    1    0    0.000877
   2    3    0   -1   -1    0.003005
   2    3   -2   -1   -1    0.003005
   2    3    0    2    0    0.003005
   2    3   -2    2    0    0.003005
   2    2    0    0    2   -0.000161
   2    2    0    0   -2   -0.000161
   2    2    2    0    0   -0.000091
   2    2   -2    0    0   -0.000091
   2    2    0   -2    0    0.000477
   2    2    0    2    0    0.000477
   2    1   -1    0    1    0.000035
   2    1   -1    1   -3    0.000035
   2    1    0    0    1    0.000035
   2    1    0    1   -3    0.000035
   2    1   -1    1    1    0.000035
   2    1   -1    0   -3    0.000035
   2    1    0    1    1    0.000035
   2    1    0    0   -3    0.000035
   2    3   -1   -1    1   -0.001907
   2    3   -1    2   -2   -0.001907
   2    4   -2    0   -2   -0.003785
   2    4    1    0   -2   -0.003785
   2    4   -2    0    1   -0.003785
   2    4    1    0    1   -0.003785
   2    3   -1   -1   -2   -0.001907
   2    3   -1    2    1   -0.001907
   2    4   -1    2   -1   -0.000168
   2    4    0    2   -1   -0.000168
   2    4   -1   -2    0   -0.000168
   2    4    0   -2    0   -0.000168
   2    3    1    0    0    0.000716
   2    3    1    1   -1    0.000716
   2    3   -3    0    0    0.000716
   2    3   -3    1   -1    0.000716
   2    3    1    0   -1    0.000716
   2    3    1    1    0    0.000716
   2    3   -3    1    0    0.000716
   2    3   -3    0   -1    0.000716
   2    4   -1   -2   -1   -0.000168
   2    4    0   -2   -1   -0.000168
   2    4   -1    2    0   -0.000168
   2    4    0    2    0   -0.000168
   2    1   -2    2   -1   -0.001575
   2    1   -2   -1   -1   -0.001575
   2    1    1   -1   -1   -0.001575
   2    1    1    2   -1   -0.001575
   2    2    0   -1    2    0.000355
   2    2    0    1   -2    0.000355
   2    2   -1    0    2    0.000098
   2    2    1    0   -2    0.000098
   2    2   -1    0   -2    0.000098
   2    2    1    0    2    0.000098
   2    2    0    1    2    0.000355
   2    2    0   -1   -2    0.000355
   2    2    0   -2    1   -0.000043
   2    2    0    2   -1   -0.000043
   2    2   -2    0    1   -0.000051
   2    2    2    0   -1   -0.000051
   2    2   -2    0   -1   -0.000051
   2    2    2    0    1   -0.000051
   2    2    0   -2   -1   -0.000043
   2    2    0    2    1   -0.000043
   2    2   -2    1    0    0.000058
   2    2    2   -1    0    0.000058
   2    2   -2   -1    0    0.000058
   2    2    2    1    0    0.000058
   2    2   -1    2    0   -0.000080
   2    2    1   -2    0   -0.000080
   2    2   -1   -2    0   -0.000080
   2    2    1    2    0   -0.000080
   2    3    0   -1    1    0.000830
   2    3   -2   -1    1    0.000830
   2    3    0    2   -2    0.000830
   2    3   -2    2   -2    0.000830
   2    4   -2    1   -2    0.000478
   2    4    1    1   -2    0.000478
   2    4   -2   -1    1    0.000478
   2    4    1   -1    1    0.000478
   2    4   -2   -1   -2    0.000478
   2    4    1   -1   -2    0.000478
   2    4   -2    1    1    0.000478
   2    4    1    1    1    0.000478
   2    3    0   -1   -2    0.000830
   2    3   -2   -1   -2    0.000830
   2    3   -2    2    1    0.000830
   2    3    0    2    1    0.000830
   2    1   -2   -1    0    0.000106
   2    1   -2    2   -2    0.000106
   2    1    1   -1    0    0.000106
   2    1    1    2   -2    0.000106
   2    1   -2    2    0    0.000106
   2    1   -2   -1   -2    0.000106
   2    1    1   -1   -2    0.000106
   2    1    1    2    0    0.000106
   3    2    1    0    0    0.081241
   3    2    1   -1    1    0.081241
   3    1    0    0    0    0.081241
   3    1    0    0   -1    0.081241
   3    1    1    0   -1    0.081241
   3    1    1    0    0    0.081241
   3    2    1    0    1    0.081241
   3    2    1   -1    0    0.081241
   3    4    0    0    0    0.677991
   3    4    0   -1    0    0.677991
   3    4    1    0    0    0.677991
   3    4    1   -1    0    0.677991
   3    3    0    0   -1   -0.010068
   3    3    0    0    1   -0.010068
   3    3    1    0    0   -0.022082
   3    3   -1    0    0   -0.022082
   3    3    0   -1    0   -0.022082
   3    3    0    1    0   -0.022082
   3    4    0    0   -1    0.188125
   3    4    1    0   -1    0.188125
   3    4    0   -1    1    0.188125
   3    4    1   -1    1    0.188125
   3    4    0   -1   -1    0.188126
   3    4    1   -1   -1    0.188125
   3    4    0    0    1    0.188125
   3    4    1    0    1    0.188126
   3    1    0    1   -1    0.010665
   3    1    0   -1    0    0.010665
   3    1    1    1   -1    0.010665
   3    1    1   -1    0    0.010665
   3    2    0    0    0    0.010665
   3    2    0   -1    1    0.010665
   3    2    2    0    0    0.010665
   3    2    2   -1    1    0.010665
   3    2    0    0    1    0.010665
   3    2    0   -1    0    0.010665
   3    2    2   -1    0    0.010665
   3    2    2    0    1    0.010665
   3    1    0    1    0    0.010665
   3    1    0   -1   -1    0.010665
   3    1    1    1    0    0.010665
   3    1    1   -1   -1    0.010665
   3    3    0   -1    1    0.040240
   3    3    0    1   -1    0.040240
   3    3   -1    0    1    0.040240
   3    3    1    0   -1    0.040240
   3    3    1    0    1    0.040240
   3    3   -1    0   -1    0.040240
   3    3    0   -1   -1    0.040240
   3    3    0    1    1    0.040240
   3    3   -1    1    0    0.047427
   3    3    1   -1    0    0.047427
   3    3    1    1    0    0.047427
   3    3   -1   -1    0    0.047427
   3    2    1    0   -1    0.001525
   3    2    1   -1    2    0.001525
   3    1    0    0    1    0.001525
   3    1    0    0   -2    0.001525
   3    1    1    0   -2    0.001525
   3    1    1    0    1    0.001525
   3    2    1   -1   -1    0.001525
   3    2    1    0    2    0.001525
   3    2    1    1    0    0.001006
   3    2    1   -2    1    0.001006
   3    1   -1    0    0    0.001006
   3    1   -1    0   -1    0.001006
   3    1    2    0   -1    0.001006
   3    1    2    0    0    0.001006
   3    2    1    1    1    0.001006
   3    2    1   -2    0    0.001006
   3    4   -1    0    0    0.010760
   3    4   -1   -1    0    0.010760
   3    4    0    1    0    0.010760
   3    4    2    0    0    0.010760
   3    4    2   -1    0    0.010760
   3    4    1    1    0    0.010760
   3    4    0   -2    0    0.010760
   3    4    1   -2    0    0.010760
   3    3    1   -1    1   -0.001982
   3    3    1    1   -1   -0.001982
   3    3   -1   -1    1   -0.001982
   3    3   -1    1   -1   -0.001982
   3    3   -1    1    1   -0.001982
   3    3    1   -1   -1   -0.001982
   3    3   -1   -1   -1   -0.001982
   3    3    1    1    1   -0.001982
   3    1    0    1   -2    0.002582
   3    1    0   -1    1    0.002582
   3    1    1    1   -2    0.002582
   3    1    1   -1    1    0.002582
   3    2    0    0   -1    0.002582
   3    2    2    0   -1    0.002582
   3    2    0   -1    2    0.002582
   3    2    2   -1    2    0.002582
   3    2    0   -1   -1    0.002582
   3    2    0    0    2    0.002582
   3    2    2   -1   -1    0.002582
   3    2    2    0    2    0.002582
   3    1    0    1    1    0.002582
   3    1    0   -1   -2    0.002582
   3    1    1    1    1    0.002582
   3    1    1   -1   -2    0.002582
   3    4    0    1   -1    0.012572
   3    4    1    1   -1    0.012572
   3    4    0   -2    1    0.012572
   3    4    1   -2    1    0.012572
   3    4   -1    0   -1    0.012572
   3    4    2    0   -1    0.012572
   3    4   -1   -1    1    0.012572
   3    4    2   -1    1    0.012572
   3    4   -1   -1   -1    0.012572
   3    4    2   -1   -1    0.012572
   3    4   -1    0    1    0.012572
   3    4    2    0    1    0.012572
   3    4    0   -2   -1    0.012572
   3    4    1   -2   -1    0.012572
   3    4    0    1    1    0.012572
   3    4    1    1    1    0.012572
   3    2    0    1    0    0.003005
   3    2    2    1    0    0.003005
   3    2    0   -2    1    0.003005
   3    2    2   -2    1    0.003005
   3    1   -1    1   -1    0.003005
   3    1   -1   -1    0    0.003005
   3    1    2    1   -1    0.003005
   3    1    2   -1    0    0.003005
   3    1   -1    1    0    0.003005
   3    1   -1   -1   -1    0.003005
   3    1    2    1    0    0.003005
   3    1    2   -1   -1    0.003005
   3    2    0    1    1    0.003005
   3    2    2    1    1    0.003005
   3    2    0   -2    0    0.003005
   3    2    2   -2    0    0.003005
   3    3    0    0   -2    0.012164
   3    3    0    0    2    0.012164
   3    3    2    0    0   -0.006669
   3    3   -2    0    0   -0.006669
   3    3    0   -2    0   -0.006669
   3    3    0    2    0   -0.006669
   3    4    0    0   -2    0.001722
   3    4    1    0   -2    0.001722
   3    4    0   -1    2    0.001722
   3    4    1   -1    2    0.001722
   3    4    0   -1   -2    0.001722
   3    4    1   -1   -2    0.001722
   3    4    0    0    2    0.001722
   3    4    1    0    2    0.001722
   3    2    1    1   -1   -0.001907
   3    2    1   -2    2   -0.001907
   3    1   -1    0    1   -0.001907
   3    1   -1    0   -2   -0.001907
   3    1    2    0   -2   -0.001907
   3    1    2    0    1   -0.001907
   3    2    1    1    2   -0.001907
   3    2    1   -2   -1   -0.001907
   3    1    0    2   -1    0.000716
   3    1    0   -2    0    0.000716
   3    1    1    2   -1    0.000716
   3    1    1   -2    0    0.000716
   3    2   -1    0    0    0.000716
   3    2   -1   -1    1    0.000716
   3    2    3    0    0    0.000716
   3    2    3   -1    1    0.000716
   3    2   -1    0    1    0.000716
   3    2   -1   -1    0    0.000716
   3    2    3   -1    0    0.000716
   3    2    3    0    1    0.000716
   3    1    0    2    0    0.000716
   3    1    0   -2   -1    0.000716
   3    1    1    2    0    0.000716
   3    1    1   -2   -1    0.000716
   3    4   -1    1    0   -0.016996
   3    4   -1   -2    0   -0.016996
   3    4    2    1    0   -0.016996
   3    4    2   -2    0   -0.016996
   3    3    0    1   -2    0.008001
   3    3    0   -1    2    0.008001
   3    3   -1    0    2    0.008001
   3    3    1    0   -2    0.008001
   3    3   -1    0   -2    0.008001
   3    3    1    0    2    0.008001
   3    3    0   -1   -2    0.008001
   3    3    0    1    2    0.008001
   3    3    0   -2    1    0.002939
   3    3    0    2   -1    0.002939
   3    3   -2    0    1    0.002939
   3    3    2    0   -1    0.002939
   3    3    2    0    1    0.002939
   3    3   -2    0   -1    0.002939
   3    3    0   -2   -1    0.002939
   3    3    0    2    1    0.002939
   3    3   -2    1    0    0.002891
   3    3    2   -1    0    0.002891
   3    3   -2   -1    0    0.002891
   3    3    2    1    0    0.002891
   3    3    1   -2    0    0.002891
   3    3   -1   -2    0    0.002891
   3    3   -1    2    0    0.002891
   3    3    1    2    0    0.002891
   3    2    0    1   -1    0.000830
   3    2    2    1   -1    0.000830
   3    2    0   -2    2    0.000830
   3    2    2   -2    2    0.000830
   3    1   -1    1   -2    0.000830
   3    1   -1   -1    1    0.000830
   3    1    2    1   -2    0.000830
   3    1    2   -1    1    0.000830
   3    1   -1    1    1    0.000830
   3    1   -1   -1   -2    0.000830
   3    1    2   -1   -2    0.000830
   3    1    2    1    1    0.000830
   3    2    0    1    2    0.000830
   3    2    0   -2   -1    0.000830
   3    2    2   -2   -1    0.000830
   3    2    2    1    2    0.000830
   3    4   -1    1   -1    0.001464
   3    4    2    1   -1    0.001464
   3    4   -1   -2    1    0.001464
   3    4    2   -2    1    0.001464
   3    4   -1   -2   -1    0.001464
   3    4    2   -2   -1    0.001464
   3    4   -1    1    1    0.001464
   3    4    2    1    1    0.001464
   4    1    0    0    0    0.267807
   4    1    0    1   -1    0.267807
   4    2    1    0    1    0.267807
   4    2    0    0    1    0.267807
   4    2    1    0    0    0.267807
   4    2    0    0    0    0.267807
   4    1    0    1    0    0.267807
   4    1    0    0   -1    0.267807
   4    3    0    0    0    0.677991
   4    3    0    1    0    0.677991
   4    3   -1    0    0    0.677991
   4    3   -1    1    0    0.677991
   4    4    0    0   -1    0.006341
   4    4    0    0    1    0.006341
   4    4   -1    0    0    0.141823
   4    4    1    0    0    0.141823
   4    4    0   -1    0    0.141823
   4    4    0    1    0    0.141823
   4    3    0    0    1    0.188125
   4    3   -1    0    1    0.188125
   4    3    0    1   -1    0.188125
   4    3   -1    1   -1    0.188125
   4    3    0    1    1    0.188126
   4    3   -1    1    1    0.188125
   4    3    0    0   -1    0.188125
   4    3   -1    0   -1    0.188126
   4    2    1   -1    1    0.040097
   4    2    0   -1    1    0.040097
   4    2    1    1    0    0.040097
   4    2    0    1    0    0.040097
   4    1   -1    0    0    0.040097
   4    1   -1    1   -1    0.040097
   4    1    1    0    0    0.040097
   4    1    1    1   -1    0.040097
   4    1   -1    1    0    0.040097
   4    1   -1    0   -1    0.040097
   4    1    1    1    0    0.040097
   4    1    1    0   -1    0.040097
   4    2    1    1    1    0.040097
   4    2    0    1    1    0.040097
   4    2    1   -1    0    0.040097
   4    2    0   -1    0    0.040097
   4    4    0   -1    1   -0.691652
   4    4    0    1   -1   -0.691652
   4    4   -1    0    1   -0.691652
   4    4    1    0   -1   -0.691652
   4    4   -1    0   -1   -0.691651
   4    4    1    0    1   -0.691651
   4    4    0   -1   -1   -0.691651
   4    4    0    1    1   -0.691651
   4    4   -1    1    0   -0.159083
   4    4    1   -1    0   -0.159083
   4    4   -1   -1    0   -0.159083
   4    4    1    1    0   -0.159083
   4    1    0    0    1    0.004224
   4    1    0    1   -2    0.004224
   4    2    1    0    2    0.004224
   4    2    0    0    2    0.004224
   4    2    1    0   -1    0.004224
   4    2    0    0   -1    0.004224
   4    1    0    1    1    0.004224
   4    1    0    0   -2    0.004224
   4    1    0   -1    0    0.002766
   4    1    0    2   -1    0.002766
   4    2    2    0    1    0.002766
   4    2   -1    0    1    0.002766
   4    2    2    0    0    0.002766
   4    2   -1    0    0    0.002766
   4    1    0    2    0    0.002766
   4    1    0   -1   -1    0.002766
   4    3    1    0    0    0.010760
   4    3    1    1    0    0.010760
   4    3   -2    0    0    0.010760
   4    3    0   -1    0    0.010760
   4    3   -2    1    0    0.010760
   4    3   -1   -1    0    0.010760
   4    3    0    2    0    0.010760
   4    3   -1    2    0    0.010760
   4    4   -1   -1    1    0.042674
   4    4   -1    1   -1    0.042674
   4    4    1   -1    1    0.042674
   4    4    1    1   -1    0.042674
   4    4   -1    1    1    0.042674
   4    4    1   -1   -1    0.042674
   4    4   -1   -1   -1    0.042673
   4    4    1    1    1    0.042673
   4    2    1   -1    2   -0.000813
   4    2    0   -1    2   -0.000813
   4    2    1    1   -1   -0.000813
   4    2    0    1   -1   -0.000813
   4    1   -1    0    1   -0.000813
   4    1    1    0    1   -0.000813
   4    1   -1    1   -2   -0.000813
   4    1    1    1   -2   -0.000813
   4    1   -1    1    1   -0.000813
   4    1    1    1    1   -0.000813
   4    1   -1    0   -2   -0.000813
   4    1    1    0   -2   -0.000813
   4    2    1    1    2   -0.000813
   4    2    0    1    2   -0.000813
   4    2    1   -1   -1   -0.000813
   4    2    0   -1   -1   -0.000813
   4    3    0   -1    1    0.012572
   4    3   -1   -1    1    0.012572
   4    3    0    2   -1    0.012572
   4    3   -1    2   -1    0.012572
   4    3    1    0    1    0.012572
   4    3   -2    0    1    0.012572
   4    3    1    1   -1    0.012572
   4    3   -2    1   -1    0.012572
   4    3    1    1    1    0.012572
   4    3   -2    1    1    0.012572
   4    3    1    0   -1    0.012572
   4    3   -2    0   -1    0.012572
   4    3    0    2    1    0.012572
   4    3   -1    2    1    0.012572
   4    3    0   -1   -1    0.012572
   4    3   -1   -1   -1    0.012572
   4    1   -1   -1    0    0.000877
   4    1   -1    2   -1    0.000877
   4    1    1   -1    0    0.000877
   4    1    1    2   -1    0.000877
   4    2    2   -1    1    0.000877
   4    2   -1   -1    1    0.000877
   4    2    2    1    0    0.000877
   4    2   -1    1    0    0.000877
   4    2    2    1    1    0.000877
   4    2   -1    1    1    0.000877
   4    2    2   -1    0    0.000877
   4    2   -1   -1    0    0.000877
   4    1   -1    2    0    0.000877
   4    1   -1   -1   -1    0.000877
   4    1    1    2    0    0.000877
   4    1    1   -1   -1    0.000877
   4    4    0    0   -2    0.061689
   4    4    0    0    2    0.061689
   4    4   -2    0    0    0.077939
   4    4    2    0    0    0.077939
   4    4    0   -2    0    0.077939
   4    4    0    2    0    0.077939
   4    3    0    0    2    0.001722
   4    3   -1    0    2    0.001722
   4    3    0    1   -2    0.001722
   4    3   -1    1   -2    0.001722
   4    3    0    1    2    0.001722
   4    3   -1    1    2    0.001722
   4    3    0    0   -2    0.001722
   4    3   -1    0   -2    0.001722
   4    1    0   -1    1   -0.003785
   4    1    0    2   -2   -0.003785
   4    2    2    0    2   -0.003785
   4    2   -1    0    2   -0.003785
   4    2    2    0   -1   -0.003785
   4    2   -1    0   -1   -0.003785
   4    1    0    2    1   -0.003785
   4    1    0   -1   -2   -0.003785
   4    2    1   -2    1   -0.000168
   4    2    0   -2    1   -0.000168
   4    2    1    2    0   -0.000168
   4    2    0    2    0   -0.000168
   4    1   -2    0    0   -0.000168
   4    1   -2    1   -1   -0.000168
   4    1    2    0    0   -0.000168
   4    1    2    1   -1   -0.000168
   4    1   -2    1    0   -0.000168
   4    1   -2    0   -1   -0.000168
   4    1    2    1    0   -0.000168
   4    1    2    0   -1   -0.000168
   4    2    1    2    1   -0.000168
   4    2    0    2    1   -0.000168
   4    2    1   -2    0   -0.000168
   4    2    0   -2    0   -0.000168
   4    3    1   -1    0   -0.016996
   4    3    1    2    0   -0.016996
   4    3   -2   -1    0   -0.016996
   4    3   -2    2    0   -0.016996
   4    4    0   -1    2    0.019490
   4    4    0    1   -2    0.019490
   4    4   -1    0    2    0.019490
   4    4    1    0   -2    0.019490
   4    4   -1    0   -2    0.019490
   4    4    1    0    2    0.019490
   4    4    0   -1   -2    0.019490
   4    4    0    1    2    0.019490
   4    4    0   -2    1   -0.074953
   4    4    0    2   -1   -0.074953
   4    4   -2    0    1   -0.074953
   4    4    2    0   -1   -0.074953
   4    4   -2    0   -1   -0.074953
   4    4    2    0    1   -0.074953
   4    4    0   -2   -1   -0.074953
   4    4    0    2    1   -0.074953
   4    4   -2    1    0   -0.011689
   4    4    2   -1    0   -0.011689
   4    4   -2   -1    0   -0.011689
   4    4    2    1    0   -0.011689
   4    4   -1    2    0   -0.011689
   4    4    1   -2    0   -0.011689
   4    4   -1   -2    0   -0.011689
   4    4    1    2    0   -0.011689
   4    1   -1   -1    1    0.000478
   4    1    1   -1    1    0.000478
   4    1   -1    2   -2    0.000478
   4    1    1    2   -2    0.000478
   4    2    2   -1    2    0.000478
   4    2   -1   -1    2    0.000478
   4    2    2    1   -1    0.000478
   4    2   -1    1   -1    0.000478
   4    2    2    1    2    0.000478
   4    2   -1    1    2    0.000478
   4    2    2   -1   -1    0.000478
   4    2   -1   -1   -1    0.000478
   4    1   -1    2    1    0.000478
   4    1    1    2    1    0.000478
   4    1   -1   -1   -2    0.000478
   4    1    1   -1   -2    0.000478
   4    3    1   -1    1    0.001464
   4    3   -2   -1    1    0.001464
   4    3    1    2   -1    0.001464
   4    3   -2    2   -1    0.001464
   4    3    1    2    1    0.001464
   4    3   -2    2    1    0.001464
   4    3    1   -1   -1    0.001464
   4    3   -2   -1   -1    0.001464
