   1    4    0    1    0   -0.124234
   1    3    0   -1    0   -0.124234
   1    4   -1    0    0   -0.120267
   1    4    0    0    0   -0.120266
   1    3    1    0    0   -0.120267
   1    3    0    0    0   -0.120266
   1    1   -1   -1    0   -0.013872
   1    1    1    1    0   -0.013872
   1    1    0   -1    0   -0.013868
   1    1    0    1    0   -0.013868
   1    1   -1    0    0   -0.011697
   1    1    1    0    0   -0.011697
   1    4   -1   -1    0   -0.126188
   1    3    1    1    0   -0.126188
   1    4    1    1    0   -0.127836
   1    4   -1    1    0   -0.127827
   1    3   -1   -1    0   -0.127836
   1    3    1   -1    0   -0.127827
   1    2    0    0   -1    0.067772
   1    2    0    0    0    0.067772
   1    4    1    2    0   -0.028407
   1    4    0    2    0   -0.028412
   1    3   -1   -2    0   -0.028407
   1    3    0   -2    0   -0.028412
   1    4   -2   -1    0   -0.028498
   1    3    2    1    0   -0.028498
   1    4    0   -1    0   -0.028501
   1    3    0    1    0   -0.028501
   1    4   -2    0    0   -0.025657
   1    4    1    0    0   -0.025654
   1    3    2    0    0   -0.025657
   1    3   -1    0    0   -0.025654
   1    1   -1   -2    0   -0.026092
   1    1    1    2    0   -0.026092
   1    1   -2   -1    0   -0.022654
   1    1    2    1    0   -0.022654
   1    1   -1    1    0   -0.022655
   1    1    1   -1    0   -0.022655
   1    2   -1   -1   -1   -0.012359
   1    2    1    1   -1   -0.012359
   1    2    0    1   -1   -0.012358
   1    2    0   -1   -1   -0.012358
   1    2   -1   -1    0   -0.012359
   1    2    1    1    0   -0.012359
   1    2    0    1    0   -0.012358
   1    2    0   -1    0   -0.012358
   1    2   -1    0   -1   -0.011496
   1    2    1    0   -1   -0.011496
   1    2   -1    0    0   -0.011496
   1    2    1    0    0   -0.011496
   1    1   -2   -2    0    0.010093
   1    1    2    2    0    0.010093
   1    1    0   -2    0    0.010107
   1    1    0    2    0    0.010107
   1    1   -2    0    0    0.015831
   1    1    2    0    0    0.015831
   1    4   -2   -2    0    0.012040
   1    3    2    2    0    0.012040
   1    4   -1   -2    0    0.012038
   1    3    1    2    0    0.012038
   1    4    2    2    0    0.012072
   1    3   -2   -2    0    0.012072
   1    4   -1    2    0    0.012072
   1    3    1   -2    0    0.012072
   1    4    2    1    0    0.011589
   1    3   -2   -1    0    0.011589
   1    4   -2    1    0    0.011590
   1    3    2   -1    0    0.011590
   1    2   -1   -2   -1   -0.004458
   1    2    1    2   -1   -0.004458
   1    2   -1   -2    0   -0.004458
   1    2    1    2    0   -0.004458
   1    2   -2   -1   -1   -0.004692
   1    2    2    1   -1   -0.004692
   1    2   -1    1   -1   -0.004692
   1    2    1   -1   -1   -0.004692
   1    2   -2   -1    0   -0.004692
   1    2    2    1    0   -0.004692
   1    2   -1    1    0   -0.004692
   1    2    1   -1    0   -0.004692
   1    4    1    3    0    0.004468
   1    3   -1   -3    0    0.004468
   1    4   -3   -1    0    0.004597
   1    3    3    1    0    0.004597
   1    4    1   -1    0    0.004597
   1    3   -1    1    0    0.004597
   1    3    0   -1   -1   -0.026408
   1    4    0    1    1   -0.026408
   1    3    1    0   -1   -0.027976
   1    3    0    0   -1   -0.027977
   1    4   -1    0    1   -0.027976
   1    4    0    0    1   -0.027977
   1    2   -2   -2   -1    0.000914
   1    2    2    2   -1    0.000914
   1    2   -2   -2    0    0.000914
   1    2    2    2    0    0.000914
   1    2    0    2   -1    0.000914
   1    2    0   -2   -1    0.000914
   1    2    0    2    0    0.000914
   1    2    0   -2    0    0.000914
   1    2   -2    0   -1    0.001718
   1    2    2    0   -1    0.001718
   1    2   -2    0    0    0.001718
   1    2    2    0    0    0.001718
   1    4    2    3    0   -0.010363
   1    3   -2   -3    0   -0.010363
   1    4    0    3    0   -0.010362
   1    3    0   -3    0   -0.010362
   1    4   -3   -2    0   -0.010626
   1    3    3    2    0   -0.010626
   1    4    0   -2    0   -0.010625
   1    3    0    2    0   -0.010625
   1    4   -3    0    0   -0.009199
   1    4    2    0    0   -0.009198
   1    3    3    0    0   -0.009199
   1    3   -2    0    0   -0.009198
   1    1   -2   -3    0   -0.003556
   1    1    2    3    0   -0.003556
   1    1   -1   -3    0   -0.003555
   1    1    1    3    0   -0.003555
   1    1   -3   -2    0   -0.003691
   1    1    3    2    0   -0.003691
   1    1   -1    2    0   -0.003691
   1    1    1   -2    0   -0.003691
   1    1   -3   -1    0   -0.003198
   1    1    3    1    0   -0.003198
   1    1   -2    1    0   -0.003199
   1    1    2   -1    0   -0.003199
   1    3    1    1   -1   -0.017546
   1    4   -1   -1    1   -0.017546
   1    3   -1   -1   -1   -0.015625
   1    3    1   -1   -1   -0.015625
   1    4    1    1    1   -0.015625
   1    4   -1    1    1   -0.015625
   1    3   -1   -2   -1    0.003820
   1    3    0   -2   -1    0.003822
   1    4    1    2    1    0.003820
   1    4    0    2    1    0.003822
   1    3    2    1   -1    0.003631
   1    3    0    1   -1    0.003633
   1    4   -2   -1    1    0.003631
   1    4    0   -1    1    0.003633
   1    3    2    0   -1    0.004157
   1    3   -1    0   -1    0.004156
   1    4   -2    0    1    0.004157
   1    4    1    0    1    0.004156
   1    4   -2   -3    0   -0.004538
   1    3    2    3    0   -0.004538
   1    4    3    2    0   -0.004077
   1    3   -3   -2    0   -0.004077
   1    4   -2    2    0   -0.004079
   1    3    2   -2    0   -0.004079
   1    1   -3   -3    0    0.011683
   1    1    3    3    0    0.011683
   1    1    0   -3    0    0.011676
   1    1    0    3    0    0.011676
   1    1   -3    0    0    0.013794
   1    1    3    0    0    0.013794
   2    4    0    1    1   -0.124233
   2    3    0   -1    0   -0.124234
   2    4   -1    0    1   -0.120267
   2    3    1    0    0   -0.120267
   2    4    0    0    1   -0.120266
   2    3    0    0    0   -0.120266
   2    2   -1   -1    0   -0.013872
   2    2    1    1    0   -0.013872
   2    2    0   -1    0   -0.013868
   2    2    0    1    0   -0.013868
   2    2   -1    0    0   -0.011697
   2    2    1    0    0   -0.011697
   2    4   -1   -1    1   -0.126188
   2    3    1    1    0   -0.126188
   2    4    1    1    1   -0.127836
   2    3   -1   -1    0   -0.127836
   2    4   -1    1    1   -0.127827
   2    3    1   -1    0   -0.127827
   2    1    0    0    1    0.067772
   2    1    0    0    0    0.067772
   2    4    1    2    1   -0.028407
   2    3   -1   -2    0   -0.028407
   2    4    0    2    1   -0.028412
   2    3    0   -2    0   -0.028412
   2    4   -2   -1    1   -0.028498
   2    3    2    1    0   -0.028498
   2    4    0   -1    1   -0.028501
   2    3    0    1    0   -0.028501
   2    4   -2    0    1   -0.025657
   2    3    2    0    0   -0.025657
   2    4    1    0    1   -0.025654
   2    3   -1    0    0   -0.025654
   2    2   -1   -2    0   -0.026092
   2    2    1    2    0   -0.026092
   2    2   -2   -1    0   -0.022654
   2    2    2    1    0   -0.022654
   2    2   -1    1    0   -0.022655
   2    2    1   -1    0   -0.022655
   2    1    1    1    1   -0.012359
   2    1   -1   -1    1   -0.012359
   2    1    0   -1    1   -0.012358
   2    1    0    1    1   -0.012358
   2    1    1    1    0   -0.012359
   2    1   -1   -1    0   -0.012359
   2    1    0   -1    0   -0.012358
   2    1    0    1    0   -0.012358
   2    1    1    0    1   -0.011496
   2    1   -1    0    1   -0.011496
   2    1    1    0    0   -0.011496
   2    1   -1    0    0   -0.011496
   2    2   -2   -2    0    0.010093
   2    2    2    2    0    0.010093
   2    2    0   -2    0    0.010107
   2    2    0    2    0    0.010107
   2    2   -2    0    0    0.015831
   2    2    2    0    0    0.015831
   2    4   -2   -2    1    0.012040
   2    3    2    2    0    0.012040
   2    4   -1   -2    1    0.012038
   2    3    1    2    0    0.012038
   2    4    2    2    1    0.012072
   2    3   -2   -2    0    0.012072
   2    4   -1    2    1    0.012072
   2    3    1   -2    0    0.012072
   2    4    2    1    1    0.011589
   2    3   -2   -1    0    0.011589
   2    4   -2    1    1    0.011590
   2    3    2   -1    0    0.011590
   2    1   -1   -2    1   -0.004458
   2    1    1    2    1   -0.004458
   2    1   -1   -2    0   -0.004458
   2    1    1    2    0   -0.004458
   2    1    2    1    1   -0.004692
   2    1   -2   -1    1   -0.004692
   2    1    1   -1    1   -0.004692
   2    1   -1    1    1   -0.004692
   2    1    2    1    0   -0.004692
   2    1   -2   -1    0   -0.004692
   2    1    1   -1    0   -0.004692
   2    1   -1    1    0   -0.004692
   2    4    1    3    1    0.004468
   2    3   -1   -3    0    0.004468
   2    4   -3   -1    1    0.004597
   2    3    3    1    0    0.004597
   2    4    1   -1    1    0.004597
   2    3   -1    1    0    0.004597
   2    3    0   -1    1   -0.026408
   2    4    0    1    0   -0.026408
   2    3    1    0    1   -0.027976
   2    3    0    0    1   -0.027977
   2    4   -1    0    0   -0.027976
   2    4    0    0    0   -0.027977
   2    1    2    2    1    0.000914
   2    1   -2   -2    1    0.000914
   2    1    2    2    0    0.000914
   2    1   -2   -2    0    0.000914
   2    1    0   -2    1    0.000914
   2    1    0    2    1    0.000914
   2    1    0   -2    0    0.000914
   2    1    0    2    0    0.000914
   2    1    2    0    1    0.001718
   2    1   -2    0    1    0.001718
   2    1    2    0    0    0.001718
   2    1   -2    0    0    0.001718
   2    4    2    3    1   -0.010363
   2    3   -2   -3    0   -0.010363
   2    4    0    3    1   -0.010362
   2    3    0   -3    0   -0.010362
   2    4   -3   -2    1   -0.010626
   2    3    3    2    0   -0.010626
   2    4    0   -2    1   -0.010625
   2    3    0    2    0   -0.010625
   2    4   -3    0    1   -0.009199
   2    3    3    0    0   -0.009199
   2    4    2    0    1   -0.009198
   2    3   -2    0    0   -0.009198
   2    2   -2   -3    0   -0.003556
   2    2    2    3    0   -0.003556
   2    2   -1   -3    0   -0.003555
   2    2    1    3    0   -0.003555
   2    2   -3   -2    0   -0.003691
   2    2    3    2    0   -0.003691
   2    2   -1    2    0   -0.003691
   2    2    1   -2    0   -0.003691
   2    2   -3   -1    0   -0.003198
   2    2    3    1    0   -0.003198
   2    2   -2    1    0   -0.003199
   2    2    2   -1    0   -0.003199
   2    3    1    1    1   -0.017546
   2    4   -1   -1    0   -0.017546
   2    3   -1   -1    1   -0.015625
   2    4    1    1    0   -0.015625
   2    3    1   -1    1   -0.015625
   2    4   -1    1    0   -0.015625
   2    3   -1   -2    1    0.003820
   2    4    1    2    0    0.003820
   2    3    0   -2    1    0.003822
   2    4    0    2    0    0.003822
   2    3    2    1    1    0.003631
   2    4   -2   -1    0    0.003631
   2    3    0    1    1    0.003633
   2    4    0   -1    0    0.003633
   2    3    2    0    1    0.004157
   2    4   -2    0    0    0.004157
   2    3   -1    0    1    0.004156
   2    4    1    0    0    0.004156
   2    4   -2   -3    1   -0.004538
   2    3    2    3    0   -0.004538
   2    4    3    2    1   -0.004077
   2    3   -3   -2    0   -0.004077
   2    4   -2    2    1   -0.004079
   2    3    2   -2    0   -0.004079
   2    2   -3   -3    0    0.011683
   2    2    3    3    0    0.011683
   2    2    0   -3    0    0.011676
   2    2    0    3    0    0.011676
   2    2   -3    0    0    0.013794
   2    2    3    0    0    0.013794
   3    1    0    1    0   -0.124234
   3    2    0    1    0   -0.124234
   3    1   -1    0    0   -0.120267
   3    1    0    0    0   -0.120266
   3    2   -1    0    0   -0.120267
   3    2    0    0    0   -0.120266
   3    3   -1   -1    0    0.426995
   3    3    1    1    0    0.426995
   3    3    0   -1    0    0.426824
   3    3    0    1    0    0.426824
   3    3   -1    0    0    0.444615
   3    3    1    0    0    0.444615
   3    1   -1   -1    0   -0.126188
   3    2   -1   -1    0   -0.126188
   3    1    1    1    0   -0.127836
   3    2    1    1    0   -0.127836
   3    1   -1    1    0   -0.127827
   3    2   -1    1    0   -0.127827
   3    4   -1    0    0    0.023593
   3    4   -1    0    1    0.023593
   3    4    0    1    0    0.021192
   3    4   -1    1    0    0.021198
   3    4    0    1    1    0.021192
   3    4   -1    1    1    0.021198
   3    1    1    2    0   -0.028407
   3    2    1    2    0   -0.028407
   3    1    0    2    0   -0.028412
   3    2    0    2    0   -0.028412
   3    1   -2   -1    0   -0.028498
   3    2   -2   -1    0   -0.028498
   3    1    0   -1    0   -0.028501
   3    2    0   -1    0   -0.028501
   3    1   -2    0    0   -0.025657
   3    2   -2    0    0   -0.025657
   3    1    1    0    0   -0.025654
   3    2    1    0    0   -0.025654
   3    3   -1   -2    0    0.058461
   3    3    1    2    0    0.058461
   3    3    2    1    0    0.054001
   3    3   -2   -1    0    0.054001
   3    3   -1    1    0    0.053985
   3    3    1   -1    0    0.053985
   3    4    0    2    0   -0.283009
   3    4    0    2    1   -0.283009
   3    4   -2    0    0   -0.284555
   3    4    0    0    0   -0.284577
   3    4   -2    0    1   -0.284555
   3    4    0    0    1   -0.284577
   3    3   -2   -2    0   -0.210611
   3    3    2    2    0   -0.210611
   3    3    0   -2    0   -0.210591
   3    3    0    2    0   -0.210591
   3    3   -2    0    0   -0.204326
   3    3    2    0    0   -0.204326
   3    4   -2   -1    0    0.030975
   3    4   -1   -1    0    0.030971
   3    4   -2   -1    1    0.030975
   3    4   -1   -1    1    0.030971
   3    4    1    2    0    0.031379
   3    4   -1    2    0    0.031382
   3    4    1    2    1    0.031379
   3    4   -1    2    1    0.031382
   3    4    1    1    0    0.029306
   3    4   -2    1    0    0.029313
   3    4    1    1    1    0.029306
   3    4   -2    1    1    0.029313
   3    1   -2   -2    0    0.012040
   3    2   -2   -2    0    0.012040
   3    1   -1   -2    0    0.012038
   3    2   -1   -2    0    0.012038
   3    1    2    2    0    0.012072
   3    2    2    2    0    0.012072
   3    1   -1    2    0    0.012072
   3    2   -1    2    0    0.012072
   3    1    2    1    0    0.011589
   3    2    2    1    0    0.011589
   3    1   -2    1    0    0.011590
   3    2   -2    1    0    0.011590
   3    1    1    3    0    0.004468
   3    2    1    3    0    0.004468
   3    1   -3   -1    0    0.004597
   3    2   -3   -1    0    0.004597
   3    1    1   -1    0    0.004597
   3    2    1   -1    0    0.004597
   3    2    0    1   -1   -0.026408
   3    1    0    1    1   -0.026408
   3    2   -1    0   -1   -0.027976
   3    2    0    0   -1   -0.027977
   3    1   -1    0    1   -0.027976
   3    1    0    0    1   -0.027977
   3    4    1    3    0   -0.012915
   3    4    0    3    0   -0.012912
   3    4    1    3    1   -0.012915
   3    4    0    3    1   -0.012912
   3    4   -3   -1    0   -0.014572
   3    4    0   -1    0   -0.014570
   3    4   -3   -1    1   -0.014572
   3    4    0   -1    1   -0.014570
   3    4   -3    0    0   -0.013956
   3    4    1    0    0   -0.013955
   3    4   -3    0    1   -0.013956
   3    4    1    0    1   -0.013955
   3    1    2    3    0   -0.010363
   3    2    2    3    0   -0.010363
   3    1    0    3    0   -0.010362
   3    2    0    3    0   -0.010362
   3    1   -3   -2    0   -0.010626
   3    2   -3   -2    0   -0.010626
   3    1    0   -2    0   -0.010625
   3    2    0   -2    0   -0.010625
   3    1   -3    0    0   -0.009199
   3    2   -3    0    0   -0.009199
   3    1    2    0    0   -0.009198
   3    2    2    0    0   -0.009198
   3    3   -2   -3    0   -0.014893
   3    3    2    3    0   -0.014893
   3    3   -1   -3    0   -0.014899
   3    3    1    3    0   -0.014899
   3    3   -3   -2    0   -0.016654
   3    3    3    2    0   -0.016654
   3    3   -1    2    0   -0.016654
   3    3    1   -2    0   -0.016654
   3    3    3    1    0   -0.013606
   3    3   -3   -1    0   -0.013606
   3    3    2   -1    0   -0.013599
   3    3   -2    1    0   -0.013599
   3    2   -1   -1   -1   -0.017546
   3    1   -1   -1    1   -0.017546
   3    2    1    1   -1   -0.015625
   3    2   -1    1   -1   -0.015625
   3    1    1    1    1   -0.015625
   3    1   -1    1    1   -0.015625
   3    4   -2   -2    0   -0.000709
   3    4   -2   -2    1   -0.000709
   3    4    2    2    0    0.003069
   3    4    2    2    1    0.003069
   3    4   -2    2    0    0.003064
   3    4   -2    2    1    0.003064
   3    2    1    2   -1    0.003820
   3    1    1    2    1    0.003820
   3    2    0    2   -1    0.003822
   3    1    0    2    1    0.003822
   3    2   -2   -1   -1    0.003631
   3    1   -2   -1    1    0.003631
   3    2    0   -1   -1    0.003633
   3    1    0   -1    1    0.003633
   3    2   -2    0   -1    0.004157
   3    2    1    0   -1    0.004156
   3    1   -2    0    1    0.004157
   3    1    1    0    1    0.004156
   3    4   -3   -2    0    0.011371
   3    4   -3   -2    1    0.011371
   3    4   -1   -2    0    0.011370
   3    4   -1   -2    1    0.011370
   3    4    2    3    0    0.011094
   3    4    2    3    1    0.011094
   3    4   -1    3    0    0.011093
   3    4   -1    3    1    0.011093
   3    4    2    1    0    0.012221
   3    4   -3    1    0    0.012221
   3    4    2    1    1    0.012221
   3    4   -3    1    1    0.012221
   3    1   -2   -3    0   -0.004538
   3    2   -2   -3    0   -0.004538
   3    1    3    2    0   -0.004077
   3    2    3    2    0   -0.004077
   3    1   -2    2    0   -0.004079
   3    2   -2    2    0   -0.004079
   3    3   -3   -3    0    0.039649
   3    3    3    3    0    0.039649
   3    3    0   -3    0    0.039659
   3    3    0    3    0    0.039659
   3    3   -3    0    0    0.040163
   3    3    3    0    0    0.040163
   4    1    0   -1    0   -0.124234
   4    2    0   -1   -1   -0.124233
   4    1    1    0    0   -0.120267
   4    1    0    0    0   -0.120266
   4    2    1    0   -1   -0.120267
   4    2    0    0   -1   -0.120266
   4    4   -1   -1    0    0.426995
   4    4    1    1    0    0.426995
   4    4    0   -1    0    0.426824
   4    4    0    1    0    0.426824
   4    4   -1    0    0    0.444615
   4    4    1    0    0    0.444615
   4    1    1    1    0   -0.126188
   4    2    1    1   -1   -0.126188
   4    1   -1   -1    0   -0.127836
   4    1    1   -1    0   -0.127827
   4    2   -1   -1   -1   -0.127836
   4    2    1   -1   -1   -0.127827
   4    3    1    0    0    0.023593
   4    3    1    0   -1    0.023593
   4    3    0   -1    0    0.021192
   4    3    1   -1    0    0.021198
   4    3    0   -1   -1    0.021192
   4    3    1   -1   -1    0.021198
   4    1   -1   -2    0   -0.028407
   4    1    0   -2    0   -0.028412
   4    2   -1   -2   -1   -0.028407
   4    2    0   -2   -1   -0.028412
   4    1    2    1    0   -0.028498
   4    2    2    1   -1   -0.028498
   4    1    0    1    0   -0.028501
   4    2    0    1   -1   -0.028501
   4    1    2    0    0   -0.025657
   4    1   -1    0    0   -0.025654
   4    2    2    0   -1   -0.025657
   4    2   -1    0   -1   -0.025654
   4    4   -1   -2    0    0.058461
   4    4    1    2    0    0.058461
   4    4   -2   -1    0    0.054001
   4    4    2    1    0    0.054001
   4    4   -1    1    0    0.053985
   4    4    1   -1    0    0.053985
   4    3    0   -2    0   -0.283009
   4    3    0   -2   -1   -0.283009
   4    3    2    0    0   -0.284555
   4    3    0    0    0   -0.284577
   4    3    2    0   -1   -0.284555
   4    3    0    0   -1   -0.284577
   4    4   -2   -2    0   -0.210611
   4    4    2    2    0   -0.210611
   4    4    0   -2    0   -0.210591
   4    4    0    2    0   -0.210591
   4    4   -2    0    0   -0.204326
   4    4    2    0    0   -0.204326
   4    3    2    1    0    0.030975
   4    3    1    1    0    0.030971
   4    3    2    1   -1    0.030975
   4    3    1    1   -1    0.030971
   4    3   -1   -2    0    0.031379
   4    3    1   -2    0    0.031382
   4    3   -1   -2   -1    0.031379
   4    3    1   -2   -1    0.031382
   4    3   -1   -1    0    0.029306
   4    3    2   -1    0    0.029313
   4    3   -1   -1   -1    0.029306
   4    3    2   -1   -1    0.029313
   4    1    2    2    0    0.012040
   4    2    2    2   -1    0.012040
   4    1    1    2    0    0.012038
   4    2    1    2   -1    0.012038
   4    1   -2   -2    0    0.012072
   4    2   -2   -2   -1    0.012072
   4    1    1   -2    0    0.012072
   4    2    1   -2   -1    0.012072
   4    1   -2   -1    0    0.011589
   4    2   -2   -1   -1    0.011589
   4    1    2   -1    0    0.011590
   4    2    2   -1   -1    0.011590
   4    1   -1   -3    0    0.004468
   4    2   -1   -3   -1    0.004468
   4    1    3    1    0    0.004597
   4    2    3    1   -1    0.004597
   4    1   -1    1    0    0.004597
   4    2   -1    1   -1    0.004597
   4    2    0   -1    0   -0.026408
   4    1    0   -1   -1   -0.026408
   4    2    1    0    0   -0.027976
   4    2    0    0    0   -0.027977
   4    1    1    0   -1   -0.027976
   4    1    0    0   -1   -0.027977
   4    3   -1   -3    0   -0.012915
   4    3    0   -3    0   -0.012912
   4    3   -1   -3   -1   -0.012915
   4    3    0   -3   -1   -0.012912
   4    3    3    1    0   -0.014572
   4    3    0    1    0   -0.014570
   4    3    3    1   -1   -0.014572
   4    3    0    1   -1   -0.014570
   4    3    3    0    0   -0.013956
   4    3   -1    0    0   -0.013955
   4    3    3    0   -1   -0.013956
   4    3   -1    0   -1   -0.013955
   4    1   -2   -3    0   -0.010363
   4    2   -2   -3   -1   -0.010363
   4    1    0   -3    0   -0.010362
   4    2    0   -3   -1   -0.010362
   4    1    3    2    0   -0.010626
   4    2    3    2   -1   -0.010626
   4    1    0    2    0   -0.010625
   4    2    0    2   -1   -0.010625
   4    1    3    0    0   -0.009199
   4    1   -2    0    0   -0.009198
   4    2    3    0   -1   -0.009199
   4    2   -2    0   -1   -0.009198
   4    4   -2   -3    0   -0.014893
   4    4    2    3    0   -0.014893
   4    4   -1   -3    0   -0.014899
   4    4    1    3    0   -0.014899
   4    4   -3   -2    0   -0.016654
   4    4    3    2    0   -0.016654
   4    4   -1    2    0   -0.016654
   4    4    1   -2    0   -0.016654
   4    4   -3   -1    0   -0.013606
   4    4    3    1    0   -0.013606
   4    4   -2    1    0   -0.013599
   4    4    2   -1    0   -0.013599
   4    2    1    1    0   -0.017546
   4    1    1    1   -1   -0.017546
   4    2   -1   -1    0   -0.015625
   4    2    1   -1    0   -0.015625
   4    1   -1   -1   -1   -0.015625
   4    1    1   -1   -1   -0.015625
   4    3    2    2    0   -0.000709
   4    3    2    2   -1   -0.000709
   4    3   -2   -2    0    0.003069
   4    3   -2   -2   -1    0.003069
   4    3    2   -2    0    0.003064
   4    3    2   -2   -1    0.003064
   4    2   -1   -2    0    0.003820
   4    2    0   -2    0    0.003822
   4    1   -1   -2   -1    0.003820
   4    1    0   -2   -1    0.003822
   4    2    2    1    0    0.003631
   4    2    0    1    0    0.003633
   4    1    2    1   -1    0.003631
   4    1    0    1   -1    0.003633
   4    2    2    0    0    0.004157
   4    2   -1    0    0    0.004156
   4    1    2    0   -1    0.004157
   4    1   -1    0   -1    0.004156
   4    3    3    2    0    0.011371
   4    3    3    2   -1    0.011371
   4    3    1    2    0    0.011370
   4    3    1    2   -1    0.011370
   4    3   -2   -3    0    0.011094
   4    3   -2   -3   -1    0.011094
   4    3    1   -3    0    0.011093
   4    3    1   -3   -1    0.011093
   4    3   -2   -1    0    0.012221
   4    3    3   -1    0    0.012221
   4    3   -2   -1   -1    0.012221
   4    3    3   -1   -1    0.012221
   4    1    2    3    0   -0.004538
   4    2    2    3   -1   -0.004538
   4    1   -3   -2    0   -0.004077
   4    2   -3   -2   -1   -0.004077
   4    1    2   -2    0   -0.004079
   4    2    2   -2   -1   -0.004079
   4    4   -3   -3    0    0.039649
   4    4    3    3    0    0.039649
   4    4    0    3    0    0.039659
   4    4    0   -3    0    0.039659
   4    4   -3    0    0    0.040163
   4    4    3    0    0    0.040163
