1    1     .000000000000000  .000000000000000  .499999999999750
2    2     .000000000000000  .000000000000000  .000000000000356
3    3     .166414000000000 -.166414000000000  .372579999999617
4    4     .166414000000000  .332828000000000  .372579999999984
5    5    -.332828000000000 -.166414000000000  .372580000000207
6    6    -.166414000000000  .166414000000000 -.372579999999880
7    7    -.166414000000000 -.332828000000000 -.372579999999966
8    8     .332828000000000  .166414000000000 -.372579999999901
9    9    -.166414000000000  .166414000000000 -.127420000000043
10   10   -.166414000000000 -.332828000000000 -.127419999999979
11   11    .332828000000000  .166414000000000 -.127420000000085
12   12    .166414000000000 -.166414000000000  .127420000000290
13   13    .166414000000000  .332828000000000  .127419999999869
14   14   -.332828000000000 -.166414000000000  .127420000000257
15   15    .333333333333333 -.333333333333333  .250000000000058
16   16   -.333333333333333  .333333333333333 -.250000000000029
17   17    .000000000000000  .000000000000000  .249999999999943
18   18    .000000000000000  .000000000000000 -.250000000000320
