   1    2    1    0    0    1.187063
   1    3   -1    0    1    1.187063
   1    3    0    0    1    1.187083
   1    2    0    0    0    1.187083
   1    3    0    1    1    1.181849
   1    2    0   -1    0    1.181849
   1    1   -1    0    0    0.476589
   1    1    1    0    0    0.476589
   1    1   -1   -1    0    0.478476
   1    1    1    1    0    0.478476
   1    1    0   -1    0    0.478470
   1    1    0    1    0    0.478470
   1    3    1    1    1   -0.219039
   1    2   -1   -1    0   -0.219039
   1    2    1   -1    0   -0.219043
   1    3   -1    1    1   -0.219043
   1    2    1    1    0   -0.219292
   1    3   -1   -1    1   -0.219292
   1    4    0    0    0    0.035040
   1    4    0    0    1    0.035040
   1    2    2    0    0    0.123066
   1    3   -2    0    1    0.123066
   1    3    1    0    1    0.123065
   1    2   -1    0    0    0.123065
   1    2    2    1    0    0.123273
   1    3   -2   -1    1    0.123273
   1    3    0   -1    1    0.123274
   1    2    0    1    0    0.123274
   1    3    1    2    1    0.120631
   1    2   -1   -2    0    0.120631
   1    2    0   -2    0    0.120632
   1    3    0    2    1    0.120632
   1    1   -2   -1    0   -0.024077
   1    1    2    1    0   -0.024077
   1    1   -1    1    0   -0.024077
   1    1    1   -1    0   -0.024077
   1    1   -1   -2    0   -0.024516
   1    1    1    2    0   -0.024516
   1    4   -1    0    0    0.002132
   1    4   -1    0    1    0.002131
   1    4    1    0    0    0.002131
   1    4    1    0    1    0.002132
   1    4    1    1    0    0.002007
   1    4   -1   -1    1    0.002007
   1    4    0    1    0    0.002008
   1    4    0   -1    1    0.002008
   1    4   -1   -1    0    0.001986
   1    4    1    1    1    0.001986
   1    4    0    1    1    0.001987
   1    4    0   -1    0    0.001987
   1    1   -2    0    0    0.028561
   1    1    2    0    0    0.028561
   1    1   -2   -2    0    0.026728
   1    1    2    2    0    0.026728
   1    1    0   -2    0    0.026715
   1    1    0    2    0    0.026715
   1    3    2    1    1   -0.004348
   1    2   -2   -1    0   -0.004348
   1    2    2   -1    0   -0.004350
   1    3   -2    1    1   -0.004350
   1    3    2    2    1   -0.003614
   1    2   -2   -2    0   -0.003614
   1    2    1   -2    0   -0.003611
   1    3   -1    2    1   -0.003611
   1    2    2    2    0   -0.004142
   1    3   -2   -2    1   -0.004142
   1    3   -1   -2    1   -0.004138
   1    2    1    2    0   -0.004138
   1    4   -2   -1    1    0.000525
   1    4    2    1    0    0.000525
   1    4   -1    1    0    0.000525
   1    4    1   -1    1    0.000525
   1    4   -2   -1    0   -0.000194
   1    4    2    1    1   -0.000194
   1    4   -1    1    1   -0.000194
   1    4    1   -1    0   -0.000194
   1    4    1    2    0   -0.000130
   1    4   -1   -2    1   -0.000130
   1    4    1    2    1    0.000479
   1    4   -1   -2    0    0.000479
   1    2    3    1    0   -0.005228
   1    3   -3   -1    1   -0.005228
   1    3    1   -1    1   -0.005228
   1    2   -1    1    0   -0.005228
   1    2   -1   -3    0   -0.004917
   1    3    1    3    1   -0.004917
   1    3    0    1    0   -0.030009
   1    2    0   -1    1   -0.030009
   1    2    1    0    1   -0.030369
   1    3   -1    0    0   -0.030369
   1    3    0    0    0   -0.030368
   1    2    0    0    1   -0.030368
   1    4   -2    0    0    0.001201
   1    4   -2    0    1    0.001201
   1    4    2    0    0    0.001201
   1    4    2    0    1    0.001201
   1    4   -2   -2    1    0.001254
   1    4    2    2    0    0.001254
   1    4    0    2    0    0.001254
   1    4    0   -2    1    0.001254
   1    4   -2   -2    0    0.001222
   1    4    2    2    1    0.001222
   1    4    0    2    1    0.001222
   1    4    0   -2    0    0.001222
   1    2    3    0    0    0.001622
   1    3   -3    0    1    0.001622
   1    3    2    0    1    0.001621
   1    2   -2    0    0    0.001621
   1    2    3    2    0    0.002664
   1    3   -3   -2    1    0.002664
   1    3    0   -2    1    0.002658
   1    2    0    2    0    0.002658
   1    3    2    3    1    0.002596
   1    2   -2   -3    0    0.002596
   1    2    0   -3    0    0.002590
   1    3    0    3    1    0.002590
   1    1   -3   -1    0    0.004010
   1    1    3    1    0    0.004010
   1    1   -2    1    0    0.004010
   1    1    2   -1    0    0.004010
   1    1   -3   -2    0    0.002730
   1    1    3    2    0    0.002730
   1    1   -1    2    0    0.002731
   1    1    1   -2    0    0.002731
   1    1   -2   -3    0    0.002970
   1    1    2    3    0    0.002970
   1    1   -1   -3    0    0.002971
   1    1    1    3    0    0.002971
   1    3    1    1    0   -0.017055
   1    2   -1   -1    1   -0.017055
   1    2    1   -1    1   -0.017056
   1    3   -1    1    0   -0.017056
   1    3   -1   -1    0   -0.018389
   1    2    1    1    1   -0.018389
   1    3    1    2    0   -0.002832
   1    2   -1   -2    1   -0.002832
   1    2    2    0    1   -0.002310
   1    3   -2    0    0   -0.002310
   1    3    1    0    0   -0.002309
   1    2   -1    0    1   -0.002309
   1    2    0   -2    1   -0.002831
   1    3    0    2    0   -0.002831
   1    2    2    1    1   -0.002884
   1    3   -2   -1    0   -0.002884
   1    3    0   -1    0   -0.002882
   1    2    0    1    1   -0.002882
   1    3    3    2    1    0.009750
   1    2   -3   -2    0    0.009750
   1    2    2   -2    0    0.009752
   1    3   -2    2    1    0.009752
   1    3   -2   -3    1    0.009412
   1    2    2    3    0    0.009412
   1    1   -3    0    0   -0.011916
   1    1    3    0    0   -0.011916
   1    1   -3   -3    0   -0.014118
   1    1    3    3    0   -0.014118
   1    1    0   -3    0   -0.014122
   1    1    0    3    0   -0.014122
   1    4   -3   -1    1   -0.000129
   1    4    3    1    0   -0.000129
   1    4   -2    1    0   -0.000129
   1    4    2   -1    1   -0.000129
   1    4   -3   -1    0    0.000496
   1    4    3    1    1    0.000496
   1    4   -2    1    1    0.000496
   1    4    2   -1    0    0.000496
   1    4   -3   -2    1   -0.000211
   1    4    3    2    0   -0.000211
   1    4   -1    2    0   -0.000211
   1    4    1   -2    1   -0.000211
   1    4   -3   -2    0    0.000636
   1    4    3    2    1    0.000636
   1    4   -1    2    1    0.000636
   1    4    1   -2    0    0.000636
   1    4    2    3    0    0.000610
   1    4   -2   -3    1    0.000610
   1    4    1    3    0    0.000610
   1    4   -1   -3    1    0.000610
   1    4    2    3    1   -0.000137
   1    4   -2   -3    0   -0.000137
   1    4    1    3    1   -0.000137
   1    4   -1   -3    0   -0.000137
   1    3    3    1    1   -0.000999
   1    2   -3   -1    0   -0.000999
   1    2    3   -1    0   -0.001001
   1    3   -3    1    1   -0.001001
   1    3    3    3    1   -0.000069
   1    2   -3   -3    0   -0.000069
   1    2    1   -3    0   -0.000070
   1    3   -1    3    1   -0.000070
   1    2    3    3    0   -0.000253
   1    3   -3   -3    1   -0.000253
   1    3   -1   -3    1   -0.000253
   1    2    1    3    0   -0.000253
   1    3    2    1    0   -0.000406
   1    2   -2   -1    1   -0.000406
   1    2    2   -1    1   -0.000405
   1    3   -2    1    0   -0.000405
   1    3    2    2    0   -0.000050
   1    2   -2   -2    1   -0.000050
   1    2    1   -2    1   -0.000048
   1    3   -1    2    0   -0.000048
   1    2    2    2    1    0.000307
   1    3   -2   -2    0    0.000307
   1    3   -1   -2    0    0.000307
   1    2    1    2    1    0.000307
   1    1    0    0   -1   -0.006558
   1    1    0    0    1   -0.006558
   1    2    4    1    0    0.000267
   1    3   -4   -1    1    0.000267
   1    3    2   -1    1    0.000267
   1    2   -2    1    0    0.000267
   1    2    4    2    0   -0.000255
   1    3   -4   -2    1   -0.000255
   1    3    1   -2    1   -0.000255
   1    2   -1    2    0   -0.000255
   1    3    2    4    1   -0.000137
   1    2   -2   -4    0   -0.000137
   1    2   -1   -4    0   -0.000137
   1    3    1    4    1   -0.000137
   1    2    3    1    1    0.000681
   1    3   -3   -1    0    0.000681
   1    2   -1   -3    1    0.001760
   1    3    1    3    0    0.001760
   1    3    1   -1    0    0.000682
   1    2   -1    1    1    0.000682
   1    4   -3    0    0   -0.000028
   1    4   -3    0    1   -0.000028
   1    4    3    0    0   -0.000028
   1    4    3    0    1   -0.000028
   1    4   -3   -3    1    0.000027
   1    4    3    3    0    0.000027
   1    4    0    3    0    0.000027
   1    4    0   -3    1    0.000027
   1    4   -3   -3    0   -0.000054
   1    4    3    3    1   -0.000054
   1    4    0    3    1   -0.000054
   1    4    0   -3    0   -0.000054
   1    1   -1   -1    1    0.003195
   1    1    1    1   -1    0.003195
   1    1    0   -1    1    0.003195
   1    1    0    1   -1    0.003195
   1    1   -1    0   -1    0.003456
   1    1   -1    0    1    0.003457
   1    1    1    0   -1    0.003457
   1    1    1    0    1    0.003456
   1    1   -1   -1   -1    0.003285
   1    1    1    1    1    0.003285
   1    1    0   -1   -1    0.003285
   1    1    0    1    1    0.003285
   1    1   -4   -2    0    0.003277
   1    1    4    2    0    0.003277
   1    1   -2    2    0    0.003276
   1    1    2   -2    0    0.003276
   1    1   -2   -4    0    0.001975
   1    1    2    4    0    0.001975
   2    1   -1    0    0    1.187063
   2    1    0    0    0    1.187083
   2    1    0    1    0    1.181849
   2    2   -1    0    0    1.289970
   2    2    1    0    0    1.289970
   2    2   -1   -1    0    1.271909
   2    2    1    1    0    1.271909
   2    2    0   -1    0    1.271651
   2    2    0    1    0    1.271651
   2    4    0    1    0   -0.183689
   2    4   -1    0    0   -0.181848
   2    4    0    0    0   -0.181844
   2    1    1    1    0   -0.219039
   2    1   -1    1    0   -0.219043
   2    1   -1   -1    0   -0.219292
   2    4    1    1    0   -0.008741
   2    4   -1    1    0   -0.008734
   2    4   -1   -1    0   -0.009884
   2    3   -1    0    1    0.070943
   2    3    0    1    1    0.074865
   2    3   -1    1    1    0.074862
   2    1   -2    0    0    0.123066
   2    1    1    0    0    0.123065
   2    1   -2   -1    0    0.123273
   2    1    0   -1    0    0.123274
   2    1    1    2    0    0.120631
   2    1    0    2    0    0.120632
   2    2   -2   -1    0    0.258053
   2    2    2    1    0    0.258053
   2    2   -1    1    0    0.258036
   2    2    1   -1    0    0.258036
   2    2   -1   -2    0    0.243392
   2    2    1    2    0    0.243392
   2    4   -2    0    0    0.011018
   2    4    1    0    0    0.011019
   2    4    1    2    0    0.009842
   2    4    0    2    0    0.009839
   2    4   -2   -1    0    0.009575
   2    4    0   -1    0    0.009573
   2    3    0    1    0   -0.027218
   2    3   -1    1    0   -0.027208
   2    3   -1    0    0   -0.018877
   2    3   -2    0    1   -0.375775
   2    3    0    0    1   -0.375752
   2    3    0    2    1   -0.376665
   2    2   -2    0    0   -0.165708
   2    2    2    0    0   -0.165708
   2    2   -2   -2    0   -0.175646
   2    2    2    2    0   -0.175646
   2    2    0   -2    0   -0.175651
   2    2    0    2    0   -0.175651
   2    3    0    2    0    0.221231
   2    3   -2    0    0    0.215075
   2    3    0    0    0    0.215051
   2    3    1    1    1    0.022857
   2    3   -2    1    1    0.022859
   2    3   -2   -1    1    0.023331
   2    3   -1   -1    1    0.023325
   2    3    1    2    1    0.021444
   2    3   -1    2    1    0.021440
   2    1    2    1    0   -0.004348
   2    1   -2    1    0   -0.004350
   2    1    2    2    0   -0.003614
   2    1   -1    2    0   -0.003611
   2    1   -2   -2    0   -0.004142
   2    1   -1   -2    0   -0.004138
   2    4    2    1    0   -0.002015
   2    4   -2    1    0   -0.002014
   2    4    2    2    0   -0.000667
   2    4   -1    2    0   -0.000665
   2    4   -2   -2    0   -0.001158
   2    4   -1   -2    0   -0.001158
   2    3    1    1    0   -0.065543
   2    3   -2    1    0   -0.065541
   2    3    1    2    0   -0.062638
   2    3   -1    2    0   -0.062634
   2    3   -2   -1    0   -0.060184
   2    3   -1   -1    0   -0.060184
   2    1   -3   -1    0   -0.005228
   2    1    1   -1    0   -0.005228
   2    1    1    3    0   -0.004917
   2    4   -3   -1    0   -0.000466
   2    4    1   -1    0   -0.000466
   2    4    1    3    0   -0.000272
   2    4   -1    0    1   -0.002412
   2    4    0    0    1   -0.002412
   2    4    0    1    1   -0.002304
   2    1    0    1   -1   -0.030009
   2    1   -1    0   -1   -0.030369
   2    1    0    0   -1   -0.030368
   2    3   -3    0    1    0.032058
   2    3    1    0    1    0.032057
   2    3   -3   -1    1    0.033848
   2    3    0   -1    1    0.033849
   2    3    1    3    1    0.031640
   2    3    0    3    1    0.031642
   2    1   -3    0    0    0.001622
   2    1    2    0    0    0.001621
   2    1   -3   -2    0    0.002664
   2    1    0   -2    0    0.002658
   2    1    2    3    0    0.002596
   2    1    0    3    0    0.002590
   2    2   -3   -1    0   -0.011841
   2    2    3    1    0   -0.011841
   2    2   -2    1    0   -0.011836
   2    2    2   -1    0   -0.011836
   2    2   -3   -2    0   -0.010970
   2    2    3    2    0   -0.010970
   2    2   -1    2    0   -0.010982
   2    2    1   -2    0   -0.010982
   2    2   -2   -3    0   -0.011885
   2    2    2    3    0   -0.011885
   2    2   -1   -3    0   -0.011901
   2    2    1    3    0   -0.011901
   2    4   -3    0    0   -0.004693
   2    4    2    0    0   -0.004693
   2    4    2    3    0   -0.004725
   2    4    0    3    0   -0.004725
   2    4   -3   -2    0   -0.005281
   2    4    0   -2    0   -0.005280
   2    3   -3    0    0   -0.017243
   2    3    1    0    0   -0.017244
   2    3    1    3    0   -0.017606
   2    3    0    3    0   -0.017605
   2    3   -3   -1    0   -0.023622
   2    3    0   -1    0   -0.023621
   2    4   -1   -1    1   -0.005438
   2    4    1    1    1   -0.005786
   2    4   -1    1    1   -0.005786
   2    1    1    1   -1   -0.017055
   2    1   -1    1   -1   -0.017056
   2    1   -1   -1   -1   -0.018389
   2    3    2    2    1    0.012620
   2    3   -2    2    1    0.012623
   2    3   -2   -2    1    0.011704
   2    3    2    2    0   -0.029126
   2    3   -2    2    0   -0.029135
   2    3   -2   -2    0   -0.025787
   2    4   -2    0    1   -0.000642
   2    4    1    0    1   -0.000642
   2    4   -2   -1    1   -0.000542
   2    4    0   -1    1   -0.000542
   2    4    1    2    1   -0.000578
   2    4    0    2    1   -0.000578
   2    1    1    2   -1   -0.002832
   2    1   -2    0   -1   -0.002310
   2    1    1    0   -1   -0.002309
   2    1    0    2   -1   -0.002831
   2    1   -2   -1   -1   -0.002884
   2    1    0   -1   -1   -0.002882
   2    3    2    1    1   -0.012696
   2    3   -3    1    1   -0.012696
   2    3   -3   -2    1   -0.013412
   2    3   -1   -2    1   -0.013411
   2    3    2    3    1   -0.012563
   2    3   -1    3    1   -0.012564
   2    1    3    2    0    0.009750
   2    1   -2    2    0    0.009752
   2    1   -2   -3    0    0.009412
   2    2   -3    0    0    0.039590
   2    2    3    0    0    0.039590
   2    2   -3   -3    0    0.042291
   2    2    3    3    0    0.042291
   2    2    0   -3    0    0.042299
   2    2    0    3    0    0.042299
   2    4    3    2    0   -0.005477
   2    4   -2    2    0   -0.005478
   2    4   -2   -3    0   -0.005371
   2    3    2    1    0   -0.018676
   2    3   -3    1    0   -0.018673
   2    3    2    3    0   -0.016743
   2    3   -1    3    0   -0.016742
   2    3   -3   -2    0   -0.016435
   2    3   -1   -2    0   -0.016437
   2    1    3    1    0   -0.000999
   2    1   -3    1    0   -0.001001
   2    1    3    3    0   -0.000069
   2    1   -1    3    0   -0.000070
   2    1   -3   -3    0   -0.000253
   2    1   -1   -3    0   -0.000253
   2    4    3    1    0   -0.001079
   2    4   -3    1    0   -0.001079
   2    4    3    3    0   -0.000858
   2    4   -1    3    0   -0.000859
   2    4   -3   -3    0   -0.000807
   2    4   -1   -3    0   -0.000808
   2    4    2    1    1    0.000426
   2    4   -2    1    1    0.000426
   2    4   -2   -2    1    0.000373
   2    4   -1   -2    1    0.000373
   2    4    2    2    1    0.000401
   2    4   -1    2    1    0.000401
   2    1    2    1   -1   -0.000406
   2    1   -2    1   -1   -0.000405
   2    1    2    2   -1   -0.000050
   2    1   -1    2   -1   -0.000048
   2    1   -2   -2   -1    0.000307
   2    1   -1   -2   -1    0.000307
   2    2    0    0   -1    0.014486
   2    2    0    0    1    0.014486
   2    3   -4   -1    1    0.000572
   2    3    1   -1    1    0.000573
   2    3    1    4    1    0.004260
   2    1   -4   -1    0    0.000267
   2    1    2   -1    0    0.000267
   2    1   -4   -2    0   -0.000255
   2    1    1   -2    0   -0.000255
   2    1    2    4    0   -0.000137
   2    1    1    4    0   -0.000137
   2    4   -4   -1    0   -0.000343
   2    4    2   -1    0   -0.000343
   2    4   -4   -2    0   -0.000570
   2    4    1   -2    0   -0.000571
   2    4    2    4    0   -0.000387
   2    4    1    4    0   -0.000387
   2    3   -4   -1    0    0.004288
   2    3    1   -1    0    0.004289
   2    3    1    4    0    0.002328
   2    4   -3   -1    1    0.000776
   2    4    1   -1    1    0.000776
   2    4    1    3    1    0.000581
   2    1   -3   -1   -1    0.000681
   2    1    1    3   -1    0.001760
   2    1    1   -1   -1    0.000682
   2    2   -1   -1    1   -0.001265
   2    2    1    1   -1   -0.001265
   2    2    0   -1    1   -0.001266
   2    2    0    1   -1   -0.001266
   2    2   -1    0   -1   -0.000444
   2    2   -1    0    1   -0.000446
   2    2    1    0   -1   -0.000446
   2    2    1    0    1   -0.000444
   2    2   -1   -1   -1   -0.001376
   2    2    1    1    1   -0.001376
   2    2    0   -1   -1   -0.001378
   2    2    0    1    1   -0.001378
   2    3   -4    0    1   -0.008997
   2    3    2    0    1   -0.008995
   2    3   -4   -2    1   -0.006220
   2    3    0   -2    1   -0.006220
   2    3    2    4    1   -0.006736
   2    3    0    4    1   -0.006737
   2    2   -4   -2    0    0.012747
   2    2    4    2    0    0.012747
   2    2   -2    2    0    0.012744
   2    2    2   -2    0    0.012744
   2    2   -2   -4    0    0.011599
   2    2    2    4    0    0.011599
   2    3   -4    0    0    0.009158
   2    3    2    0    0    0.009157
   2    3    2    4    0    0.004054
   2    3    0    4    0    0.004056
   2    3   -4   -2    0    0.002662
   2    3    0   -2    0    0.002663
   3    1    1    0   -1    1.187063
   3    1    0    0   -1    1.187083
   3    1    0   -1   -1    1.181849
   3    3   -1    0    0    1.289969
   3    3    1    0    0    1.289969
   3    3    1    1    0    1.271909
   3    3   -1   -1    0    1.271909
   3    3    0   -1    0    1.271651
   3    3    0    1    0    1.271651
   3    4    0   -1    0   -0.183689
   3    4    1    0    0   -0.181849
   3    4    0    0    0   -0.181844
   3    1   -1   -1   -1   -0.219039
   3    1    1   -1   -1   -0.219043
   3    1    1    1   -1   -0.219292
   3    4   -1   -1    0   -0.008741
   3    4    1   -1    0   -0.008734
   3    4    1    1    0   -0.009884
   3    2    1    0   -1    0.070943
   3    2    0   -1   -1    0.074865
   3    2    1   -1   -1    0.074862
   3    1    2    0   -1    0.123066
   3    1   -1    0   -1    0.123065
   3    1    2    1   -1    0.123273
   3    1    0    1   -1    0.123274
   3    1   -1   -2   -1    0.120631
   3    1    0   -2   -1    0.120632
   3    3   -2   -1    0    0.258053
   3    3    2    1    0    0.258053
   3    3   -1    1    0    0.258036
   3    3    1   -1    0    0.258036
   3    3   -1   -2    0    0.243391
   3    3    1    2    0    0.243391
   3    4    2    0    0    0.011018
   3    4   -1    0    0    0.011019
   3    4   -1   -2    0    0.009842
   3    4    0   -2    0    0.009839
   3    4    2    1    0    0.009575
   3    4    0    1    0    0.009573
   3    2    0   -1    0   -0.027218
   3    2    1   -1    0   -0.027208
   3    2    1    0    0   -0.018877
   3    2    2    0   -1   -0.375775
   3    2    0    0   -1   -0.375752
   3    2    0   -2   -1   -0.376665
   3    3   -2    0    0   -0.165708
   3    3    2    0    0   -0.165708
   3    3   -2   -2    0   -0.175646
   3    3    2    2    0   -0.175646
   3    3    0   -2    0   -0.175651
   3    3    0    2    0   -0.175651
   3    2    0   -2    0    0.221231
   3    2    2    0    0    0.215075
   3    2    0    0    0    0.215051
   3    2   -1   -1   -1    0.022857
   3    2    2   -1   -1    0.022859
   3    2    2    1   -1    0.023331
   3    2    1    1   -1    0.023325
   3    2   -1   -2   -1    0.021444
   3    2    1   -2   -1    0.021440
   3    1   -2   -1   -1   -0.004348
   3    1    2   -1   -1   -0.004350
   3    1   -2   -2   -1   -0.003614
   3    1    1   -2   -1   -0.003611
   3    1    2    2   -1   -0.004142
   3    1    1    2   -1   -0.004138
   3    4   -2   -1    0   -0.002015
   3    4    2   -1    0   -0.002014
   3    4   -2   -2    0   -0.000667
   3    4    1   -2    0   -0.000665
   3    4    2    2    0   -0.001158
   3    4    1    2    0   -0.001158
   3    2   -1   -1    0   -0.065543
   3    2    2   -1    0   -0.065541
   3    2   -1   -2    0   -0.062638
   3    2    1   -2    0   -0.062634
   3    2    2    1    0   -0.060184
   3    2    1    1    0   -0.060184
   3    1    3    1   -1   -0.005228
   3    1   -1    1   -1   -0.005228
   3    1   -1   -3   -1   -0.004917
   3    4    3    1    0   -0.000466
   3    4   -1    1    0   -0.000466
   3    4   -1   -3    0   -0.000272
   3    4    1    0   -1   -0.002412
   3    4    0    0   -1   -0.002412
   3    4    0   -1   -1   -0.002304
   3    1    0   -1    0   -0.030009
   3    1    1    0    0   -0.030369
   3    1    0    0    0   -0.030368
   3    2    3    0   -1    0.032058
   3    2   -1    0   -1    0.032057
   3    2    3    1   -1    0.033848
   3    2    0    1   -1    0.033849
   3    2   -1   -3   -1    0.031640
   3    2    0   -3   -1    0.031642
   3    1    3    0   -1    0.001622
   3    1   -2    0   -1    0.001621
   3    1    3    2   -1    0.002664
   3    1    0    2   -1    0.002658
   3    1   -2   -3   -1    0.002596
   3    1    0   -3   -1    0.002590
   3    3   -3   -1    0   -0.011841
   3    3    3    1    0   -0.011841
   3    3   -2    1    0   -0.011836
   3    3    2   -1    0   -0.011836
   3    3   -3   -2    0   -0.010970
   3    3    3    2    0   -0.010970
   3    3   -1    2    0   -0.010982
   3    3    1   -2    0   -0.010982
   3    3   -2   -3    0   -0.011885
   3    3    2    3    0   -0.011885
   3    3   -1   -3    0   -0.011901
   3    3    1    3    0   -0.011901
   3    4    3    0    0   -0.004693
   3    4   -2    0    0   -0.004693
   3    4   -2   -3    0   -0.004725
   3    4    0   -3    0   -0.004725
   3    4    3    2    0   -0.005281
   3    4    0    2    0   -0.005279
   3    2    3    0    0   -0.017243
   3    2   -1    0    0   -0.017244
   3    2   -1   -3    0   -0.017606
   3    2    0   -3    0   -0.017605
   3    2    3    1    0   -0.023622
   3    2    0    1    0   -0.023621
   3    4    1    1   -1   -0.005438
   3    4   -1   -1   -1   -0.005786
   3    4    1   -1   -1   -0.005786
   3    1   -1   -1    0   -0.017055
   3    1    1   -1    0   -0.017056
   3    1    1    1    0   -0.018389
   3    2   -2   -2   -1    0.012620
   3    2    2   -2   -1    0.012623
   3    2    2    2   -1    0.011704
   3    2   -2   -2    0   -0.029126
   3    2    2   -2    0   -0.029135
   3    2    2    2    0   -0.025787
   3    4    2    0   -1   -0.000642
   3    4   -1    0   -1   -0.000642
   3    4    2    1   -1   -0.000542
   3    4    0    1   -1   -0.000542
   3    4   -1   -2   -1   -0.000578
   3    4    0   -2   -1   -0.000578
   3    1   -1   -2    0   -0.002832
   3    1    2    0    0   -0.002310
   3    1   -1    0    0   -0.002309
   3    1    0   -2    0   -0.002831
   3    1    2    1    0   -0.002884
   3    1    0    1    0   -0.002882
   3    2   -2   -1   -1   -0.012696
   3    2    3   -1   -1   -0.012696
   3    2    3    2   -1   -0.013412
   3    2    1    2   -1   -0.013411
   3    2   -2   -3   -1   -0.012563
   3    2    1   -3   -1   -0.012564
   3    1   -3   -2   -1    0.009750
   3    1    2   -2   -1    0.009752
   3    1    2    3   -1    0.009412
   3    3   -3    0    0    0.039590
   3    3    3    0    0    0.039590
   3    3   -3   -3    0    0.042291
   3    3    3    3    0    0.042291
   3    3    0   -3    0    0.042299
   3    3    0    3    0    0.042299
   3    4   -3   -2    0   -0.005477
   3    4    2   -2    0   -0.005478
   3    4    2    3    0   -0.005371
   3    2   -2   -1    0   -0.018676
   3    2    3   -1    0   -0.018673
   3    2   -2   -3    0   -0.016743
   3    2    1   -3    0   -0.016742
   3    2    3    2    0   -0.016435
   3    2    1    2    0   -0.016437
   3    1   -3   -1   -1   -0.000999
   3    1    3   -1   -1   -0.001001
   3    1   -3   -3   -1   -0.000069
   3    1    1   -3   -1   -0.000070
   3    1    3    3   -1   -0.000253
   3    1    1    3   -1   -0.000253
   3    4   -3   -1    0   -0.001079
   3    4    3   -1    0   -0.001080
   3    4   -3   -3    0   -0.000858
   3    4    1   -3    0   -0.000859
   3    4    3    3    0   -0.000807
   3    4    1    3    0   -0.000808
   3    4   -2   -1   -1    0.000426
   3    4    2   -1   -1    0.000426
   3    4    2    2   -1    0.000373
   3    4    1    2   -1    0.000373
   3    4   -2   -2   -1    0.000401
   3    4    1   -2   -1    0.000401
   3    1   -2   -1    0   -0.000406
   3    1    2   -1    0   -0.000405
   3    1   -2   -2    0   -0.000050
   3    1    1   -2    0   -0.000048
   3    1    2    2    0    0.000307
   3    1    1    2    0    0.000307
   3    3    0    0   -1    0.014486
   3    3    0    0    1    0.014486
   3    2    4    1   -1    0.000572
   3    2   -1    1   -1    0.000573
   3    2   -1   -4   -1    0.004260
   3    1    4    1   -1    0.000267
   3    1   -2    1   -1    0.000267
   3    1    4    2   -1   -0.000255
   3    1   -1    2   -1   -0.000255
   3    1   -2   -4   -1   -0.000137
   3    1   -1   -4   -1   -0.000137
   3    4    4    1    0   -0.000343
   3    4   -2    1    0   -0.000343
   3    4    4    2    0   -0.000570
   3    4   -1    2    0   -0.000571
   3    4   -2   -4    0   -0.000387
   3    4   -1   -4    0   -0.000387
   3    2    4    1    0    0.004288
   3    2   -1    1    0    0.004289
   3    2   -1   -4    0    0.002328
   3    4    3    1   -1    0.000776
   3    4   -1    1   -1    0.000776
   3    4   -1   -3   -1    0.000581
   3    1    3    1    0    0.000681
   3    1   -1   -3    0    0.001760
   3    1   -1    1    0    0.000682
   3    3   -1   -1    1   -0.001265
   3    3    1    1   -1   -0.001265
   3    3    0   -1    1   -0.001266
   3    3    0    1   -1   -0.001266
   3    3   -1    0   -1   -0.000444
   3    3   -1    0    1   -0.000446
   3    3    1    0   -1   -0.000446
   3    3    1    0    1   -0.000444
   3    3   -1   -1   -1   -0.001376
   3    3    1    1    1   -0.001376
   3    3    0   -1   -1   -0.001378
   3    3    0    1    1   -0.001378
   3    2    4    0   -1   -0.008997
   3    2   -2    0   -1   -0.008995
   3    2    4    2   -1   -0.006220
   3    2    0    2   -1   -0.006220
   3    2   -2   -4   -1   -0.006736
   3    2    0   -4   -1   -0.006737
   3    3   -4   -2    0    0.012747
   3    3    4    2    0    0.012747
   3    3   -2    2    0    0.012744
   3    3    2   -2    0    0.012744
   3    3   -2   -4    0    0.011599
   3    3    2    4    0    0.011599
   3    2    4    0    0    0.009158
   3    2   -2    0    0    0.009157
   3    2   -2   -4    0    0.004054
   3    2    0   -4    0    0.004056
   3    2    4    2    0    0.002662
   3    2    0    2    0    0.002663
   4    4   -1    0    0   -0.007267
   4    4    1    0    0   -0.007267
   4    4   -1   -1    0   -0.006715
   4    4    1    1    0   -0.006715
   4    4    0   -1    0   -0.006712
   4    4    0    1    0   -0.006712
   4    2    0   -1    0   -0.183689
   4    3    0    1    0   -0.183689
   4    2    1    0    0   -0.181848
   4    3   -1    0    0   -0.181849
   4    3    0    0    0   -0.181844
   4    2    0    0    0   -0.181844
   4    3    1    1    0   -0.008741
   4    2   -1   -1    0   -0.008741
   4    2    1   -1    0   -0.008734
   4    3   -1    1    0   -0.008734
   4    3   -1   -1    0   -0.009884
   4    2    1    1    0   -0.009884
   4    1    0    0   -1    0.035040
   4    1    0    0    0    0.035040
   4    4   -2   -1    0    0.004731
   4    4    2    1    0    0.004731
   4    4   -1    1    0    0.004731
   4    4    1   -1    0    0.004731
   4    4   -1   -2    0    0.005134
   4    4    1    2    0    0.005134
   4    2    2    0    0    0.011018
   4    3   -2    0    0    0.011018
   4    3    1    0    0    0.011019
   4    2   -1    0    0    0.011019
   4    2   -1   -2    0    0.009842
   4    3    1    2    0    0.009842
   4    2    0   -2    0    0.009839
   4    3    0    2    0    0.009839
   4    2    2    1    0    0.009575
   4    3   -2   -1    0    0.009575
   4    3    0   -1    0    0.009573
   4    2    0    1    0    0.009573
   4    1    1    0   -1    0.002131
   4    1    1    0    0    0.002132
   4    1   -1    0   -1    0.002132
   4    1   -1    0    0    0.002131
   4    1   -1   -1    0    0.002007
   4    1    1    1   -1    0.002007
   4    1    0   -1    0    0.002008
   4    1    0    1   -1    0.002008
   4    1   -1   -1   -1    0.001986
   4    1    1    1    0    0.001986
   4    1    0   -1   -1    0.001987
   4    1    0    1    0    0.001987
   4    4   -2    0    0    0.004481
   4    4    2    0    0    0.004481
   4    4   -2   -2    0    0.003522
   4    4    2    2    0    0.003522
   4    4    0   -2    0    0.003521
   4    4    0    2    0    0.003521
   4    3    2    1    0   -0.002015
   4    2   -2   -1    0   -0.002015
   4    2    2   -1    0   -0.002014
   4    3   -2    1    0   -0.002014
   4    3    2    2    0   -0.000667
   4    2   -2   -2    0   -0.000667
   4    2    1   -2    0   -0.000665
   4    3   -1    2    0   -0.000665
   4    3   -2   -2    0   -0.001158
   4    2    2    2    0   -0.001158
   4    3   -1   -2    0   -0.001158
   4    2    1    2    0   -0.001158
   4    1    2    1   -1    0.000525
   4    1   -2   -1    0    0.000525
   4    1    1   -1    0    0.000525
   4    1   -1    1   -1    0.000525
   4    1    2    1    0   -0.000194
   4    1   -2   -1   -1   -0.000194
   4    1    1   -1   -1   -0.000194
   4    1   -1    1    0   -0.000194
   4    1   -1   -2    0   -0.000130
   4    1    1    2   -1   -0.000130
   4    1   -1   -2   -1    0.000479
   4    1    1    2    0    0.000479
   4    2    3    1    0   -0.000466
   4    3   -3   -1    0   -0.000466
   4    3    1   -1    0   -0.000466
   4    2   -1    1    0   -0.000466
   4    2   -1   -3    0   -0.000272
   4    3    1    3    0   -0.000272
   4    2    1    0   -1   -0.002412
   4    3   -1    0    1   -0.002412
   4    3    0    0    1   -0.002412
   4    2    0    0   -1   -0.002412
   4    2    0   -1   -1   -0.002304
   4    3    0    1    1   -0.002304
   4    1    2    0   -1    0.001201
   4    1    2    0    0    0.001201
   4    1   -2    0   -1    0.001201
   4    1   -2    0    0    0.001201
   4    1    2    2   -1    0.001254
   4    1   -2   -2    0    0.001254
   4    1    0   -2    0    0.001254
   4    1    0    2   -1    0.001254
   4    1   -2   -2   -1    0.001222
   4    1    2    2    0    0.001222
   4    1    0   -2   -1    0.001222
   4    1    0    2    0    0.001222
   4    4   -3   -1    0    0.001389
   4    4    3    1    0    0.001389
   4    4   -2    1    0    0.001389
   4    4    2   -1    0    0.001389
   4    4   -3   -2    0    0.001371
   4    4    3    2    0    0.001371
   4    4   -1    2    0    0.001371
   4    4    1   -2    0    0.001371
   4    4   -2   -3    0    0.000857
   4    4    2    3    0    0.000857
   4    4   -1   -3    0    0.000857
   4    4    1    3    0    0.000857
   4    2    3    0    0   -0.004693
   4    3   -3    0    0   -0.004693
   4    3    2    0    0   -0.004693
   4    2   -2    0    0   -0.004693
   4    3    2    3    0   -0.004725
   4    2   -2   -3    0   -0.004725
   4    2    0   -3    0   -0.004725
   4    3    0    3    0   -0.004725
   4    2    3    2    0   -0.005281
   4    3   -3   -2    0   -0.005281
   4    3    0   -2    0   -0.005279
   4    2    0    2    0   -0.005280
   4    3   -1   -1    1   -0.005438
   4    2    1    1   -1   -0.005438
   4    3    1    1    1   -0.005786
   4    2   -1   -1   -1   -0.005786
   4    2    1   -1   -1   -0.005786
   4    3   -1    1    1   -0.005786
   4    2    2    0   -1   -0.000642
   4    3   -2    0    1   -0.000642
   4    3    1    0    1   -0.000642
   4    2   -1    0   -1   -0.000642
   4    2    2    1   -1   -0.000542
   4    3   -2   -1    1   -0.000542
   4    3    0   -1    1   -0.000542
   4    2    0    1   -1   -0.000542
   4    3    1    2    1   -0.000578
   4    2   -1   -2   -1   -0.000578
   4    2    0   -2   -1   -0.000578
   4    3    0    2    1   -0.000578
   4    4   -3    0    0    0.000369
   4    4    3    0    0    0.000369
   4    4   -3   -3    0    0.000226
   4    4    3    3    0    0.000226
   4    4    0   -3    0    0.000226
   4    4    0    3    0    0.000226
   4    3    3    2    0   -0.005477
   4    2   -3   -2    0   -0.005477
   4    2    2   -2    0   -0.005478
   4    3   -2    2    0   -0.005478
   4    3   -2   -3    0   -0.005371
   4    2    2    3    0   -0.005371
   4    1    3    1   -1   -0.000129
   4    1   -3   -1    0   -0.000129
   4    1    2   -1    0   -0.000129
   4    1   -2    1   -1   -0.000129
   4    1    3    1    0    0.000496
   4    1   -3   -1   -1    0.000496
   4    1    2   -1   -1    0.000496
   4    1   -2    1    0    0.000496
   4    1    3    2   -1   -0.000211
   4    1   -3   -2    0   -0.000211
   4    1    1   -2    0   -0.000211
   4    1   -1    2   -1   -0.000211
   4    1    3    2    0    0.000636
   4    1   -3   -2   -1    0.000636
   4    1    1   -2   -1    0.000636
   4    1   -1    2    0    0.000636
   4    1   -2   -3    0    0.000610
   4    1    2    3   -1    0.000610
   4    1   -1   -3    0    0.000610
   4    1    1    3   -1    0.000610
   4    1   -2   -3   -1   -0.000137
   4    1    2    3    0   -0.000137
   4    1   -1   -3   -1   -0.000137
   4    1    1    3    0   -0.000137
   4    3    3    1    0   -0.001079
   4    2   -3   -1    0   -0.001079
   4    2    3   -1    0   -0.001079
   4    3   -3    1    0   -0.001080
   4    3    3    3    0   -0.000858
   4    2   -3   -3    0   -0.000858
   4    2    1   -3    0   -0.000859
   4    3   -1    3    0   -0.000859
   4    3   -3   -3    0   -0.000807
   4    2    3    3    0   -0.000807
   4    3   -1   -3    0   -0.000808
   4    2    1    3    0   -0.000808
   4    3    2    1    1    0.000426
   4    2   -2   -1   -1    0.000426
   4    2    2   -1   -1    0.000426
   4    3   -2    1    1    0.000426
   4    3   -2   -2    1    0.000373
   4    2    2    2   -1    0.000373
   4    3   -1   -2    1    0.000373
   4    2    1    2   -1    0.000373
   4    3    2    2    1    0.000401
   4    2   -2   -2   -1    0.000401
   4    2    1   -2   -1    0.000401
   4    3   -1    2    1    0.000401
   4    4    0    0   -1   -0.000362
   4    4    0    0    1   -0.000362
   4    2    4    1    0   -0.000343
   4    3   -4   -1    0   -0.000343
   4    3    2   -1    0   -0.000343
   4    2   -2    1    0   -0.000343
   4    2    4    2    0   -0.000570
   4    3   -4   -2    0   -0.000570
   4    3    1   -2    0   -0.000571
   4    2   -1    2    0   -0.000571
   4    2   -2   -4    0   -0.000387
   4    3    2    4    0   -0.000387
   4    2   -1   -4    0   -0.000387
   4    3    1    4    0   -0.000387
   4    2    3    1   -1    0.000776
   4    3   -3   -1    1    0.000776
   4    3    1   -1    1    0.000776
   4    2   -1    1   -1    0.000776
   4    2   -1   -3   -1    0.000581
   4    3    1    3    1    0.000581
   4    1    3    0   -1   -0.000028
   4    1    3    0    0   -0.000028
   4    1   -3    0   -1   -0.000028
   4    1   -3    0    0   -0.000028
   4    1   -3   -3    0    0.000027
   4    1    3    3   -1    0.000027
   4    1    0   -3    0    0.000027
   4    1    0    3   -1    0.000027
   4    1   -3   -3   -1   -0.000054
   4    1    3    3    0   -0.000054
   4    1    0   -3   -1   -0.000054
   4    1    0    3    0   -0.000054
   4    4   -1   -1    1   -0.000287
   4    4    1    1   -1   -0.000287
   4    4    0   -1    1   -0.000287
   4    4    0    1   -1   -0.000287
   4    4   -1    0   -1   -0.000278
   4    4   -1    0    1   -0.000278
   4    4    1    0   -1   -0.000278
   4    4    1    0    1   -0.000278
   4    4   -1   -1   -1   -0.000295
   4    4    1    1    1   -0.000295
   4    4    0   -1   -1   -0.000295
   4    4    0    1    1   -0.000295
   4    4   -4   -2    0   -0.000724
   4    4    4    2    0   -0.000724
   4    4   -2    2    0   -0.000724
   4    4    2   -2    0   -0.000724
   4    4   -2   -4    0   -0.000735
   4    4    2    4    0   -0.000735
