1    1   2.0377572   0 0 1
2    1   2.0377793   0 0 1
3    1   2.0377793   0 0 1
4    1   1.6024267   0 0 1
5    1   1.6024267   0 0 1
6    1   1.6024312   0 0 1
7    1   1.6024312   0 0 1
8    1   1.6024313   0 0 1
9    1   1.6024312   0 0 1
10   1   1.6024330   0 0 1
11   1   1.6024388   0 0 1
12   1   1.6024366   0 0 1
13   1   1.6024408   0 0 1
14   1   1.6024366   0 0 1
15   1   1.6024408   0 0 1
16   1   1.6024389   0 0 1
17   1   1.6024330   0 0 1
18   1   1.6024408   0 0 1
19   1   1.6024366   0 0 1
20   1   1.6024409   0 0 1
21   1   1.6024366   0 0 1
