1    1    .000000000000000  .000000000000000  .499999999994716
2    2   -.333333333333333  .333333333333333 -.166667000014505
3    3    .333333333333333 -.333333333333333  .166666999997410
4    4    .497526999999999 -.497527000000000  .084895000004408
5    5   -.497527000000000  .497527000000000 -.084894999999858
6    6    .497527000000000 -.004946000000000  .084895000020367
7    7   -.497527000000000  .004946000000000 -.084894999999518
8    8    .004946000000001 -.497527000000000  .084895000005958
9    9   -.004945999999995  .497527000000000 -.084895000030948
10   10   .164194000000000 -.164194000000000  .418228999988153
11   11   .169139000000001 -.169139000000000  .248437999989585
12   12   .164194000000000  .328388000000000  .418229000011701
13   13   .169138999999999  .338279000000000  .248438000027362
14   14  -.328387999999997 -.164194000000000  .418228999987744
15   15  -.338278999999996 -.169139000000000  .248438000010675
16   16  -.169138999999999  .169139000000000 -.248438000009462
17   17  -.164194000000007  .164194000000000 -.418228999971250
18   18  -.169139000000000 -.338279000000000 -.248437999997382
19   19  -.164193999999995 -.328388000000000 -.418229000048871
20   20   .338279000000000  .169139000000000 -.248438000009409
21   21   .328388000000002  .164194000000000 -.418229000020876
