T         <M>             <M^2>           <M^4>       U_{Binder}        \chi         C_v(tot)         <E>           <E_{exc}>     <E_{lsf}>
0000 1.64830592E+00 2.71691240E+00 7.38161306E+00 6.66666665E-01 5.40137019E-01 1.00439040E+05 -6.44352213E+00 -6.44352213E+00 0.00000000E+00
0010 1.62961578E+00 2.65565474E+00 7.05257834E+00 6.66663064E-01 9.38897678E-02 1.04726249E+00 -6.38004320E+00 -6.38004320E+00 0.00000000E+00
0030 1.59686348E+00 2.54998326E+00 6.50251973E+00 6.66661279E-01 4.49867224E-02 1.00320473E+00 -6.25206907E+00 -6.25206907E+00 0.00000000E+00
0050 1.56740201E+00 2.45675883E+00 6.03575975E+00 6.66661375E-01 2.55584443E-02 1.02363682E+00 -6.12268298E+00 -6.12268298E+00 0.00000000E+00
0070 1.54045891E+00 2.37303085E+00 5.63143850E+00 6.66657013E-01 3.21489263E-02 9.19127592E-01 -5.99180046E+00 -5.99180046E+00 0.00000000E+00
0090 1.49790515E+00 2.24374209E+00 5.03457828E+00 6.66653444E-01 3.24001250E-02 9.96874913E-01 -5.85926126E+00 -5.85926126E+00 0.00000000E+00
0110 1.46077431E+00 2.13390752E+00 4.55395398E+00 6.66637922E-01 5.47109540E-02 1.02046960E+00 -5.72497217E+00 -5.72497217E+00 0.00000000E+00
0130 1.42710658E+00 2.03664930E+00 4.14807164E+00 6.66656117E-01 1.62442018E-02 1.03700566E+00 -5.58882003E+00 -5.58882003E+00 0.00000000E+00
0150 1.39654274E+00 1.95037601E+00 3.80431266E+00 6.66636339E-01 3.87601503E-02 1.07307382E+00 -5.45045735E+00 -5.45045735E+00 0.00000000E+00
0170 1.36085442E+00 1.85199280E+00 3.43038251E+00 6.66617570E-01 5.24211474E-02 1.12437702E+00 -5.30984200E+00 -5.30984200E+00 0.00000000E+00
0190 1.34710558E+00 1.81473361E+00 3.29354937E+00 6.66637182E-01 2.76945083E-02 1.21049496E+00 -5.16658677E+00 -5.16658677E+00 0.00000000E+00
0210 1.31309619E+00 1.72431322E+00 2.97388895E+00 6.66595717E-01 5.71497779E-02 1.24095521E+00 -5.02072872E+00 -5.02072872E+00 0.00000000E+00
0230 1.27611201E+00 1.62855435E+00 2.65279067E+00 6.66591083E-01 5.26736216E-02 1.18782283E+00 -4.87131381E+00 -4.87131381E+00 0.00000000E+00
0250 1.24769373E+00 1.55687179E+00 2.42467416E+00 6.66553294E-01 6.92408476E-02 1.23466396E+00 -4.71830399E+00 -4.71830399E+00 0.00000000E+00
0270 1.20183568E+00 1.44456550E+00 2.08767508E+00 6.66522010E-01 7.59213745E-02 1.17503625E+00 -4.56116667E+00 -4.56116667E+00 0.00000000E+00
0290 1.16617299E+00 1.36018939E+00 1.85137083E+00 6.66440437E-01 1.03857090E-01 1.24123665E+00 -4.39913868E+00 -4.39913868E+00 0.00000000E+00
0310 1.12224304E+00 1.25963205E+00 1.58768796E+00 6.66453421E-01 8.56065465E-02 1.39532840E+00 -4.23136586E+00 -4.23136586E+00 0.00000000E+00
0330 1.03415098E+00 1.07019186E+00 1.14842402E+00 6.65760535E-01 2.87215839E-01 1.35140712E+00 -4.05717219E+00 -4.05717219E+00 0.00000000E+00
0350 9.89777085E-01 9.80009243E-01 9.61779740E-01 6.66194086E-01 1.31196509E-01 1.37037034E+00 -3.87495426E+00 -3.87495426E+00 0.00000000E+00
0370 8.40392898E-01 7.08482759E-01 5.08137696E-01 6.62556096E-01 7.86808374E-01 1.58647916E+00 -3.68395808E+00 -3.68395808E+00 0.00000000E+00
0390 7.50917489E-01 5.66805151E-01 3.27845503E-01 6.59842227E-01 9.83421291E-01 1.56290036E+00 -3.48217224E+00 -3.48217224E+00 0.00000000E+00
0410 6.68643673E-01 4.49858986E-01 2.07344547E-01 6.58478096E-01 8.86425555E-01 1.60340906E+00 -3.26702317E+00 -3.26702317E+00 0.00000000E+00
0430 7.06189907E-01 4.99050761E-01 2.49734103E-01 6.65753280E-01 1.05572871E-01 1.80996586E+00 -3.03595397E+00 -3.03595397E+00 0.00000000E+00
0450 6.07897065E-01 3.70436077E-01 1.38486791E-01 6.63596471E-01 2.61165571E-01 2.00189476E+00 -2.78309306E+00 -2.78309306E+00 0.00000000E+00
0470 4.10758349E-01 1.69674765E-01 2.94313470E-02 6.59235477E-01 2.65410180E-01 2.56618265E+00 -2.49655343E+00 -2.49655343E+00 0.00000000E+00
0490 5.63678819E-02 3.61017434E-03 1.96769213E-05 4.96754911E-01 1.15704272E-01 2.03116151E+00 -2.17982714E+00 -2.17982714E+00 0.00000000E+00
0510 2.31076322E-02 6.21313424E-04 6.12908201E-07 4.70759947E-01 2.24346023E-02 1.30318062E+00 -1.98257324E+00 -1.98257324E+00 0.00000000E+00
0530 1.64157098E-02 3.15930410E-04 1.62872693E-07 4.56068563E-01 1.14809379E-02 1.03439322E+00 -1.83498563E+00 -1.83498563E+00 0.00000000E+00
0550 1.27345524E-02 1.91436668E-04 5.98343165E-08 4.55774578E-01 6.97027489E-03 8.91129961E-01 -1.71375880E+00 -1.71375880E+00 0.00000000E+00
0570 1.12147618E-02 1.46573954E-04 3.47571431E-08 4.60726336E-01 4.78051268E-03 7.75311228E-01 -1.61070895E+00 -1.61070895E+00 0.00000000E+00
0590 9.57455322E-03 1.09648510E-04 2.05967242E-08 4.28953562E-01 3.99092512E-03 6.76901184E-01 -1.52149534E+00 -1.52149534E+00 0.00000000E+00
0610 8.63155255E-03 8.76278460E-05 1.26966505E-08 4.48832453E-01 2.81814356E-03 6.17360717E-01 -1.44299641E+00 -1.44299641E+00 0.00000000E+00
0630 8.10398760E-03 7.70836396E-05 9.97664613E-09 4.40321158E-01 2.37208279E-03 4.99268774E-01 -1.37300866E+00 -1.37300866E+00 0.00000000E+00
0650 7.67812215E-03 6.91326042E-05 7.86150052E-09 4.51699857E-01 2.05123551E-03 4.67349940E-01 -1.31000947E+00 -1.31000947E+00 0.00000000E+00
0670 7.15623657E-03 6.10067649E-05 6.51658234E-09 4.16363236E-01 1.91493228E-03 4.13120366E-01 -1.25351390E+00 -1.25351390E+00 0.00000000E+00
0690 6.69522536E-03 5.32136044E-05 4.81258739E-09 4.33484209E-01 1.59223996E-03 3.83304993E-01 -1.20184107E+00 -1.20184107E+00 0.00000000E+00
0710 6.56555931E-03 5.04801603E-05 4.17789767E-09 4.53493800E-01 1.36032471E-03 3.52721217E-01 -1.15414347E+00 -1.15414347E+00 0.00000000E+00
0730 6.18872138E-03 4.49556913E-05 3.31392599E-09 4.53421945E-01 1.19419271E-03 3.26601899E-01 -1.11054167E+00 -1.11054167E+00 0.00000000E+00
0750 5.94591724E-03 4.13062352E-05 2.75580898E-09 4.61610442E-01 1.03955069E-03 2.99339573E-01 -1.07015587E+00 -1.07015587E+00 0.00000000E+00
0770 5.73359355E-03 3.89055024E-05 2.57144095E-09 4.33717366E-01 1.02600581E-03 2.59388336E-01 -1.03262517E+00 -1.03262517E+00 0.00000000E+00
0790 5.65066049E-03 3.73517107E-05 2.25298694E-09 4.61709860E-01 8.98946843E-04 2.70636458E-01 -9.97934923E-01 -9.97934923E-01 0.00000000E+00
0800 5.42387859E-03 3.44218788E-05 1.91470539E-09 4.61343923E-01 8.19216776E-04 2.44479458E-01 -9.81190184E-01 -9.81190184E-01 0.00000000E+00
