1    1   -.499999999989566  .499999999999999 -.000000005841719
2    2    .499999999999601  .500000000000000  .335121001470696
3    3   -.499999999999895  .500000000000000 -.335121001736667
4    4   -.499999999998117  .000000000000000  .171354004266654
5    5   -.499999999999934  .000000000000000  .499999995280252
6    6   -.499999999999889  .000000000000000 -.171354000375007
7    7   -.000000000005589  .499999999999992  .171354004507352
8    8   -.000000000000450  .500000000000000 -.499999998696272
9    9   -.000000000001820  .499999999999999 -.171353997293021
10   10   .000000000001942 -.000000000000001  .332228998120388
11   11   .000000000000839  .000000000000000 -.332228997656779
