T         <M>             <M^2>           <M^4>       U_{Binder}        \chi         C_v(tot)         <E>           <E_{exc}>     <E_{lsf}>
0000 9.37348975E-01 8.78623102E-01 7.71978557E-01 6.66666666E-01 2.52173299E-02 1.66137234E+04 -4.50135684E+00 -4.50135684E+00 0.00000000E+00
0010 9.29915880E-01 8.64743547E-01 7.47781410E-01 6.66666663E-01 1.54882767E-05 9.37570963E-01 -4.43781959E+00 -4.43781959E+00 0.00000000E+00
0030 9.14130840E-01 8.35635255E-01 6.98286490E-01 6.66666566E-01 1.44243389E-04 1.02069958E+00 -4.30933134E+00 -4.30933134E+00 0.00000000E+00
0050 8.98003463E-01 8.06410286E-01 6.50297765E-01 6.66666556E-01 9.14606289E-05 9.84375444E-01 -4.17883863E+00 -4.17883863E+00 0.00000000E+00
0070 8.80626458E-01 7.75503628E-01 6.01407949E-01 6.66665518E-01 6.55607729E-04 1.08589185E+00 -4.04632592E+00 -4.04632592E+00 0.00000000E+00
0090 8.63669804E-01 7.45925916E-01 5.56406620E-01 6.66665978E-01 2.93509092E-04 9.72909025E-01 -3.91220407E+00 -3.91220407E+00 0.00000000E+00
0110 8.46284970E-01 7.16198795E-01 5.12942274E-01 6.66665653E-01 3.39659024E-04 1.03862145E+00 -3.77685294E+00 -3.77685294E+00 0.00000000E+00
0130 8.28303672E-01 6.86087616E-01 4.70717982E-01 6.66665417E-01 3.39483726E-04 1.15866960E+00 -3.64075094E+00 -3.64075094E+00 0.00000000E+00
0150 8.09985476E-01 6.56077198E-01 4.30439196E-01 6.66665191E-01 3.32281799E-04 1.11696182E+00 -3.50384460E+00 -3.50384460E+00 0.00000000E+00
0170 7.91080110E-01 6.25808666E-01 3.91638802E-01 6.66664696E-01 3.73332770E-04 1.21126881E+00 -3.36654409E+00 -3.36654409E+00 0.00000000E+00
0190 7.72187569E-01 5.96275413E-01 3.55548586E-01 6.66662712E-01 6.39326903E-04 1.10367015E+00 -3.22888624E+00 -3.22888624E+00 0.00000000E+00
0210 7.52324587E-01 5.65994630E-01 3.20355227E-01 6.66661146E-01 7.66209811E-04 1.09898215E+00 -3.09168142E+00 -3.09168142E+00 0.00000000E+00
0230 7.32098500E-01 5.35974030E-01 2.87280592E-01 6.66652242E-01 1.73485543E-03 1.07782822E+00 -2.95500729E+00 -2.95500729E+00 0.00000000E+00
0250 7.12423618E-01 5.07550445E-01 2.57613609E-01 6.66658703E-01 8.32532346E-04 1.06670892E+00 -2.81942004E+00 -2.81942004E+00 0.00000000E+00
0270 6.92254494E-01 4.79219055E-01 2.29656210E-01 6.66658964E-01 7.04016314E-04 1.07018983E+00 -2.68507600E+00 -2.68507600E+00 0.00000000E+00
0290 6.70251356E-01 4.49242446E-01 2.01828770E-01 6.66650159E-01 1.31671610E-03 1.01729737E+00 -2.55247489E+00 -2.55247489E+00 0.00000000E+00
0310 6.48750814E-01 4.20884667E-01 1.77155741E-01 6.66644391E-01 1.55983193E-03 1.03718020E+00 -2.42112842E+00 -2.42112842E+00 0.00000000E+00
0330 6.24890451E-01 3.90507930E-01 1.52527285E-01 6.66599251E-01 4.12776729E-03 1.03841953E+00 -2.29153782E+00 -2.29153782E+00 0.00000000E+00
0350 6.04928459E-01 3.65952992E-01 1.33942780E-01 6.66613931E-01 2.85265832E-03 9.99543514E-01 -2.16377857E+00 -2.16377857E+00 0.00000000E+00
0370 5.80759922E-01 3.37298965E-01 1.13793282E-01 6.66600186E-01 3.12973014E-03 9.91512302E-01 -2.03719312E+00 -2.03719312E+00 0.00000000E+00
0390 5.57510472E-01 3.10835037E-01 9.66395853E-02 6.66593648E-01 3.01033053E-03 9.70203724E-01 -1.91213520E+00 -1.91213520E+00 0.00000000E+00
0410 5.33922472E-01 2.85090387E-01 8.12960683E-02 6.66586531E-01 2.87510109E-03 1.02591247E+00 -1.78742302E+00 -1.78742302E+00 0.00000000E+00
0430 5.04607428E-01 2.54668640E-01 6.48964249E-02 6.66459496E-01 6.37974834E-03 9.86067929E-01 -1.66339476E+00 -1.66339476E+00 0.00000000E+00
0450 4.78260734E-01 2.28757806E-01 5.23524285E-02 6.66524654E-01 3.73189445E-03 1.02698881E+00 -1.53922212E+00 -1.53922212E+00 0.00000000E+00
0470 4.44544349E-01 1.97662315E-01 3.91039404E-02 6.66380434E-01 6.22410345E-03 1.03087133E+00 -1.41440860E+00 -1.41440860E+00 0.00000000E+00
0490 4.10139776E-01 1.68281167E-01 2.83626920E-02 6.66147090E-01 9.31583681E-03 9.94836319E-01 -1.28692066E+00 -1.28692066E+00 0.00000000E+00
0510 3.73274432E-01 1.39387323E-01 1.94583354E-02 6.66160380E-01 7.20034180E-03 1.15141905E+00 -1.15769988E+00 -1.15769988E+00 0.00000000E+00
0530 3.21219177E-01 1.03261957E-01 1.06958248E-02 6.65641538E-01 1.03819593E-02 1.14795995E+00 -1.02260263E+00 -1.02260263E+00 0.00000000E+00
0550 2.58780976E-01 6.71019295E-02 4.53812532E-03 6.64041825E-01 1.67581249E-02 1.17526514E+00 -8.81381760E-01 -8.81381760E-01 0.00000000E+00
0560 2.11343427E-01 4.49157506E-02 2.06049204E-03 6.59550765E-01 3.05940686E-02 1.27260772E+00 -8.05551999E-01 -8.05551999E-01 0.00000000E+00
0570 1.45622853E-01 2.16158480E-02 5.00507724E-04 6.42936897E-01 4.93318053E-02 1.31427097E+00 -7.25457487E-01 -7.25457487E-01 0.00000000E+00
0590 2.95458075E-02 1.04590393E-03 1.87441429E-06 4.28836110E-01 2.01123022E-02 5.75573227E-01 -6.09555379E-01 -6.09555379E-01 0.00000000E+00
0610 1.73017844E-02 3.52263987E-04 2.06409367E-07 4.45538169E-01 5.95143373E-03 4.04928940E-01 -5.50246955E-01 -5.50246955E-01 0.00000000E+00
0630 1.30027087E-02 1.99862354E-04 6.72741570E-08 4.38609562E-01 3.35344742E-03 3.30399512E-01 -5.06218900E-01 -5.06218900E-01 0.00000000E+00
0650 1.13727919E-02 1.53539652E-04 3.95774314E-08 4.40390283E-01 2.55437076E-03 2.76001726E-01 -4.70631840E-01 -4.70631840E-01 0.00000000E+00
0670 9.67452753E-03 1.11179376E-04 2.12617113E-08 4.26638543E-01 1.80057329E-03 2.14440969E-01 -4.40809566E-01 -4.40809566E-01 0.00000000E+00
0690 8.82870762E-03 9.23398475E-05 1.48428144E-08 4.19747933E-01 1.43126718E-03 1.90675145E-01 -4.15318699E-01 -4.15318699E-01 0.00000000E+00
0710 8.17251303E-03 7.91619467E-05 1.05592384E-08 4.38333643E-01 1.19557284E-03 1.78004673E-01 -3.93425033E-01 -3.93425033E-01 0.00000000E+00
0730 7.62595163E-03 6.88065791E-05 7.87755146E-09 4.45361437E-01 1.00110762E-03 1.48066677E-01 -3.73981420E-01 -3.73981420E-01 0.00000000E+00
0750 7.24684373E-03 6.23105076E-05 6.63194461E-09 4.30626753E-01 8.95949679E-04 1.25505633E-01 -3.56451987E-01 -3.56451987E-01 0.00000000E+00
0770 6.87805232E-03 5.56872370E-05 5.18704707E-09 4.42445156E-01 7.46671468E-04 1.17641216E-01 -3.41078474E-01 -3.41078474E-01 0.00000000E+00
0790 6.53559808E-03 5.06217210E-05 4.28209888E-09 4.42991753E-01 6.86779295E-04 1.15374042E-01 -3.26645261E-01 -3.26645261E-01 0.00000000E+00
0810 6.33920647E-03 4.75053717E-05 3.88719629E-09 4.25844174E-01 6.20028171E-04 1.03186688E-01 -3.13929566E-01 -3.13929566E-01 0.00000000E+00
0830 6.04517670E-03 4.27314532E-05 2.99657892E-09 4.52972524E-01 5.11467189E-04 8.82642156E-02 -3.02294729E-01 -3.02294729E-01 0.00000000E+00
0850 6.00807022E-03 4.25898447E-05 3.03187134E-09 4.42843245E-01 5.24104062E-04 7.95518299E-02 -2.91323532E-01 -2.91323532E-01 0.00000000E+00
0870 5.74457520E-03 3.86296533E-05 2.47378766E-09 4.47414427E-01 4.43962757E-04 7.95403243E-02 -2.81299317E-01 -2.81299317E-01 0.00000000E+00
0890 5.68953428E-03 3.78826118E-05 2.36368135E-09 4.50980405E-01 4.24912605E-04 6.64392893E-02 -2.71804321E-01 -2.71804321E-01 0.00000000E+00
0910 5.40883989E-03 3.45448580E-05 2.01719485E-09 4.36544305E-01 3.98797857E-04 6.48975630E-02 -2.63355470E-01 -2.63355470E-01 0.00000000E+00
0930 5.34422560E-03 3.33308452E-05 1.79797032E-09 4.60528370E-01 3.51916484E-04 6.32239271E-02 -2.55201089E-01 -2.55201089E-01 0.00000000E+00
0950 5.21157229E-03 3.21993601E-05 1.75203549E-09 4.36716329E-01 3.63919391E-04 5.38241681E-02 -2.47617393E-01 -2.47617393E-01 0.00000000E+00
0970 5.14353362E-03 3.07997729E-05 1.50476467E-09 4.71247660E-01 3.07253499E-04 5.72505517E-02 -2.40537385E-01 -2.40537385E-01 0.00000000E+00
0990 5.00874352E-03 2.95755106E-05 1.44840340E-09 4.48044863E-01 3.11037542E-04 5.48602906E-02 -2.33825185E-01 -2.33825185E-01 0.00000000E+00
1010 5.00834222E-03 2.96299244E-05 1.45657793E-09 4.46966572E-01 3.08847901E-04 4.97698456E-02 -2.27593480E-01 -2.27593480E-01 0.00000000E+00
1030 4.86447299E-03 2.77463330E-05 1.25978631E-09 4.54538073E-01 2.71995972E-04 4.79805065E-02 -2.21461922E-01 -2.21461922E-01 0.00000000E+00
1050 4.80398087E-03 2.69656286E-05 1.16155175E-09 4.67528693E-01 2.54018176E-04 4.66348254E-02 -2.16112797E-01 -2.16112797E-01 0.00000000E+00
1070 4.76073063E-03 2.63956365E-05 1.12997399E-09 4.59391449E-01 2.39246775E-04 4.23081324E-02 -2.10568851E-01 -2.10568851E-01 0.00000000E+00
1090 4.65137478E-03 2.53889009E-05 1.04999242E-09 4.57028412E-01 2.36275305E-04 4.08653732E-02 -2.05660504E-01 -2.05660504E-01 0.00000000E+00
1110 4.64054614E-03 2.50544008E-05 1.01025037E-09 4.63537063E-01 2.17561437E-04 3.69704188E-02 -2.00728918E-01 -2.00728918E-01 0.00000000E+00
1130 4.60636029E-03 2.43641904E-05 9.14035224E-10 4.86739657E-01 1.90996401E-04 3.60728908E-02 -1.96168657E-01 -1.96168657E-01 0.00000000E+00
1150 4.51575612E-03 2.37298907E-05 8.94733822E-10 4.70359577E-01 1.99141876E-04 3.48005375E-02 -1.91778088E-01 -1.91778088E-01 0.00000000E+00
1170 4.51167000E-03 2.35608944E-05 8.72984562E-10 4.75794269E-01 1.87990582E-04 3.39500975E-02 -1.87573128E-01 -1.87573128E-01 0.00000000E+00
1190 4.45588203E-03 2.30607156E-05 8.55026327E-10 4.64064316E-01 1.84837002E-04 3.06911649E-02 -1.83612905E-01 -1.83612905E-01 0.00000000E+00
1210 4.41922528E-03 2.26568024E-05 8.16621100E-10 4.69723832E-01 1.77326049E-04 3.10714760E-02 -1.79866511E-01 -1.79866511E-01 0.00000000E+00
1230 4.38102285E-03 2.23319265E-05 8.12933498E-10 4.56647855E-01 1.75073865E-04 3.06916160E-02 -1.76233920E-01 -1.76233920E-01 0.00000000E+00
1250 4.32476042E-03 2.18686204E-05 7.77822454E-10 4.57853760E-01 1.73727372E-04 2.78674054E-02 -1.72623780E-01 -1.72623780E-01 0.00000000E+00
1270 4.28896530E-03 2.14780050E-05 7.45452269E-10 4.61344983E-01 1.66546040E-04 2.73866361E-02 -1.69240718E-01 -1.69240718E-01 0.00000000E+00
1290 4.21572269E-03 2.06248574E-05 6.79818053E-10 4.67291618E-01 1.51718044E-04 2.49513806E-02 -1.66100903E-01 -1.66100903E-01 0.00000000E+00
1310 4.25405483E-03 2.11411563E-05 7.22349747E-10 4.61272931E-01 1.59438576E-04 2.44959933E-02 -1.62906933E-01 -1.62906933E-01 0.00000000E+00
1330 4.22952694E-03 2.09158026E-05 7.24664353E-10 4.47837922E-01 1.56150125E-04 2.44843453E-02 -1.59937839E-01 -1.59937839E-01 0.00000000E+00
1350 4.20366568E-03 2.06205980E-05 7.05150475E-10 4.47212726E-01 1.49917738E-04 2.35879276E-02 -1.57080127E-01 -1.57080127E-01 0.00000000E+00
1370 4.15771900E-03 2.00900365E-05 6.53197199E-10 4.60537067E-01 1.40398087E-04 2.33042557E-02 -1.54294718E-01 -1.54294718E-01 0.00000000E+00
1390 4.11389763E-03 1.96682456E-05 6.17967423E-10 4.67508010E-01 1.35450034E-04 2.03849042E-02 -1.51669914E-01 -1.51669914E-01 0.00000000E+00
1410 4.06950217E-03 1.92169641E-05 5.89416930E-10 4.67975304E-01 1.29247820E-04 2.00664988E-02 -1.49161944E-01 -1.49161944E-01 0.00000000E+00
1430 4.08331332E-03 1.94553466E-05 6.21454503E-10 4.52719293E-01 1.33475203E-04 2.01781353E-02 -1.46630092E-01 -1.46630092E-01 0.00000000E+00
1450 4.03009390E-03 1.90740652E-05 6.03392987E-10 4.47168887E-01 1.34024173E-04 1.87429264E-02 -1.44136536E-01 -1.44136536E-01 0.00000000E+00
1470 4.02512640E-03 1.88391027E-05 5.67165829E-10 4.67317564E-01 1.23101638E-04 1.78041101E-02 -1.41683280E-01 -1.41683280E-01 0.00000000E+00
1490 4.01146548E-03 1.86745716E-05 5.56515960E-10 4.68069279E-01 1.18928435E-04 1.74993540E-02 -1.39530715E-01 -1.39530715E-01 0.00000000E+00
1510 3.99658798E-03 1.86925385E-05 5.76780149E-10 4.49759587E-01 1.23583064E-04 1.73350358E-02 -1.37431566E-01 -1.37431566E-01 0.00000000E+00
1530 3.95246650E-03 1.82683419E-05 5.47128816E-10 4.53525283E-01 1.18672798E-04 1.71104157E-02 -1.35266685E-01 -1.35266685E-01 0.00000000E+00
1550 3.91836899E-03 1.80076184E-05 5.37300838E-10 4.47688986E-01 1.17480275E-04 1.60119864E-02 -1.33205906E-01 -1.33205906E-01 0.00000000E+00
1570 3.94824932E-03 1.82721071E-05 5.53477735E-10 4.47411765E-01 1.17269914E-04 1.53238198E-02 -1.31210803E-01 -1.31210803E-01 0.00000000E+00
1600 3.88540584E-03 1.76291869E-05 5.00426647E-10 4.63271560E-01 1.08611951E-04 1.48201566E-02 -1.28316511E-01 -1.28316511E-01 0.00000000E+00
