# k(0:nx, 0:ny, 0:nz) <= 6912
# nx, ny, nz
 24 24 24
#
     1   577  1153  1729  2305  2881  3457  4033  4609  5185  5761  6337
   289   865  1441  2017  2593  3169  3745  4321  4897  5473  6049  6625
     1    25   601  1177  1753  2329  2905  3481  4057  4633  5209  5785
  6361   313   889  1465  2041  2617  3193  3769  4345  4921  5497  6073
  6649    25    49   625  1201  1777  2353  2929  3505  4081  4657  5233
  5809  6385   337   913  1489  2065  2641  3217  3793  4369  4945  5521
  6097  6673    49    73   649  1225  1801  2377  2953  3529  4105  4681
  5257  5833  6409   361   937  1513  2089  2665  3241  3817  4393  4969
  5545  6121  6697    73    97   673  1249  1825  2401  2977  3553  4129
  4705  5281  5857  6433   385   961  1537  2113  2689  3265  3841  4417
  4993  5569  6145  6721    97   121   697  1273  1849  2425  3001  3577
  4153  4729  5305  5881  6457   409   985  1561  2137  2713  3289  3865
  4441  5017  5593  6169  6745   121   145   721  1297  1873  2449  3025
  3601  4177  4753  5329  5905  6481   433  1009  1585  2161  2737  3313
  3889  4465  5041  5617  6193  6769   145   169   745  1321  1897  2473
  3049  3625  4201  4777  5353  5929  6505   457  1033  1609  2185  2761
  3337  3913  4489  5065  5641  6217  6793   169   193   769  1345  1921
  2497  3073  3649  4225  4801  5377  5953  6529   481  1057  1633  2209
  2785  3361  3937  4513  5089  5665  6241  6817   193   217   793  1369
  1945  2521  3097  3673  4249  4825  5401  5977  6553   505  1081  1657
  2233  2809  3385  3961  4537  5113  5689  6265  6841   217   241   817
  1393  1969  2545  3121  3697  4273  4849  5425  6001  6577   529  1105
  1681  2257  2833  3409  3985  4561  5137  5713  6289  6865   241   265
   841  1417  1993  2569  3145  3721  4297  4873  5449  6025  6601   553
  1129  1705  2281  2857  3433  4009  4585  5161  5737  6313  6889   265
   289   865  1441  2017  2593  3169  3745  4321  4897  5473  6049  6625
     1   577  1153  1729  2305  2881  3457  4033  4609  5185  5761  6337
   289   313   889  1465  2041  2617  3193  3769  4345  4921  5497  6073
  6649    25   601  1177  1753  2329  2905  3481  4057  4633  5209  5785
  6361   313   337   913  1489  2065  2641  3217  3793  4369  4945  5521
  6097  6673    49   625  1201  1777  2353  2929  3505  4081  4657  5233
  5809  6385   337   361   937  1513  2089  2665  3241  3817  4393  4969
  5545  6121  6697    73   649  1225  1801  2377  2953  3529  4105  4681
  5257  5833  6409   361   385   961  1537  2113  2689  3265  3841  4417
  4993  5569  6145  6721    97   673  1249  1825  2401  2977  3553  4129
  4705  5281  5857  6433   385   409   985  1561  2137  2713  3289  3865
  4441  5017  5593  6169  6745   121   697  1273  1849  2425  3001  3577
  4153  4729  5305  5881  6457   409   433  1009  1585  2161  2737  3313
  3889  4465  5041  5617  6193  6769   145   721  1297  1873  2449  3025
  3601  4177  4753  5329  5905  6481   433   457  1033  1609  2185  2761
  3337  3913  4489  5065  5641  6217  6793   169   745  1321  1897  2473
  3049  3625  4201  4777  5353  5929  6505   457   481  1057  1633  2209
  2785  3361  3937  4513  5089  5665  6241  6817   193   769  1345  1921
  2497  3073  3649  4225  4801  5377  5953  6529   481   505  1081  1657
  2233  2809  3385  3961  4537  5113  5689  6265  6841   217   793  1369
  1945  2521  3097  3673  4249  4825  5401  5977  6553   505   529  1105
  1681  2257  2833  3409  3985  4561  5137  5713  6289  6865   241   817
  1393  1969  2545  3121  3697  4273  4849  5425  6001  6577   529   553
  1129  1705  2281  2857  3433  4009  4585  5161  5737  6313  6889   265
   841  1417  1993  2569  3145  3721  4297  4873  5449  6025  6601   553
     1   577  1153  1729  2305  2881  3457  4033  4609  5185  5761  6337
   289   865  1441  2017  2593  3169  3745  4321  4897  5473  6049  6625
     1     2   578  1154  1730  2306  2882  3458  4034  4610  5186  5762
  6338   290   866  1442  2018  2594  3170  3746  4322  4898  5474  6050
  6626     2    26   602  1178  1754  2330  2906  3482  4058  4634  5210
  5786  6362   314   890  1466  2042  2618  3194  3770  4346  4922  5498
  6074  6650    26    50   626  1202  1778  2354  2930  3506  4082  4658
  5234  5810  6386   338   914  1490  2066  2642  3218  3794  4370  4946
  5522  6098  6674    50    74   650  1226  1802  2378  2954  3530  4106
  4682  5258  5834  6410   362   938  1514  2090  2666  3242  3818  4394
  4970  5546  6122  6698    74    98   674  1250  1826  2402  2978  3554
  4130  4706  5282  5858  6434   386   962  1538  2114  2690  3266  3842
  4418  4994  5570  6146  6722    98   122   698  1274  1850  2426  3002
  3578  4154  4730  5306  5882  6458   410   986  1562  2138  2714  3290
  3866  4442  5018  5594  6170  6746   122   146   722  1298  1874  2450
  3026  3602  4178  4754  5330  5906  6482   434  1010  1586  2162  2738
  3314  3890  4466  5042  5618  6194  6770   146   170   746  1322  1898
  2474  3050  3626  4202  4778  5354  5930  6506   458  1034  1610  2186
  2762  3338  3914  4490  5066  5642  6218  6794   170   194   770  1346
  1922  2498  3074  3650  4226  4802  5378  5954  6530   482  1058  1634
  2210  2786  3362  3938  4514  5090  5666  6242  6818   194   218   794
  1370  1946  2522  3098  3674  4250  4826  5402  5978  6554   506  1082
  1658  2234  2810  3386  3962  4538  5114  5690  6266  6842   218   242
   818  1394  1970  2546  3122  3698  4274  4850  5426  6002  6578   530
  1106  1682  2258  2834  3410  3986  4562  5138  5714  6290  6866   242
   266   842  1418  1994  2570  3146  3722  4298  4874  5450  6026  6602
   554  1130  1706  2282  2858  3434  4010  4586  5162  5738  6314  6890
   266   290   866  1442  2018  2594  3170  3746  4322  4898  5474  6050
  6626     2   578  1154  1730  2306  2882  3458  4034  4610  5186  5762
  6338   290   314   890  1466  2042  2618  3194  3770  4346  4922  5498
  6074  6650    26   602  1178  1754  2330  2906  3482  4058  4634  5210
  5786  6362   314   338   914  1490  2066  2642  3218  3794  4370  4946
  5522  6098  6674    50   626  1202  1778  2354  2930  3506  4082  4658
  5234  5810  6386   338   362   938  1514  2090  2666  3242  3818  4394
  4970  5546  6122  6698    74   650  1226  1802  2378  2954  3530  4106
  4682  5258  5834  6410   362   386   962  1538  2114  2690  3266  3842
  4418  4994  5570  6146  6722    98   674  1250  1826  2402  2978  3554
  4130  4706  5282  5858  6434   386   410   986  1562  2138  2714  3290
  3866  4442  5018  5594  6170  6746   122   698  1274  1850  2426  3002
  3578  4154  4730  5306  5882  6458   410   434  1010  1586  2162  2738
  3314  3890  4466  5042  5618  6194  6770   146   722  1298  1874  2450
  3026  3602  4178  4754  5330  5906  6482   434   458  1034  1610  2186
  2762  3338  3914  4490  5066  5642  6218  6794   170   746  1322  1898
  2474  3050  3626  4202  4778  5354  5930  6506   458   482  1058  1634
  2210  2786  3362  3938  4514  5090  5666  6242  6818   194   770  1346
  1922  2498  3074  3650  4226  4802  5378  5954  6530   482   506  1082
  1658  2234  2810  3386  3962  4538  5114  5690  6266  6842   218   794
  1370  1946  2522  3098  3674  4250  4826  5402  5978  6554   506   530
  1106  1682  2258  2834  3410  3986  4562  5138  5714  6290  6866   242
   818  1394  1970  2546  3122  3698  4274  4850  5426  6002  6578   530
   554  1130  1706  2282  2858  3434  4010  4586  5162  5738  6314  6890
   266   842  1418  1994  2570  3146  3722  4298  4874  5450  6026  6602
   554     2   578  1154  1730  2306  2882  3458  4034  4610  5186  5762
  6338   290   866  1442  2018  2594  3170  3746  4322  4898  5474  6050
  6626     2     3   579  1155  1731  2307  2883  3459  4035  4611  5187
  5763  6339   291   867  1443  2019  2595  3171  3747  4323  4899  5475
  6051  6627     3    27   603  1179  1755  2331  2907  3483  4059  4635
  5211  5787  6363   315   891  1467  2043  2619  3195  3771  4347  4923
  5499  6075  6651    27    51   627  1203  1779  2355  2931  3507  4083
  4659  5235  5811  6387   339   915  1491  2067  2643  3219  3795  4371
  4947  5523  6099  6675    51    75   651  1227  1803  2379  2955  3531
  4107  4683  5259  5835  6411   363   939  1515  2091  2667  3243  3819
  4395  4971  5547  6123  6699    75    99   675  1251  1827  2403  2979
  3555  4131  4707  5283  5859  6435   387   963  1539  2115  2691  3267
  3843  4419  4995  5571  6147  6723    99   123   699  1275  1851  2427
  3003  3579  4155  4731  5307  5883  6459   411   987  1563  2139  2715
  3291  3867  4443  5019  5595  6171  6747   123   147   723  1299  1875
  2451  3027  3603  4179  4755  5331  5907  6483   435  1011  1587  2163
  2739  3315  3891  4467  5043  5619  6195  6771   147   171   747  1323
  1899  2475  3051  3627  4203  4779  5355  5931  6507   459  1035  1611
  2187  2763  3339  3915  4491  5067  5643  6219  6795   171   195   771
  1347  1923  2499  3075  3651  4227  4803  5379  5955  6531   483  1059
  1635  2211  2787  3363  3939  4515  5091  5667  6243  6819   195   219
   795  1371  1947  2523  3099  3675  4251  4827  5403  5979  6555   507
  1083  1659  2235  2811  3387  3963  4539  5115  5691  6267  6843   219
   243   819  1395  1971  2547  3123  3699  4275  4851  5427  6003  6579
   531  1107  1683  2259  2835  3411  3987  4563  5139  5715  6291  6867
   243   267   843  1419  1995  2571  3147  3723  4299  4875  5451  6027
  6603   555  1131  1707  2283  2859  3435  4011  4587  5163  5739  6315
  6891   267   291   867  1443  2019  2595  3171  3747  4323  4899  5475
  6051  6627     3   579  1155  1731  2307  2883  3459  4035  4611  5187
  5763  6339   291   315   891  1467  2043  2619  3195  3771  4347  4923
  5499  6075  6651    27   603  1179  1755  2331  2907  3483  4059  4635
  5211  5787  6363   315   339   915  1491  2067  2643  3219  3795  4371
  4947  5523  6099  6675    51   627  1203  1779  2355  2931  3507  4083
  4659  5235  5811  6387   339   363   939  1515  2091  2667  3243  3819
  4395  4971  5547  6123  6699    75   651  1227  1803  2379  2955  3531
  4107  4683  5259  5835  6411   363   387   963  1539  2115  2691  3267
  3843  4419  4995  5571  6147  6723    99   675  1251  1827  2403  2979
  3555  4131  4707  5283  5859  6435   387   411   987  1563  2139  2715
  3291  3867  4443  5019  5595  6171  6747   123   699  1275  1851  2427
  3003  3579  4155  4731  5307  5883  6459   411   435  1011  1587  2163
  2739  3315  3891  4467  5043  5619  6195  6771   147   723  1299  1875
  2451  3027  3603  4179  4755  5331  5907  6483   435   459  1035  1611
  2187  2763  3339  3915  4491  5067  5643  6219  6795   171   747  1323
  1899  2475  3051  3627  4203  4779  5355  5931  6507   459   483  1059
  1635  2211  2787  3363  3939  4515  5091  5667  6243  6819   195   771
  1347  1923  2499  3075  3651  4227  4803  5379  5955  6531   483   507
  1083  1659  2235  2811  3387  3963  4539  5115  5691  6267  6843   219
   795  1371  1947  2523  3099  3675  4251  4827  5403  5979  6555   507
   531  1107  1683  2259  2835  3411  3987  4563  5139  5715  6291  6867
   243   819  1395  1971  2547  3123  3699  4275  4851  5427  6003  6579
   531   555  1131  1707  2283  2859  3435  4011  4587  5163  5739  6315
  6891   267   843  1419  1995  2571  3147  3723  4299  4875  5451  6027
  6603   555     3   579  1155  1731  2307  2883  3459  4035  4611  5187
  5763  6339   291   867  1443  2019  2595  3171  3747  4323  4899  5475
  6051  6627     3     4   580  1156  1732  2308  2884  3460  4036  4612
  5188  5764  6340   292   868  1444  2020  2596  3172  3748  4324  4900
  5476  6052  6628     4    28   604  1180  1756  2332  2908  3484  4060
  4636  5212  5788  6364   316   892  1468  2044  2620  3196  3772  4348
  4924  5500  6076  6652    28    52   628  1204  1780  2356  2932  3508
  4084  4660  5236  5812  6388   340   916  1492  2068  2644  3220  3796
  4372  4948  5524  6100  6676    52    76   652  1228  1804  2380  2956
  3532  4108  4684  5260  5836  6412   364   940  1516  2092  2668  3244
  3820  4396  4972  5548  6124  6700    76   100   676  1252  1828  2404
  2980  3556  4132  4708  5284  5860  6436   388   964  1540  2116  2692
  3268  3844  4420  4996  5572  6148  6724   100   124   700  1276  1852
  2428  3004  3580  4156  4732  5308  5884  6460   412   988  1564  2140
  2716  3292  3868  4444  5020  5596  6172  6748   124   148   724  1300
  1876  2452  3028  3604  4180  4756  5332  5908  6484   436  1012  1588
  2164  2740  3316  3892  4468  5044  5620  6196  6772   148   172   748
  1324  1900  2476  3052  3628  4204  4780  5356  5932  6508   460  1036
  1612  2188  2764  3340  3916  4492  5068  5644  6220  6796   172   196
   772  1348  1924  2500  3076  3652  4228  4804  5380  5956  6532   484
  1060  1636  2212  2788  3364  3940  4516  5092  5668  6244  6820   196
   220   796  1372  1948  2524  3100  3676  4252  4828  5404  5980  6556
   508  1084  1660  2236  2812  3388  3964  4540  5116  5692  6268  6844
   220   244   820  1396  1972  2548  3124  3700  4276  4852  5428  6004
  6580   532  1108  1684  2260  2836  3412  3988  4564  5140  5716  6292
  6868   244   268   844  1420  1996  2572  3148  3724  4300  4876  5452
  6028  6604   556  1132  1708  2284  2860  3436  4012  4588  5164  5740
  6316  6892   268   292   868  1444  2020  2596  3172  3748  4324  4900
  5476  6052  6628     4   580  1156  1732  2308  2884  3460  4036  4612
  5188  5764  6340   292   316   892  1468  2044  2620  3196  3772  4348
  4924  5500  6076  6652    28   604  1180  1756  2332  2908  3484  4060
  4636  5212  5788  6364   316   340   916  1492  2068  2644  3220  3796
  4372  4948  5524  6100  6676    52   628  1204  1780  2356  2932  3508
  4084  4660  5236  5812  6388   340   364   940  1516  2092  2668  3244
  3820  4396  4972  5548  6124  6700    76   652  1228  1804  2380  2956
  3532  4108  4684  5260  5836  6412   364   388   964  1540  2116  2692
  3268  3844  4420  4996  5572  6148  6724   100   676  1252  1828  2404
  2980  3556  4132  4708  5284  5860  6436   388   412   988  1564  2140
  2716  3292  3868  4444  5020  5596  6172  6748   124   700  1276  1852
  2428  3004  3580  4156  4732  5308  5884  6460   412   436  1012  1588
  2164  2740  3316  3892  4468  5044  5620  6196  6772   148   724  1300
  1876  2452  3028  3604  4180  4756  5332  5908  6484   436   460  1036
  1612  2188  2764  3340  3916  4492  5068  5644  6220  6796   172   748
  1324  1900  2476  3052  3628  4204  4780  5356  5932  6508   460   484
  1060  1636  2212  2788  3364  3940  4516  5092  5668  6244  6820   196
   772  1348  1924  2500  3076  3652  4228  4804  5380  5956  6532   484
   508  1084  1660  2236  2812  3388  3964  4540  5116  5692  6268  6844
   220   796  1372  1948  2524  3100  3676  4252  4828  5404  5980  6556
   508   532  1108  1684  2260  2836  3412  3988  4564  5140  5716  6292
  6868   244   820  1396  1972  2548  3124  3700  4276  4852  5428  6004
  6580   532   556  1132  1708  2284  2860  3436  4012  4588  5164  5740
  6316  6892   268   844  1420  1996  2572  3148  3724  4300  4876  5452
  6028  6604   556     4   580  1156  1732  2308  2884  3460  4036  4612
  5188  5764  6340   292   868  1444  2020  2596  3172  3748  4324  4900
  5476  6052  6628     4     5   581  1157  1733  2309  2885  3461  4037
  4613  5189  5765  6341   293   869  1445  2021  2597  3173  3749  4325
  4901  5477  6053  6629     5    29   605  1181  1757  2333  2909  3485
  4061  4637  5213  5789  6365   317   893  1469  2045  2621  3197  3773
  4349  4925  5501  6077  6653    29    53   629  1205  1781  2357  2933
  3509  4085  4661  5237  5813  6389   341   917  1493  2069  2645  3221
  3797  4373  4949  5525  6101  6677    53    77   653  1229  1805  2381
  2957  3533  4109  4685  5261  5837  6413   365   941  1517  2093  2669
  3245  3821  4397  4973  5549  6125  6701    77   101   677  1253  1829
  2405  2981  3557  4133  4709  5285  5861  6437   389   965  1541  2117
  2693  3269  3845  4421  4997  5573  6149  6725   101   125   701  1277
  1853  2429  3005  3581  4157  4733  5309  5885  6461   413   989  1565
  2141  2717  3293  3869  4445  5021  5597  6173  6749   125   149   725
  1301  1877  2453  3029  3605  4181  4757  5333  5909  6485   437  1013
  1589  2165  2741  3317  3893  4469  5045  5621  6197  6773   149   173
   749  1325  1901  2477  3053  3629  4205  4781  5357  5933  6509   461
  1037  1613  2189  2765  3341  3917  4493  5069  5645  6221  6797   173
   197   773  1349  1925  2501  3077  3653  4229  4805  5381  5957  6533
   485  1061  1637  2213  2789  3365  3941  4517  5093  5669  6245  6821
   197   221   797  1373  1949  2525  3101  3677  4253  4829  5405  5981
  6557   509  1085  1661  2237  2813  3389  3965  4541  5117  5693  6269
  6845   221   245   821  1397  1973  2549  3125  3701  4277  4853  5429
  6005  6581   533  1109  1685  2261  2837  3413  3989  4565  5141  5717
  6293  6869   245   269   845  1421  1997  2573  3149  3725  4301  4877
  5453  6029  6605   557  1133  1709  2285  2861  3437  4013  4589  5165
  5741  6317  6893   269   293   869  1445  2021  2597  3173  3749  4325
  4901  5477  6053  6629     5   581  1157  1733  2309  2885  3461  4037
  4613  5189  5765  6341   293   317   893  1469  2045  2621  3197  3773
  4349  4925  5501  6077  6653    29   605  1181  1757  2333  2909  3485
  4061  4637  5213  5789  6365   317   341   917  1493  2069  2645  3221
  3797  4373  4949  5525  6101  6677    53   629  1205  1781  2357  2933
  3509  4085  4661  5237  5813  6389   341   365   941  1517  2093  2669
  3245  3821  4397  4973  5549  6125  6701    77   653  1229  1805  2381
  2957  3533  4109  4685  5261  5837  6413   365   389   965  1541  2117
  2693  3269  3845  4421  4997  5573  6149  6725   101   677  1253  1829
  2405  2981  3557  4133  4709  5285  5861  6437   389   413   989  1565
  2141  2717  3293  3869  4445  5021  5597  6173  6749   125   701  1277
  1853  2429  3005  3581  4157  4733  5309  5885  6461   413   437  1013
  1589  2165  2741  3317  3893  4469  5045  5621  6197  6773   149   725
  1301  1877  2453  3029  3605  4181  4757  5333  5909  6485   437   461
  1037  1613  2189  2765  3341  3917  4493  5069  5645  6221  6797   173
   749  1325  1901  2477  3053  3629  4205  4781  5357  5933  6509   461
   485  1061  1637  2213  2789  3365  3941  4517  5093  5669  6245  6821
   197   773  1349  1925  2501  3077  3653  4229  4805  5381  5957  6533
   485   509  1085  1661  2237  2813  3389  3965  4541  5117  5693  6269
  6845   221   797  1373  1949  2525  3101  3677  4253  4829  5405  5981
  6557   509   533  1109  1685  2261  2837  3413  3989  4565  5141  5717
  6293  6869   245   821  1397  1973  2549  3125  3701  4277  4853  5429
  6005  6581   533   557  1133  1709  2285  2861  3437  4013  4589  5165
  5741  6317  6893   269   845  1421  1997  2573  3149  3725  4301  4877
  5453  6029  6605   557     5   581  1157  1733  2309  2885  3461  4037
  4613  5189  5765  6341   293   869  1445  2021  2597  3173  3749  4325
  4901  5477  6053  6629     5     6   582  1158  1734  2310  2886  3462
  4038  4614  5190  5766  6342   294   870  1446  2022  2598  3174  3750
  4326  4902  5478  6054  6630     6    30   606  1182  1758  2334  2910
  3486  4062  4638  5214  5790  6366   318   894  1470  2046  2622  3198
  3774  4350  4926  5502  6078  6654    30    54   630  1206  1782  2358
  2934  3510  4086  4662  5238  5814  6390   342   918  1494  2070  2646
  3222  3798  4374  4950  5526  6102  6678    54    78   654  1230  1806
  2382  2958  3534  4110  4686  5262  5838  6414   366   942  1518  2094
  2670  3246  3822  4398  4974  5550  6126  6702    78   102   678  1254
  1830  2406  2982  3558  4134  4710  5286  5862  6438   390   966  1542
  2118  2694  3270  3846  4422  4998  5574  6150  6726   102   126   702
  1278  1854  2430  3006  3582  4158  4734  5310  5886  6462   414   990
  1566  2142  2718  3294  3870  4446  5022  5598  6174  6750   126   150
   726  1302  1878  2454  3030  3606  4182  4758  5334  5910  6486   438
  1014  1590  2166  2742  3318  3894  4470  5046  5622  6198  6774   150
   174   750  1326  1902  2478  3054  3630  4206  4782  5358  5934  6510
   462  1038  1614  2190  2766  3342  3918  4494  5070  5646  6222  6798
   174   198   774  1350  1926  2502  3078  3654  4230  4806  5382  5958
  6534   486  1062  1638  2214  2790  3366  3942  4518  5094  5670  6246
  6822   198   222   798  1374  1950  2526  3102  3678  4254  4830  5406
  5982  6558   510  1086  1662  2238  2814  3390  3966  4542  5118  5694
  6270  6846   222   246   822  1398  1974  2550  3126  3702  4278  4854
  5430  6006  6582   534  1110  1686  2262  2838  3414  3990  4566  5142
  5718  6294  6870   246   270   846  1422  1998  2574  3150  3726  4302
  4878  5454  6030  6606   558  1134  1710  2286  2862  3438  4014  4590
  5166  5742  6318  6894   270   294   870  1446  2022  2598  3174  3750
  4326  4902  5478  6054  6630     6   582  1158  1734  2310  2886  3462
  4038  4614  5190  5766  6342   294   318   894  1470  2046  2622  3198
  3774  4350  4926  5502  6078  6654    30   606  1182  1758  2334  2910
  3486  4062  4638  5214  5790  6366   318   342   918  1494  2070  2646
  3222  3798  4374  4950  5526  6102  6678    54   630  1206  1782  2358
  2934  3510  4086  4662  5238  5814  6390   342   366   942  1518  2094
  2670  3246  3822  4398  4974  5550  6126  6702    78   654  1230  1806
  2382  2958  3534  4110  4686  5262  5838  6414   366   390   966  1542
  2118  2694  3270  3846  4422  4998  5574  6150  6726   102   678  1254
  1830  2406  2982  3558  4134  4710  5286  5862  6438   390   414   990
  1566  2142  2718  3294  3870  4446  5022  5598  6174  6750   126   702
  1278  1854  2430  3006  3582  4158  4734  5310  5886  6462   414   438
  1014  1590  2166  2742  3318  3894  4470  5046  5622  6198  6774   150
   726  1302  1878  2454  3030  3606  4182  4758  5334  5910  6486   438
   462  1038  1614  2190  2766  3342  3918  4494  5070  5646  6222  6798
   174   750  1326  1902  2478  3054  3630  4206  4782  5358  5934  6510
   462   486  1062  1638  2214  2790  3366  3942  4518  5094  5670  6246
  6822   198   774  1350  1926  2502  3078  3654  4230  4806  5382  5958
  6534   486   510  1086  1662  2238  2814  3390  3966  4542  5118  5694
  6270  6846   222   798  1374  1950  2526  3102  3678  4254  4830  5406
  5982  6558   510   534  1110  1686  2262  2838  3414  3990  4566  5142
  5718  6294  6870   246   822  1398  1974  2550  3126  3702  4278  4854
  5430  6006  6582   534   558  1134  1710  2286  2862  3438  4014  4590
  5166  5742  6318  6894   270   846  1422  1998  2574  3150  3726  4302
  4878  5454  6030  6606   558     6   582  1158  1734  2310  2886  3462
  4038  4614  5190  5766  6342   294   870  1446  2022  2598  3174  3750
  4326  4902  5478  6054  6630     6     7   583  1159  1735  2311  2887
  3463  4039  4615  5191  5767  6343   295   871  1447  2023  2599  3175
  3751  4327  4903  5479  6055  6631     7    31   607  1183  1759  2335
  2911  3487  4063  4639  5215  5791  6367   319   895  1471  2047  2623
  3199  3775  4351  4927  5503  6079  6655    31    55   631  1207  1783
  2359  2935  3511  4087  4663  5239  5815  6391   343   919  1495  2071
  2647  3223  3799  4375  4951  5527  6103  6679    55    79   655  1231
  1807  2383  2959  3535  4111  4687  5263  5839  6415   367   943  1519
  2095  2671  3247  3823  4399  4975  5551  6127  6703    79   103   679
  1255  1831  2407  2983  3559  4135  4711  5287  5863  6439   391   967
  1543  2119  2695  3271  3847  4423  4999  5575  6151  6727   103   127
   703  1279  1855  2431  3007  3583  4159  4735  5311  5887  6463   415
   991  1567  2143  2719  3295  3871  4447  5023  5599  6175  6751   127
   151   727  1303  1879  2455  3031  3607  4183  4759  5335  5911  6487
   439  1015  1591  2167  2743  3319  3895  4471  5047  5623  6199  6775
   151   175   751  1327  1903  2479  3055  3631  4207  4783  5359  5935
  6511   463  1039  1615  2191  2767  3343  3919  4495  5071  5647  6223
  6799   175   199   775  1351  1927  2503  3079  3655  4231  4807  5383
  5959  6535   487  1063  1639  2215  2791  3367  3943  4519  5095  5671
  6247  6823   199   223   799  1375  1951  2527  3103  3679  4255  4831
  5407  5983  6559   511  1087  1663  2239  2815  3391  3967  4543  5119
  5695  6271  6847   223   247   823  1399  1975  2551  3127  3703  4279
  4855  5431  6007  6583   535  1111  1687  2263  2839  3415  3991  4567
  5143  5719  6295  6871   247   271   847  1423  1999  2575  3151  3727
  4303  4879  5455  6031  6607   559  1135  1711  2287  2863  3439  4015
  4591  5167  5743  6319  6895   271   295   871  1447  2023  2599  3175
  3751  4327  4903  5479  6055  6631     7   583  1159  1735  2311  2887
  3463  4039  4615  5191  5767  6343   295   319   895  1471  2047  2623
  3199  3775  4351  4927  5503  6079  6655    31   607  1183  1759  2335
  2911  3487  4063  4639  5215  5791  6367   319   343   919  1495  2071
  2647  3223  3799  4375  4951  5527  6103  6679    55   631  1207  1783
  2359  2935  3511  4087  4663  5239  5815  6391   343   367   943  1519
  2095  2671  3247  3823  4399  4975  5551  6127  6703    79   655  1231
  1807  2383  2959  3535  4111  4687  5263  5839  6415   367   391   967
  1543  2119  2695  3271  3847  4423  4999  5575  6151  6727   103   679
  1255  1831  2407  2983  3559  4135  4711  5287  5863  6439   391   415
   991  1567  2143  2719  3295  3871  4447  5023  5599  6175  6751   127
   703  1279  1855  2431  3007  3583  4159  4735  5311  5887  6463   415
   439  1015  1591  2167  2743  3319  3895  4471  5047  5623  6199  6775
   151   727  1303  1879  2455  3031  3607  4183  4759  5335  5911  6487
   439   463  1039  1615  2191  2767  3343  3919  4495  5071  5647  6223
  6799   175   751  1327  1903  2479  3055  3631  4207  4783  5359  5935
  6511   463   487  1063  1639  2215  2791  3367  3943  4519  5095  5671
  6247  6823   199   775  1351  1927  2503  3079  3655  4231  4807  5383
  5959  6535   487   511  1087  1663  2239  2815  3391  3967  4543  5119
  5695  6271  6847   223   799  1375  1951  2527  3103  3679  4255  4831
  5407  5983  6559   511   535  1111  1687  2263  2839  3415  3991  4567
  5143  5719  6295  6871   247   823  1399  1975  2551  3127  3703  4279
  4855  5431  6007  6583   535   559  1135  1711  2287  2863  3439  4015
  4591  5167  5743  6319  6895   271   847  1423  1999  2575  3151  3727
  4303  4879  5455  6031  6607   559     7   583  1159  1735  2311  2887
  3463  4039  4615  5191  5767  6343   295   871  1447  2023  2599  3175
  3751  4327  4903  5479  6055  6631     7     8   584  1160  1736  2312
  2888  3464  4040  4616  5192  5768  6344   296   872  1448  2024  2600
  3176  3752  4328  4904  5480  6056  6632     8    32   608  1184  1760
  2336  2912  3488  4064  4640  5216  5792  6368   320   896  1472  2048
  2624  3200  3776  4352  4928  5504  6080  6656    32    56   632  1208
  1784  2360  2936  3512  4088  4664  5240  5816  6392   344   920  1496
  2072  2648  3224  3800  4376  4952  5528  6104  6680    56    80   656
  1232  1808  2384  2960  3536  4112  4688  5264  5840  6416   368   944
  1520  2096  2672  3248  3824  4400  4976  5552  6128  6704    80   104
   680  1256  1832  2408  2984  3560  4136  4712  5288  5864  6440   392
   968  1544  2120  2696  3272  3848  4424  5000  5576  6152  6728   104
   128   704  1280  1856  2432  3008  3584  4160  4736  5312  5888  6464
   416   992  1568  2144  2720  3296  3872  4448  5024  5600  6176  6752
   128   152   728  1304  1880  2456  3032  3608  4184  4760  5336  5912
  6488   440  1016  1592  2168  2744  3320  3896  4472  5048  5624  6200
  6776   152   176   752  1328  1904  2480  3056  3632  4208  4784  5360
  5936  6512   464  1040  1616  2192  2768  3344  3920  4496  5072  5648
  6224  6800   176   200   776  1352  1928  2504  3080  3656  4232  4808
  5384  5960  6536   488  1064  1640  2216  2792  3368  3944  4520  5096
  5672  6248  6824   200   224   800  1376  1952  2528  3104  3680  4256
  4832  5408  5984  6560   512  1088  1664  2240  2816  3392  3968  4544
  5120  5696  6272  6848   224   248   824  1400  1976  2552  3128  3704
  4280  4856  5432  6008  6584   536  1112  1688  2264  2840  3416  3992
  4568  5144  5720  6296  6872   248   272   848  1424  2000  2576  3152
  3728  4304  4880  5456  6032  6608   560  1136  1712  2288  2864  3440
  4016  4592  5168  5744  6320  6896   272   296   872  1448  2024  2600
  3176  3752  4328  4904  5480  6056  6632     8   584  1160  1736  2312
  2888  3464  4040  4616  5192  5768  6344   296   320   896  1472  2048
  2624  3200  3776  4352  4928  5504  6080  6656    32   608  1184  1760
  2336  2912  3488  4064  4640  5216  5792  6368   320   344   920  1496
  2072  2648  3224  3800  4376  4952  5528  6104  6680    56   632  1208
  1784  2360  2936  3512  4088  4664  5240  5816  6392   344   368   944
  1520  2096  2672  3248  3824  4400  4976  5552  6128  6704    80   656
  1232  1808  2384  2960  3536  4112  4688  5264  5840  6416   368   392
   968  1544  2120  2696  3272  3848  4424  5000  5576  6152  6728   104
   680  1256  1832  2408  2984  3560  4136  4712  5288  5864  6440   392
   416   992  1568  2144  2720  3296  3872  4448  5024  5600  6176  6752
   128   704  1280  1856  2432  3008  3584  4160  4736  5312  5888  6464
   416   440  1016  1592  2168  2744  3320  3896  4472  5048  5624  6200
  6776   152   728  1304  1880  2456  3032  3608  4184  4760  5336  5912
  6488   440   464  1040  1616  2192  2768  3344  3920  4496  5072  5648
  6224  6800   176   752  1328  1904  2480  3056  3632  4208  4784  5360
  5936  6512   464   488  1064  1640  2216  2792  3368  3944  4520  5096
  5672  6248  6824   200   776  1352  1928  2504  3080  3656  4232  4808
  5384  5960  6536   488   512  1088  1664  2240  2816  3392  3968  4544
  5120  5696  6272  6848   224   800  1376  1952  2528  3104  3680  4256
  4832  5408  5984  6560   512   536  1112  1688  2264  2840  3416  3992
  4568  5144  5720  6296  6872   248   824  1400  1976  2552  3128  3704
  4280  4856  5432  6008  6584   536   560  1136  1712  2288  2864  3440
  4016  4592  5168  5744  6320  6896   272   848  1424  2000  2576  3152
  3728  4304  4880  5456  6032  6608   560     8   584  1160  1736  2312
  2888  3464  4040  4616  5192  5768  6344   296   872  1448  2024  2600
  3176  3752  4328  4904  5480  6056  6632     8     9   585  1161  1737
  2313  2889  3465  4041  4617  5193  5769  6345   297   873  1449  2025
  2601  3177  3753  4329  4905  5481  6057  6633     9    33   609  1185
  1761  2337  2913  3489  4065  4641  5217  5793  6369   321   897  1473
  2049  2625  3201  3777  4353  4929  5505  6081  6657    33    57   633
  1209  1785  2361  2937  3513  4089  4665  5241  5817  6393   345   921
  1497  2073  2649  3225  3801  4377  4953  5529  6105  6681    57    81
   657  1233  1809  2385  2961  3537  4113  4689  5265  5841  6417   369
   945  1521  2097  2673  3249  3825  4401  4977  5553  6129  6705    81
   105   681  1257  1833  2409  2985  3561  4137  4713  5289  5865  6441
   393   969  1545  2121  2697  3273  3849  4425  5001  5577  6153  6729
   105   129   705  1281  1857  2433  3009  3585  4161  4737  5313  5889
  6465   417   993  1569  2145  2721  3297  3873  4449  5025  5601  6177
  6753   129   153   729  1305  1881  2457  3033  3609  4185  4761  5337
  5913  6489   441  1017  1593  2169  2745  3321  3897  4473  5049  5625
  6201  6777   153   177   753  1329  1905  2481  3057  3633  4209  4785
  5361  5937  6513   465  1041  1617  2193  2769  3345  3921  4497  5073
  5649  6225  6801   177   201   777  1353  1929  2505  3081  3657  4233
  4809  5385  5961  6537   489  1065  1641  2217  2793  3369  3945  4521
  5097  5673  6249  6825   201   225   801  1377  1953  2529  3105  3681
  4257  4833  5409  5985  6561   513  1089  1665  2241  2817  3393  3969
  4545  5121  5697  6273  6849   225   249   825  1401  1977  2553  3129
  3705  4281  4857  5433  6009  6585   537  1113  1689  2265  2841  3417
  3993  4569  5145  5721  6297  6873   249   273   849  1425  2001  2577
  3153  3729  4305  4881  5457  6033  6609   561  1137  1713  2289  2865
  3441  4017  4593  5169  5745  6321  6897   273   297   873  1449  2025
  2601  3177  3753  4329  4905  5481  6057  6633     9   585  1161  1737
  2313  2889  3465  4041  4617  5193  5769  6345   297   321   897  1473
  2049  2625  3201  3777  4353  4929  5505  6081  6657    33   609  1185
  1761  2337  2913  3489  4065  4641  5217  5793  6369   321   345   921
  1497  2073  2649  3225  3801  4377  4953  5529  6105  6681    57   633
  1209  1785  2361  2937  3513  4089  4665  5241  5817  6393   345   369
   945  1521  2097  2673  3249  3825  4401  4977  5553  6129  6705    81
   657  1233  1809  2385  2961  3537  4113  4689  5265  5841  6417   369
   393   969  1545  2121  2697  3273  3849  4425  5001  5577  6153  6729
   105   681  1257  1833  2409  2985  3561  4137  4713  5289  5865  6441
   393   417   993  1569  2145  2721  3297  3873  4449  5025  5601  6177
  6753   129   705  1281  1857  2433  3009  3585  4161  4737  5313  5889
  6465   417   441  1017  1593  2169  2745  3321  3897  4473  5049  5625
  6201  6777   153   729  1305  1881  2457  3033  3609  4185  4761  5337
  5913  6489   441   465  1041  1617  2193  2769  3345  3921  4497  5073
  5649  6225  6801   177   753  1329  1905  2481  3057  3633  4209  4785
  5361  5937  6513   465   489  1065  1641  2217  2793  3369  3945  4521
  5097  5673  6249  6825   201   777  1353  1929  2505  3081  3657  4233
  4809  5385  5961  6537   489   513  1089  1665  2241  2817  3393  3969
  4545  5121  5697  6273  6849   225   801  1377  1953  2529  3105  3681
  4257  4833  5409  5985  6561   513   537  1113  1689  2265  2841  3417
  3993  4569  5145  5721  6297  6873   249   825  1401  1977  2553  3129
  3705  4281  4857  5433  6009  6585   537   561  1137  1713  2289  2865
  3441  4017  4593  5169  5745  6321  6897   273   849  1425  2001  2577
  3153  3729  4305  4881  5457  6033  6609   561     9   585  1161  1737
  2313  2889  3465  4041  4617  5193  5769  6345   297   873  1449  2025
  2601  3177  3753  4329  4905  5481  6057  6633     9    10   586  1162
  1738  2314  2890  3466  4042  4618  5194  5770  6346   298   874  1450
  2026  2602  3178  3754  4330  4906  5482  6058  6634    10    34   610
  1186  1762  2338  2914  3490  4066  4642  5218  5794  6370   322   898
  1474  2050  2626  3202  3778  4354  4930  5506  6082  6658    34    58
   634  1210  1786  2362  2938  3514  4090  4666  5242  5818  6394   346
   922  1498  2074  2650  3226  3802  4378  4954  5530  6106  6682    58
    82   658  1234  1810  2386  2962  3538  4114  4690  5266  5842  6418
   370   946  1522  2098  2674  3250  3826  4402  4978  5554  6130  6706
    82   106   682  1258  1834  2410  2986  3562  4138  4714  5290  5866
  6442   394   970  1546  2122  2698  3274  3850  4426  5002  5578  6154
  6730   106   130   706  1282  1858  2434  3010  3586  4162  4738  5314
  5890  6466   418   994  1570  2146  2722  3298  3874  4450  5026  5602
  6178  6754   130   154   730  1306  1882  2458  3034  3610  4186  4762
  5338  5914  6490   442  1018  1594  2170  2746  3322  3898  4474  5050
  5626  6202  6778   154   178   754  1330  1906  2482  3058  3634  4210
  4786  5362  5938  6514   466  1042  1618  2194  2770  3346  3922  4498
  5074  5650  6226  6802   178   202   778  1354  1930  2506  3082  3658
  4234  4810  5386  5962  6538   490  1066  1642  2218  2794  3370  3946
  4522  5098  5674  6250  6826   202   226   802  1378  1954  2530  3106
  3682  4258  4834  5410  5986  6562   514  1090  1666  2242  2818  3394
  3970  4546  5122  5698  6274  6850   226   250   826  1402  1978  2554
  3130  3706  4282  4858  5434  6010  6586   538  1114  1690  2266  2842
  3418  3994  4570  5146  5722  6298  6874   250   274   850  1426  2002
  2578  3154  3730  4306  4882  5458  6034  6610   562  1138  1714  2290
  2866  3442  4018  4594  5170  5746  6322  6898   274   298   874  1450
  2026  2602  3178  3754  4330  4906  5482  6058  6634    10   586  1162
  1738  2314  2890  3466  4042  4618  5194  5770  6346   298   322   898
  1474  2050  2626  3202  3778  4354  4930  5506  6082  6658    34   610
  1186  1762  2338  2914  3490  4066  4642  5218  5794  6370   322   346
   922  1498  2074  2650  3226  3802  4378  4954  5530  6106  6682    58
   634  1210  1786  2362  2938  3514  4090  4666  5242  5818  6394   346
   370   946  1522  2098  2674  3250  3826  4402  4978  5554  6130  6706
    82   658  1234  1810  2386  2962  3538  4114  4690  5266  5842  6418
   370   394   970  1546  2122  2698  3274  3850  4426  5002  5578  6154
  6730   106   682  1258  1834  2410  2986  3562  4138  4714  5290  5866
  6442   394   418   994  1570  2146  2722  3298  3874  4450  5026  5602
  6178  6754   130   706  1282  1858  2434  3010  3586  4162  4738  5314
  5890  6466   418   442  1018  1594  2170  2746  3322  3898  4474  5050
  5626  6202  6778   154   730  1306  1882  2458  3034  3610  4186  4762
  5338  5914  6490   442   466  1042  1618  2194  2770  3346  3922  4498
  5074  5650  6226  6802   178   754  1330  1906  2482  3058  3634  4210
  4786  5362  5938  6514   466   490  1066  1642  2218  2794  3370  3946
  4522  5098  5674  6250  6826   202   778  1354  1930  2506  3082  3658
  4234  4810  5386  5962  6538   490   514  1090  1666  2242  2818  3394
  3970  4546  5122  5698  6274  6850   226   802  1378  1954  2530  3106
  3682  4258  4834  5410  5986  6562   514   538  1114  1690  2266  2842
  3418  3994  4570  5146  5722  6298  6874   250   826  1402  1978  2554
  3130  3706  4282  4858  5434  6010  6586   538   562  1138  1714  2290
  2866  3442  4018  4594  5170  5746  6322  6898   274   850  1426  2002
  2578  3154  3730  4306  4882  5458  6034  6610   562    10   586  1162
  1738  2314  2890  3466  4042  4618  5194  5770  6346   298   874  1450
  2026  2602  3178  3754  4330  4906  5482  6058  6634    10    11   587
  1163  1739  2315  2891  3467  4043  4619  5195  5771  6347   299   875
  1451  2027  2603  3179  3755  4331  4907  5483  6059  6635    11    35
   611  1187  1763  2339  2915  3491  4067  4643  5219  5795  6371   323
   899  1475  2051  2627  3203  3779  4355  4931  5507  6083  6659    35
    59   635  1211  1787  2363  2939  3515  4091  4667  5243  5819  6395
   347   923  1499  2075  2651  3227  3803  4379  4955  5531  6107  6683
    59    83   659  1235  1811  2387  2963  3539  4115  4691  5267  5843
  6419   371   947  1523  2099  2675  3251  3827  4403  4979  5555  6131
  6707    83   107   683  1259  1835  2411  2987  3563  4139  4715  5291
  5867  6443   395   971  1547  2123  2699  3275  3851  4427  5003  5579
  6155  6731   107   131   707  1283  1859  2435  3011  3587  4163  4739
  5315  5891  6467   419   995  1571  2147  2723  3299  3875  4451  5027
  5603  6179  6755   131   155   731  1307  1883  2459  3035  3611  4187
  4763  5339  5915  6491   443  1019  1595  2171  2747  3323  3899  4475
  5051  5627  6203  6779   155   179   755  1331  1907  2483  3059  3635
  4211  4787  5363  5939  6515   467  1043  1619  2195  2771  3347  3923
  4499  5075  5651  6227  6803   179   203   779  1355  1931  2507  3083
  3659  4235  4811  5387  5963  6539   491  1067  1643  2219  2795  3371
  3947  4523  5099  5675  6251  6827   203   227   803  1379  1955  2531
  3107  3683  4259  4835  5411  5987  6563   515  1091  1667  2243  2819
  3395  3971  4547  5123  5699  6275  6851   227   251   827  1403  1979
  2555  3131  3707  4283  4859  5435  6011  6587   539  1115  1691  2267
  2843  3419  3995  4571  5147  5723  6299  6875   251   275   851  1427
  2003  2579  3155  3731  4307  4883  5459  6035  6611   563  1139  1715
  2291  2867  3443  4019  4595  5171  5747  6323  6899   275   299   875
  1451  2027  2603  3179  3755  4331  4907  5483  6059  6635    11   587
  1163  1739  2315  2891  3467  4043  4619  5195  5771  6347   299   323
   899  1475  2051  2627  3203  3779  4355  4931  5507  6083  6659    35
   611  1187  1763  2339  2915  3491  4067  4643  5219  5795  6371   323
   347   923  1499  2075  2651  3227  3803  4379  4955  5531  6107  6683
    59   635  1211  1787  2363  2939  3515  4091  4667  5243  5819  6395
   347   371   947  1523  2099  2675  3251  3827  4403  4979  5555  6131
  6707    83   659  1235  1811  2387  2963  3539  4115  4691  5267  5843
  6419   371   395   971  1547  2123  2699  3275  3851  4427  5003  5579
  6155  6731   107   683  1259  1835  2411  2987  3563  4139  4715  5291
  5867  6443   395   419   995  1571  2147  2723  3299  3875  4451  5027
  5603  6179  6755   131   707  1283  1859  2435  3011  3587  4163  4739
  5315  5891  6467   419   443  1019  1595  2171  2747  3323  3899  4475
  5051  5627  6203  6779   155   731  1307  1883  2459  3035  3611  4187
  4763  5339  5915  6491   443   467  1043  1619  2195  2771  3347  3923
  4499  5075  5651  6227  6803   179   755  1331  1907  2483  3059  3635
  4211  4787  5363  5939  6515   467   491  1067  1643  2219  2795  3371
  3947  4523  5099  5675  6251  6827   203   779  1355  1931  2507  3083
  3659  4235  4811  5387  5963  6539   491   515  1091  1667  2243  2819
  3395  3971  4547  5123  5699  6275  6851   227   803  1379  1955  2531
  3107  3683  4259  4835  5411  5987  6563   515   539  1115  1691  2267
  2843  3419  3995  4571  5147  5723  6299  6875   251   827  1403  1979
  2555  3131  3707  4283  4859  5435  6011  6587   539   563  1139  1715
  2291  2867  3443  4019  4595  5171  5747  6323  6899   275   851  1427
  2003  2579  3155  3731  4307  4883  5459  6035  6611   563    11   587
  1163  1739  2315  2891  3467  4043  4619  5195  5771  6347   299   875
  1451  2027  2603  3179  3755  4331  4907  5483  6059  6635    11    12
   588  1164  1740  2316  2892  3468  4044  4620  5196  5772  6348   300
   876  1452  2028  2604  3180  3756  4332  4908  5484  6060  6636    12
    36   612  1188  1764  2340  2916  3492  4068  4644  5220  5796  6372
   324   900  1476  2052  2628  3204  3780  4356  4932  5508  6084  6660
    36    60   636  1212  1788  2364  2940  3516  4092  4668  5244  5820
  6396   348   924  1500  2076  2652  3228  3804  4380  4956  5532  6108
  6684    60    84   660  1236  1812  2388  2964  3540  4116  4692  5268
  5844  6420   372   948  1524  2100  2676  3252  3828  4404  4980  5556
  6132  6708    84   108   684  1260  1836  2412  2988  3564  4140  4716
  5292  5868  6444   396   972  1548  2124  2700  3276  3852  4428  5004
  5580  6156  6732   108   132   708  1284  1860  2436  3012  3588  4164
  4740  5316  5892  6468   420   996  1572  2148  2724  3300  3876  4452
  5028  5604  6180  6756   132   156   732  1308  1884  2460  3036  3612
  4188  4764  5340  5916  6492   444  1020  1596  2172  2748  3324  3900
  4476  5052  5628  6204  6780   156   180   756  1332  1908  2484  3060
  3636  4212  4788  5364  5940  6516   468  1044  1620  2196  2772  3348
  3924  4500  5076  5652  6228  6804   180   204   780  1356  1932  2508
  3084  3660  4236  4812  5388  5964  6540   492  1068  1644  2220  2796
  3372  3948  4524  5100  5676  6252  6828   204   228   804  1380  1956
  2532  3108  3684  4260  4836  5412  5988  6564   516  1092  1668  2244
  2820  3396  3972  4548  5124  5700  6276  6852   228   252   828  1404
  1980  2556  3132  3708  4284  4860  5436  6012  6588   540  1116  1692
  2268  2844  3420  3996  4572  5148  5724  6300  6876   252   276   852
  1428  2004  2580  3156  3732  4308  4884  5460  6036  6612   564  1140
  1716  2292  2868  3444  4020  4596  5172  5748  6324  6900   276   300
   876  1452  2028  2604  3180  3756  4332  4908  5484  6060  6636    12
   588  1164  1740  2316  2892  3468  4044  4620  5196  5772  6348   300
   324   900  1476  2052  2628  3204  3780  4356  4932  5508  6084  6660
    36   612  1188  1764  2340  2916  3492  4068  4644  5220  5796  6372
   324   348   924  1500  2076  2652  3228  3804  4380  4956  5532  6108
  6684    60   636  1212  1788  2364  2940  3516  4092  4668  5244  5820
  6396   348   372   948  1524  2100  2676  3252  3828  4404  4980  5556
  6132  6708    84   660  1236  1812  2388  2964  3540  4116  4692  5268
  5844  6420   372   396   972  1548  2124  2700  3276  3852  4428  5004
  5580  6156  6732   108   684  1260  1836  2412  2988  3564  4140  4716
  5292  5868  6444   396   420   996  1572  2148  2724  3300  3876  4452
  5028  5604  6180  6756   132   708  1284  1860  2436  3012  3588  4164
  4740  5316  5892  6468   420   444  1020  1596  2172  2748  3324  3900
  4476  5052  5628  6204  6780   156   732  1308  1884  2460  3036  3612
  4188  4764  5340  5916  6492   444   468  1044  1620  2196  2772  3348
  3924  4500  5076  5652  6228  6804   180   756  1332  1908  2484  3060
  3636  4212  4788  5364  5940  6516   468   492  1068  1644  2220  2796
  3372  3948  4524  5100  5676  6252  6828   204   780  1356  1932  2508
  3084  3660  4236  4812  5388  5964  6540   492   516  1092  1668  2244
  2820  3396  3972  4548  5124  5700  6276  6852   228   804  1380  1956
  2532  3108  3684  4260  4836  5412  5988  6564   516   540  1116  1692
  2268  2844  3420  3996  4572  5148  5724  6300  6876   252   828  1404
  1980  2556  3132  3708  4284  4860  5436  6012  6588   540   564  1140
  1716  2292  2868  3444  4020  4596  5172  5748  6324  6900   276   852
  1428  2004  2580  3156  3732  4308  4884  5460  6036  6612   564    12
   588  1164  1740  2316  2892  3468  4044  4620  5196  5772  6348   300
   876  1452  2028  2604  3180  3756  4332  4908  5484  6060  6636    12
    13   589  1165  1741  2317  2893  3469  4045  4621  5197  5773  6349
   301   877  1453  2029  2605  3181  3757  4333  4909  5485  6061  6637
    13    37   613  1189  1765  2341  2917  3493  4069  4645  5221  5797
  6373   325   901  1477  2053  2629  3205  3781  4357  4933  5509  6085
  6661    37    61   637  1213  1789  2365  2941  3517  4093  4669  5245
  5821  6397   349   925  1501  2077  2653  3229  3805  4381  4957  5533
  6109  6685    61    85   661  1237  1813  2389  2965  3541  4117  4693
  5269  5845  6421   373   949  1525  2101  2677  3253  3829  4405  4981
  5557  6133  6709    85   109   685  1261  1837  2413  2989  3565  4141
  4717  5293  5869  6445   397   973  1549  2125  2701  3277  3853  4429
  5005  5581  6157  6733   109   133   709  1285  1861  2437  3013  3589
  4165  4741  5317  5893  6469   421   997  1573  2149  2725  3301  3877
  4453  5029  5605  6181  6757   133   157   733  1309  1885  2461  3037
  3613  4189  4765  5341  5917  6493   445  1021  1597  2173  2749  3325
  3901  4477  5053  5629  6205  6781   157   181   757  1333  1909  2485
  3061  3637  4213  4789  5365  5941  6517   469  1045  1621  2197  2773
  3349  3925  4501  5077  5653  6229  6805   181   205   781  1357  1933
  2509  3085  3661  4237  4813  5389  5965  6541   493  1069  1645  2221
  2797  3373  3949  4525  5101  5677  6253  6829   205   229   805  1381
  1957  2533  3109  3685  4261  4837  5413  5989  6565   517  1093  1669
  2245  2821  3397  3973  4549  5125  5701  6277  6853   229   253   829
  1405  1981  2557  3133  3709  4285  4861  5437  6013  6589   541  1117
  1693  2269  2845  3421  3997  4573  5149  5725  6301  6877   253   277
   853  1429  2005  2581  3157  3733  4309  4885  5461  6037  6613   565
  1141  1717  2293  2869  3445  4021  4597  5173  5749  6325  6901   277
   301   877  1453  2029  2605  3181  3757  4333  4909  5485  6061  6637
    13   589  1165  1741  2317  2893  3469  4045  4621  5197  5773  6349
   301   325   901  1477  2053  2629  3205  3781  4357  4933  5509  6085
  6661    37   613  1189  1765  2341  2917  3493  4069  4645  5221  5797
  6373   325   349   925  1501  2077  2653  3229  3805  4381  4957  5533
  6109  6685    61   637  1213  1789  2365  2941  3517  4093  4669  5245
  5821  6397   349   373   949  1525  2101  2677  3253  3829  4405  4981
  5557  6133  6709    85   661  1237  1813  2389  2965  3541  4117  4693
  5269  5845  6421   373   397   973  1549  2125  2701  3277  3853  4429
  5005  5581  6157  6733   109   685  1261  1837  2413  2989  3565  4141
  4717  5293  5869  6445   397   421   997  1573  2149  2725  3301  3877
  4453  5029  5605  6181  6757   133   709  1285  1861  2437  3013  3589
  4165  4741  5317  5893  6469   421   445  1021  1597  2173  2749  3325
  3901  4477  5053  5629  6205  6781   157   733  1309  1885  2461  3037
  3613  4189  4765  5341  5917  6493   445   469  1045  1621  2197  2773
  3349  3925  4501  5077  5653  6229  6805   181   757  1333  1909  2485
  3061  3637  4213  4789  5365  5941  6517   469   493  1069  1645  2221
  2797  3373  3949  4525  5101  5677  6253  6829   205   781  1357  1933
  2509  3085  3661  4237  4813  5389  5965  6541   493   517  1093  1669
  2245  2821  3397  3973  4549  5125  5701  6277  6853   229   805  1381
  1957  2533  3109  3685  4261  4837  5413  5989  6565   517   541  1117
  1693  2269  2845  3421  3997  4573  5149  5725  6301  6877   253   829
  1405  1981  2557  3133  3709  4285  4861  5437  6013  6589   541   565
  1141  1717  2293  2869  3445  4021  4597  5173  5749  6325  6901   277
   853  1429  2005  2581  3157  3733  4309  4885  5461  6037  6613   565
    13   589  1165  1741  2317  2893  3469  4045  4621  5197  5773  6349
   301   877  1453  2029  2605  3181  3757  4333  4909  5485  6061  6637
    13    14   590  1166  1742  2318  2894  3470  4046  4622  5198  5774
  6350   302   878  1454  2030  2606  3182  3758  4334  4910  5486  6062
  6638    14    38   614  1190  1766  2342  2918  3494  4070  4646  5222
  5798  6374   326   902  1478  2054  2630  3206  3782  4358  4934  5510
  6086  6662    38    62   638  1214  1790  2366  2942  3518  4094  4670
  5246  5822  6398   350   926  1502  2078  2654  3230  3806  4382  4958
  5534  6110  6686    62    86   662  1238  1814  2390  2966  3542  4118
  4694  5270  5846  6422   374   950  1526  2102  2678  3254  3830  4406
  4982  5558  6134  6710    86   110   686  1262  1838  2414  2990  3566
  4142  4718  5294  5870  6446   398   974  1550  2126  2702  3278  3854
  4430  5006  5582  6158  6734   110   134   710  1286  1862  2438  3014
  3590  4166  4742  5318  5894  6470   422   998  1574  2150  2726  3302
  3878  4454  5030  5606  6182  6758   134   158   734  1310  1886  2462
  3038  3614  4190  4766  5342  5918  6494   446  1022  1598  2174  2750
  3326  3902  4478  5054  5630  6206  6782   158   182   758  1334  1910
  2486  3062  3638  4214  4790  5366  5942  6518   470  1046  1622  2198
  2774  3350  3926  4502  5078  5654  6230  6806   182   206   782  1358
  1934  2510  3086  3662  4238  4814  5390  5966  6542   494  1070  1646
  2222  2798  3374  3950  4526  5102  5678  6254  6830   206   230   806
  1382  1958  2534  3110  3686  4262  4838  5414  5990  6566   518  1094
  1670  2246  2822  3398  3974  4550  5126  5702  6278  6854   230   254
   830  1406  1982  2558  3134  3710  4286  4862  5438  6014  6590   542
  1118  1694  2270  2846  3422  3998  4574  5150  5726  6302  6878   254
   278   854  1430  2006  2582  3158  3734  4310  4886  5462  6038  6614
   566  1142  1718  2294  2870  3446  4022  4598  5174  5750  6326  6902
   278   302   878  1454  2030  2606  3182  3758  4334  4910  5486  6062
  6638    14   590  1166  1742  2318  2894  3470  4046  4622  5198  5774
  6350   302   326   902  1478  2054  2630  3206  3782  4358  4934  5510
  6086  6662    38   614  1190  1766  2342  2918  3494  4070  4646  5222
  5798  6374   326   350   926  1502  2078  2654  3230  3806  4382  4958
  5534  6110  6686    62   638  1214  1790  2366  2942  3518  4094  4670
  5246  5822  6398   350   374   950  1526  2102  2678  3254  3830  4406
  4982  5558  6134  6710    86   662  1238  1814  2390  2966  3542  4118
  4694  5270  5846  6422   374   398   974  1550  2126  2702  3278  3854
  4430  5006  5582  6158  6734   110   686  1262  1838  2414  2990  3566
  4142  4718  5294  5870  6446   398   422   998  1574  2150  2726  3302
  3878  4454  5030  5606  6182  6758   134   710  1286  1862  2438  3014
  3590  4166  4742  5318  5894  6470   422   446  1022  1598  2174  2750
  3326  3902  4478  5054  5630  6206  6782   158   734  1310  1886  2462
  3038  3614  4190  4766  5342  5918  6494   446   470  1046  1622  2198
  2774  3350  3926  4502  5078  5654  6230  6806   182   758  1334  1910
  2486  3062  3638  4214  4790  5366  5942  6518   470   494  1070  1646
  2222  2798  3374  3950  4526  5102  5678  6254  6830   206   782  1358
  1934  2510  3086  3662  4238  4814  5390  5966  6542   494   518  1094
  1670  2246  2822  3398  3974  4550  5126  5702  6278  6854   230   806
  1382  1958  2534  3110  3686  4262  4838  5414  5990  6566   518   542
  1118  1694  2270  2846  3422  3998  4574  5150  5726  6302  6878   254
   830  1406  1982  2558  3134  3710  4286  4862  5438  6014  6590   542
   566  1142  1718  2294  2870  3446  4022  4598  5174  5750  6326  6902
   278   854  1430  2006  2582  3158  3734  4310  4886  5462  6038  6614
   566    14   590  1166  1742  2318  2894  3470  4046  4622  5198  5774
  6350   302   878  1454  2030  2606  3182  3758  4334  4910  5486  6062
  6638    14    15   591  1167  1743  2319  2895  3471  4047  4623  5199
  5775  6351   303   879  1455  2031  2607  3183  3759  4335  4911  5487
  6063  6639    15    39   615  1191  1767  2343  2919  3495  4071  4647
  5223  5799  6375   327   903  1479  2055  2631  3207  3783  4359  4935
  5511  6087  6663    39    63   639  1215  1791  2367  2943  3519  4095
  4671  5247  5823  6399   351   927  1503  2079  2655  3231  3807  4383
  4959  5535  6111  6687    63    87   663  1239  1815  2391  2967  3543
  4119  4695  5271  5847  6423   375   951  1527  2103  2679  3255  3831
  4407  4983  5559  6135  6711    87   111   687  1263  1839  2415  2991
  3567  4143  4719  5295  5871  6447   399   975  1551  2127  2703  3279
  3855  4431  5007  5583  6159  6735   111   135   711  1287  1863  2439
  3015  3591  4167  4743  5319  5895  6471   423   999  1575  2151  2727
  3303  3879  4455  5031  5607  6183  6759   135   159   735  1311  1887
  2463  3039  3615  4191  4767  5343  5919  6495   447  1023  1599  2175
  2751  3327  3903  4479  5055  5631  6207  6783   159   183   759  1335
  1911  2487  3063  3639  4215  4791  5367  5943  6519   471  1047  1623
  2199  2775  3351  3927  4503  5079  5655  6231  6807   183   207   783
  1359  1935  2511  3087  3663  4239  4815  5391  5967  6543   495  1071
  1647  2223  2799  3375  3951  4527  5103  5679  6255  6831   207   231
   807  1383  1959  2535  3111  3687  4263  4839  5415  5991  6567   519
  1095  1671  2247  2823  3399  3975  4551  5127  5703  6279  6855   231
   255   831  1407  1983  2559  3135  3711  4287  4863  5439  6015  6591
   543  1119  1695  2271  2847  3423  3999  4575  5151  5727  6303  6879
   255   279   855  1431  2007  2583  3159  3735  4311  4887  5463  6039
  6615   567  1143  1719  2295  2871  3447  4023  4599  5175  5751  6327
  6903   279   303   879  1455  2031  2607  3183  3759  4335  4911  5487
  6063  6639    15   591  1167  1743  2319  2895  3471  4047  4623  5199
  5775  6351   303   327   903  1479  2055  2631  3207  3783  4359  4935
  5511  6087  6663    39   615  1191  1767  2343  2919  3495  4071  4647
  5223  5799  6375   327   351   927  1503  2079  2655  3231  3807  4383
  4959  5535  6111  6687    63   639  1215  1791  2367  2943  3519  4095
  4671  5247  5823  6399   351   375   951  1527  2103  2679  3255  3831
  4407  4983  5559  6135  6711    87   663  1239  1815  2391  2967  3543
  4119  4695  5271  5847  6423   375   399   975  1551  2127  2703  3279
  3855  4431  5007  5583  6159  6735   111   687  1263  1839  2415  2991
  3567  4143  4719  5295  5871  6447   399   423   999  1575  2151  2727
  3303  3879  4455  5031  5607  6183  6759   135   711  1287  1863  2439
  3015  3591  4167  4743  5319  5895  6471   423   447  1023  1599  2175
  2751  3327  3903  4479  5055  5631  6207  6783   159   735  1311  1887
  2463  3039  3615  4191  4767  5343  5919  6495   447   471  1047  1623
  2199  2775  3351  3927  4503  5079  5655  6231  6807   183   759  1335
  1911  2487  3063  3639  4215  4791  5367  5943  6519   471   495  1071
  1647  2223  2799  3375  3951  4527  5103  5679  6255  6831   207   783
  1359  1935  2511  3087  3663  4239  4815  5391  5967  6543   495   519
  1095  1671  2247  2823  3399  3975  4551  5127  5703  6279  6855   231
   807  1383  1959  2535  3111  3687  4263  4839  5415  5991  6567   519
   543  1119  1695  2271  2847  3423  3999  4575  5151  5727  6303  6879
   255   831  1407  1983  2559  3135  3711  4287  4863  5439  6015  6591
   543   567  1143  1719  2295  2871  3447  4023  4599  5175  5751  6327
  6903   279   855  1431  2007  2583  3159  3735  4311  4887  5463  6039
  6615   567    15   591  1167  1743  2319  2895  3471  4047  4623  5199
  5775  6351   303   879  1455  2031  2607  3183  3759  4335  4911  5487
  6063  6639    15    16   592  1168  1744  2320  2896  3472  4048  4624
  5200  5776  6352   304   880  1456  2032  2608  3184  3760  4336  4912
  5488  6064  6640    16    40   616  1192  1768  2344  2920  3496  4072
  4648  5224  5800  6376   328   904  1480  2056  2632  3208  3784  4360
  4936  5512  6088  6664    40    64   640  1216  1792  2368  2944  3520
  4096  4672  5248  5824  6400   352   928  1504  2080  2656  3232  3808
  4384  4960  5536  6112  6688    64    88   664  1240  1816  2392  2968
  3544  4120  4696  5272  5848  6424   376   952  1528  2104  2680  3256
  3832  4408  4984  5560  6136  6712    88   112   688  1264  1840  2416
  2992  3568  4144  4720  5296  5872  6448   400   976  1552  2128  2704
  3280  3856  4432  5008  5584  6160  6736   112   136   712  1288  1864
  2440  3016  3592  4168  4744  5320  5896  6472   424  1000  1576  2152
  2728  3304  3880  4456  5032  5608  6184  6760   136   160   736  1312
  1888  2464  3040  3616  4192  4768  5344  5920  6496   448  1024  1600
  2176  2752  3328  3904  4480  5056  5632  6208  6784   160   184   760
  1336  1912  2488  3064  3640  4216  4792  5368  5944  6520   472  1048
  1624  2200  2776  3352  3928  4504  5080  5656  6232  6808   184   208
   784  1360  1936  2512  3088  3664  4240  4816  5392  5968  6544   496
  1072  1648  2224  2800  3376  3952  4528  5104  5680  6256  6832   208
   232   808  1384  1960  2536  3112  3688  4264  4840  5416  5992  6568
   520  1096  1672  2248  2824  3400  3976  4552  5128  5704  6280  6856
   232   256   832  1408  1984  2560  3136  3712  4288  4864  5440  6016
  6592   544  1120  1696  2272  2848  3424  4000  4576  5152  5728  6304
  6880   256   280   856  1432  2008  2584  3160  3736  4312  4888  5464
  6040  6616   568  1144  1720  2296  2872  3448  4024  4600  5176  5752
  6328  6904   280   304   880  1456  2032  2608  3184  3760  4336  4912
  5488  6064  6640    16   592  1168  1744  2320  2896  3472  4048  4624
  5200  5776  6352   304   328   904  1480  2056  2632  3208  3784  4360
  4936  5512  6088  6664    40   616  1192  1768  2344  2920  3496  4072
  4648  5224  5800  6376   328   352   928  1504  2080  2656  3232  3808
  4384  4960  5536  6112  6688    64   640  1216  1792  2368  2944  3520
  4096  4672  5248  5824  6400   352   376   952  1528  2104  2680  3256
  3832  4408  4984  5560  6136  6712    88   664  1240  1816  2392  2968
  3544  4120  4696  5272  5848  6424   376   400   976  1552  2128  2704
  3280  3856  4432  5008  5584  6160  6736   112   688  1264  1840  2416
  2992  3568  4144  4720  5296  5872  6448   400   424  1000  1576  2152
  2728  3304  3880  4456  5032  5608  6184  6760   136   712  1288  1864
  2440  3016  3592  4168  4744  5320  5896  6472   424   448  1024  1600
  2176  2752  3328  3904  4480  5056  5632  6208  6784   160   736  1312
  1888  2464  3040  3616  4192  4768  5344  5920  6496   448   472  1048
  1624  2200  2776  3352  3928  4504  5080  5656  6232  6808   184   760
  1336  1912  2488  3064  3640  4216  4792  5368  5944  6520   472   496
  1072  1648  2224  2800  3376  3952  4528  5104  5680  6256  6832   208
   784  1360  1936  2512  3088  3664  4240  4816  5392  5968  6544   496
   520  1096  1672  2248  2824  3400  3976  4552  5128  5704  6280  6856
   232   808  1384  1960  2536  3112  3688  4264  4840  5416  5992  6568
   520   544  1120  1696  2272  2848  3424  4000  4576  5152  5728  6304
  6880   256   832  1408  1984  2560  3136  3712  4288  4864  5440  6016
  6592   544   568  1144  1720  2296  2872  3448  4024  4600  5176  5752
  6328  6904   280   856  1432  2008  2584  3160  3736  4312  4888  5464
  6040  6616   568    16   592  1168  1744  2320  2896  3472  4048  4624
  5200  5776  6352   304   880  1456  2032  2608  3184  3760  4336  4912
  5488  6064  6640    16    17   593  1169  1745  2321  2897  3473  4049
  4625  5201  5777  6353   305   881  1457  2033  2609  3185  3761  4337
  4913  5489  6065  6641    17    41   617  1193  1769  2345  2921  3497
  4073  4649  5225  5801  6377   329   905  1481  2057  2633  3209  3785
  4361  4937  5513  6089  6665    41    65   641  1217  1793  2369  2945
  3521  4097  4673  5249  5825  6401   353   929  1505  2081  2657  3233
  3809  4385  4961  5537  6113  6689    65    89   665  1241  1817  2393
  2969  3545  4121  4697  5273  5849  6425   377   953  1529  2105  2681
  3257  3833  4409  4985  5561  6137  6713    89   113   689  1265  1841
  2417  2993  3569  4145  4721  5297  5873  6449   401   977  1553  2129
  2705  3281  3857  4433  5009  5585  6161  6737   113   137   713  1289
  1865  2441  3017  3593  4169  4745  5321  5897  6473   425  1001  1577
  2153  2729  3305  3881  4457  5033  5609  6185  6761   137   161   737
  1313  1889  2465  3041  3617  4193  4769  5345  5921  6497   449  1025
  1601  2177  2753  3329  3905  4481  5057  5633  6209  6785   161   185
   761  1337  1913  2489  3065  3641  4217  4793  5369  5945  6521   473
  1049  1625  2201  2777  3353  3929  4505  5081  5657  6233  6809   185
   209   785  1361  1937  2513  3089  3665  4241  4817  5393  5969  6545
   497  1073  1649  2225  2801  3377  3953  4529  5105  5681  6257  6833
   209   233   809  1385  1961  2537  3113  3689  4265  4841  5417  5993
  6569   521  1097  1673  2249  2825  3401  3977  4553  5129  5705  6281
  6857   233   257   833  1409  1985  2561  3137  3713  4289  4865  5441
  6017  6593   545  1121  1697  2273  2849  3425  4001  4577  5153  5729
  6305  6881   257   281   857  1433  2009  2585  3161  3737  4313  4889
  5465  6041  6617   569  1145  1721  2297  2873  3449  4025  4601  5177
  5753  6329  6905   281   305   881  1457  2033  2609  3185  3761  4337
  4913  5489  6065  6641    17   593  1169  1745  2321  2897  3473  4049
  4625  5201  5777  6353   305   329   905  1481  2057  2633  3209  3785
  4361  4937  5513  6089  6665    41   617  1193  1769  2345  2921  3497
  4073  4649  5225  5801  6377   329   353   929  1505  2081  2657  3233
  3809  4385  4961  5537  6113  6689    65   641  1217  1793  2369  2945
  3521  4097  4673  5249  5825  6401   353   377   953  1529  2105  2681
  3257  3833  4409  4985  5561  6137  6713    89   665  1241  1817  2393
  2969  3545  4121  4697  5273  5849  6425   377   401   977  1553  2129
  2705  3281  3857  4433  5009  5585  6161  6737   113   689  1265  1841
  2417  2993  3569  4145  4721  5297  5873  6449   401   425  1001  1577
  2153  2729  3305  3881  4457  5033  5609  6185  6761   137   713  1289
  1865  2441  3017  3593  4169  4745  5321  5897  6473   425   449  1025
  1601  2177  2753  3329  3905  4481  5057  5633  6209  6785   161   737
  1313  1889  2465  3041  3617  4193  4769  5345  5921  6497   449   473
  1049  1625  2201  2777  3353  3929  4505  5081  5657  6233  6809   185
   761  1337  1913  2489  3065  3641  4217  4793  5369  5945  6521   473
   497  1073  1649  2225  2801  3377  3953  4529  5105  5681  6257  6833
   209   785  1361  1937  2513  3089  3665  4241  4817  5393  5969  6545
   497   521  1097  1673  2249  2825  3401  3977  4553  5129  5705  6281
  6857   233   809  1385  1961  2537  3113  3689  4265  4841  5417  5993
  6569   521   545  1121  1697  2273  2849  3425  4001  4577  5153  5729
  6305  6881   257   833  1409  1985  2561  3137  3713  4289  4865  5441
  6017  6593   545   569  1145  1721  2297  2873  3449  4025  4601  5177
  5753  6329  6905   281   857  1433  2009  2585  3161  3737  4313  4889
  5465  6041  6617   569    17   593  1169  1745  2321  2897  3473  4049
  4625  5201  5777  6353   305   881  1457  2033  2609  3185  3761  4337
  4913  5489  6065  6641    17    18   594  1170  1746  2322  2898  3474
  4050  4626  5202  5778  6354   306   882  1458  2034  2610  3186  3762
  4338  4914  5490  6066  6642    18    42   618  1194  1770  2346  2922
  3498  4074  4650  5226  5802  6378   330   906  1482  2058  2634  3210
  3786  4362  4938  5514  6090  6666    42    66   642  1218  1794  2370
  2946  3522  4098  4674  5250  5826  6402   354   930  1506  2082  2658
  3234  3810  4386  4962  5538  6114  6690    66    90   666  1242  1818
  2394  2970  3546  4122  4698  5274  5850  6426   378   954  1530  2106
  2682  3258  3834  4410  4986  5562  6138  6714    90   114   690  1266
  1842  2418  2994  3570  4146  4722  5298  5874  6450   402   978  1554
  2130  2706  3282  3858  4434  5010  5586  6162  6738   114   138   714
  1290  1866  2442  3018  3594  4170  4746  5322  5898  6474   426  1002
  1578  2154  2730  3306  3882  4458  5034  5610  6186  6762   138   162
   738  1314  1890  2466  3042  3618  4194  4770  5346  5922  6498   450
  1026  1602  2178  2754  3330  3906  4482  5058  5634  6210  6786   162
   186   762  1338  1914  2490  3066  3642  4218  4794  5370  5946  6522
   474  1050  1626  2202  2778  3354  3930  4506  5082  5658  6234  6810
   186   210   786  1362  1938  2514  3090  3666  4242  4818  5394  5970
  6546   498  1074  1650  2226  2802  3378  3954  4530  5106  5682  6258
  6834   210   234   810  1386  1962  2538  3114  3690  4266  4842  5418
  5994  6570   522  1098  1674  2250  2826  3402  3978  4554  5130  5706
  6282  6858   234   258   834  1410  1986  2562  3138  3714  4290  4866
  5442  6018  6594   546  1122  1698  2274  2850  3426  4002  4578  5154
  5730  6306  6882   258   282   858  1434  2010  2586  3162  3738  4314
  4890  5466  6042  6618   570  1146  1722  2298  2874  3450  4026  4602
  5178  5754  6330  6906   282   306   882  1458  2034  2610  3186  3762
  4338  4914  5490  6066  6642    18   594  1170  1746  2322  2898  3474
  4050  4626  5202  5778  6354   306   330   906  1482  2058  2634  3210
  3786  4362  4938  5514  6090  6666    42   618  1194  1770  2346  2922
  3498  4074  4650  5226  5802  6378   330   354   930  1506  2082  2658
  3234  3810  4386  4962  5538  6114  6690    66   642  1218  1794  2370
  2946  3522  4098  4674  5250  5826  6402   354   378   954  1530  2106
  2682  3258  3834  4410  4986  5562  6138  6714    90   666  1242  1818
  2394  2970  3546  4122  4698  5274  5850  6426   378   402   978  1554
  2130  2706  3282  3858  4434  5010  5586  6162  6738   114   690  1266
  1842  2418  2994  3570  4146  4722  5298  5874  6450   402   426  1002
  1578  2154  2730  3306  3882  4458  5034  5610  6186  6762   138   714
  1290  1866  2442  3018  3594  4170  4746  5322  5898  6474   426   450
  1026  1602  2178  2754  3330  3906  4482  5058  5634  6210  6786   162
   738  1314  1890  2466  3042  3618  4194  4770  5346  5922  6498   450
   474  1050  1626  2202  2778  3354  3930  4506  5082  5658  6234  6810
   186   762  1338  1914  2490  3066  3642  4218  4794  5370  5946  6522
   474   498  1074  1650  2226  2802  3378  3954  4530  5106  5682  6258
  6834   210   786  1362  1938  2514  3090  3666  4242  4818  5394  5970
  6546   498   522  1098  1674  2250  2826  3402  3978  4554  5130  5706
  6282  6858   234   810  1386  1962  2538  3114  3690  4266  4842  5418
  5994  6570   522   546  1122  1698  2274  2850  3426  4002  4578  5154
  5730  6306  6882   258   834  1410  1986  2562  3138  3714  4290  4866
  5442  6018  6594   546   570  1146  1722  2298  2874  3450  4026  4602
  5178  5754  6330  6906   282   858  1434  2010  2586  3162  3738  4314
  4890  5466  6042  6618   570    18   594  1170  1746  2322  2898  3474
  4050  4626  5202  5778  6354   306   882  1458  2034  2610  3186  3762
  4338  4914  5490  6066  6642    18    19   595  1171  1747  2323  2899
  3475  4051  4627  5203  5779  6355   307   883  1459  2035  2611  3187
  3763  4339  4915  5491  6067  6643    19    43   619  1195  1771  2347
  2923  3499  4075  4651  5227  5803  6379   331   907  1483  2059  2635
  3211  3787  4363  4939  5515  6091  6667    43    67   643  1219  1795
  2371  2947  3523  4099  4675  5251  5827  6403   355   931  1507  2083
  2659  3235  3811  4387  4963  5539  6115  6691    67    91   667  1243
  1819  2395  2971  3547  4123  4699  5275  5851  6427   379   955  1531
  2107  2683  3259  3835  4411  4987  5563  6139  6715    91   115   691
  1267  1843  2419  2995  3571  4147  4723  5299  5875  6451   403   979
  1555  2131  2707  3283  3859  4435  5011  5587  6163  6739   115   139
   715  1291  1867  2443  3019  3595  4171  4747  5323  5899  6475   427
  1003  1579  2155  2731  3307  3883  4459  5035  5611  6187  6763   139
   163   739  1315  1891  2467  3043  3619  4195  4771  5347  5923  6499
   451  1027  1603  2179  2755  3331  3907  4483  5059  5635  6211  6787
   163   187   763  1339  1915  2491  3067  3643  4219  4795  5371  5947
  6523   475  1051  1627  2203  2779  3355  3931  4507  5083  5659  6235
  6811   187   211   787  1363  1939  2515  3091  3667  4243  4819  5395
  5971  6547   499  1075  1651  2227  2803  3379  3955  4531  5107  5683
  6259  6835   211   235   811  1387  1963  2539  3115  3691  4267  4843
  5419  5995  6571   523  1099  1675  2251  2827  3403  3979  4555  5131
  5707  6283  6859   235   259   835  1411  1987  2563  3139  3715  4291
  4867  5443  6019  6595   547  1123  1699  2275  2851  3427  4003  4579
  5155  5731  6307  6883   259   283   859  1435  2011  2587  3163  3739
  4315  4891  5467  6043  6619   571  1147  1723  2299  2875  3451  4027
  4603  5179  5755  6331  6907   283   307   883  1459  2035  2611  3187
  3763  4339  4915  5491  6067  6643    19   595  1171  1747  2323  2899
  3475  4051  4627  5203  5779  6355   307   331   907  1483  2059  2635
  3211  3787  4363  4939  5515  6091  6667    43   619  1195  1771  2347
  2923  3499  4075  4651  5227  5803  6379   331   355   931  1507  2083
  2659  3235  3811  4387  4963  5539  6115  6691    67   643  1219  1795
  2371  2947  3523  4099  4675  5251  5827  6403   355   379   955  1531
  2107  2683  3259  3835  4411  4987  5563  6139  6715    91   667  1243
  1819  2395  2971  3547  4123  4699  5275  5851  6427   379   403   979
  1555  2131  2707  3283  3859  4435  5011  5587  6163  6739   115   691
  1267  1843  2419  2995  3571  4147  4723  5299  5875  6451   403   427
  1003  1579  2155  2731  3307  3883  4459  5035  5611  6187  6763   139
   715  1291  1867  2443  3019  3595  4171  4747  5323  5899  6475   427
   451  1027  1603  2179  2755  3331  3907  4483  5059  5635  6211  6787
   163   739  1315  1891  2467  3043  3619  4195  4771  5347  5923  6499
   451   475  1051  1627  2203  2779  3355  3931  4507  5083  5659  6235
  6811   187   763  1339  1915  2491  3067  3643  4219  4795  5371  5947
  6523   475   499  1075  1651  2227  2803  3379  3955  4531  5107  5683
  6259  6835   211   787  1363  1939  2515  3091  3667  4243  4819  5395
  5971  6547   499   523  1099  1675  2251  2827  3403  3979  4555  5131
  5707  6283  6859   235   811  1387  1963  2539  3115  3691  4267  4843
  5419  5995  6571   523   547  1123  1699  2275  2851  3427  4003  4579
  5155  5731  6307  6883   259   835  1411  1987  2563  3139  3715  4291
  4867  5443  6019  6595   547   571  1147  1723  2299  2875  3451  4027
  4603  5179  5755  6331  6907   283   859  1435  2011  2587  3163  3739
  4315  4891  5467  6043  6619   571    19   595  1171  1747  2323  2899
  3475  4051  4627  5203  5779  6355   307   883  1459  2035  2611  3187
  3763  4339  4915  5491  6067  6643    19    20   596  1172  1748  2324
  2900  3476  4052  4628  5204  5780  6356   308   884  1460  2036  2612
  3188  3764  4340  4916  5492  6068  6644    20    44   620  1196  1772
  2348  2924  3500  4076  4652  5228  5804  6380   332   908  1484  2060
  2636  3212  3788  4364  4940  5516  6092  6668    44    68   644  1220
  1796  2372  2948  3524  4100  4676  5252  5828  6404   356   932  1508
  2084  2660  3236  3812  4388  4964  5540  6116  6692    68    92   668
  1244  1820  2396  2972  3548  4124  4700  5276  5852  6428   380   956
  1532  2108  2684  3260  3836  4412  4988  5564  6140  6716    92   116
   692  1268  1844  2420  2996  3572  4148  4724  5300  5876  6452   404
   980  1556  2132  2708  3284  3860  4436  5012  5588  6164  6740   116
   140   716  1292  1868  2444  3020  3596  4172  4748  5324  5900  6476
   428  1004  1580  2156  2732  3308  3884  4460  5036  5612  6188  6764
   140   164   740  1316  1892  2468  3044  3620  4196  4772  5348  5924
  6500   452  1028  1604  2180  2756  3332  3908  4484  5060  5636  6212
  6788   164   188   764  1340  1916  2492  3068  3644  4220  4796  5372
  5948  6524   476  1052  1628  2204  2780  3356  3932  4508  5084  5660
  6236  6812   188   212   788  1364  1940  2516  3092  3668  4244  4820
  5396  5972  6548   500  1076  1652  2228  2804  3380  3956  4532  5108
  5684  6260  6836   212   236   812  1388  1964  2540  3116  3692  4268
  4844  5420  5996  6572   524  1100  1676  2252  2828  3404  3980  4556
  5132  5708  6284  6860   236   260   836  1412  1988  2564  3140  3716
  4292  4868  5444  6020  6596   548  1124  1700  2276  2852  3428  4004
  4580  5156  5732  6308  6884   260   284   860  1436  2012  2588  3164
  3740  4316  4892  5468  6044  6620   572  1148  1724  2300  2876  3452
  4028  4604  5180  5756  6332  6908   284   308   884  1460  2036  2612
  3188  3764  4340  4916  5492  6068  6644    20   596  1172  1748  2324
  2900  3476  4052  4628  5204  5780  6356   308   332   908  1484  2060
  2636  3212  3788  4364  4940  5516  6092  6668    44   620  1196  1772
  2348  2924  3500  4076  4652  5228  5804  6380   332   356   932  1508
  2084  2660  3236  3812  4388  4964  5540  6116  6692    68   644  1220
  1796  2372  2948  3524  4100  4676  5252  5828  6404   356   380   956
  1532  2108  2684  3260  3836  4412  4988  5564  6140  6716    92   668
  1244  1820  2396  2972  3548  4124  4700  5276  5852  6428   380   404
   980  1556  2132  2708  3284  3860  4436  5012  5588  6164  6740   116
   692  1268  1844  2420  2996  3572  4148  4724  5300  5876  6452   404
   428  1004  1580  2156  2732  3308  3884  4460  5036  5612  6188  6764
   140   716  1292  1868  2444  3020  3596  4172  4748  5324  5900  6476
   428   452  1028  1604  2180  2756  3332  3908  4484  5060  5636  6212
  6788   164   740  1316  1892  2468  3044  3620  4196  4772  5348  5924
  6500   452   476  1052  1628  2204  2780  3356  3932  4508  5084  5660
  6236  6812   188   764  1340  1916  2492  3068  3644  4220  4796  5372
  5948  6524   476   500  1076  1652  2228  2804  3380  3956  4532  5108
  5684  6260  6836   212   788  1364  1940  2516  3092  3668  4244  4820
  5396  5972  6548   500   524  1100  1676  2252  2828  3404  3980  4556
  5132  5708  6284  6860   236   812  1388  1964  2540  3116  3692  4268
  4844  5420  5996  6572   524   548  1124  1700  2276  2852  3428  4004
  4580  5156  5732  6308  6884   260   836  1412  1988  2564  3140  3716
  4292  4868  5444  6020  6596   548   572  1148  1724  2300  2876  3452
  4028  4604  5180  5756  6332  6908   284   860  1436  2012  2588  3164
  3740  4316  4892  5468  6044  6620   572    20   596  1172  1748  2324
  2900  3476  4052  4628  5204  5780  6356   308   884  1460  2036  2612
  3188  3764  4340  4916  5492  6068  6644    20    21   597  1173  1749
  2325  2901  3477  4053  4629  5205  5781  6357   309   885  1461  2037
  2613  3189  3765  4341  4917  5493  6069  6645    21    45   621  1197
  1773  2349  2925  3501  4077  4653  5229  5805  6381   333   909  1485
  2061  2637  3213  3789  4365  4941  5517  6093  6669    45    69   645
  1221  1797  2373  2949  3525  4101  4677  5253  5829  6405   357   933
  1509  2085  2661  3237  3813  4389  4965  5541  6117  6693    69    93
   669  1245  1821  2397  2973  3549  4125  4701  5277  5853  6429   381
   957  1533  2109  2685  3261  3837  4413  4989  5565  6141  6717    93
   117   693  1269  1845  2421  2997  3573  4149  4725  5301  5877  6453
   405   981  1557  2133  2709  3285  3861  4437  5013  5589  6165  6741
   117   141   717  1293  1869  2445  3021  3597  4173  4749  5325  5901
  6477   429  1005  1581  2157  2733  3309  3885  4461  5037  5613  6189
  6765   141   165   741  1317  1893  2469  3045  3621  4197  4773  5349
  5925  6501   453  1029  1605  2181  2757  3333  3909  4485  5061  5637
  6213  6789   165   189   765  1341  1917  2493  3069  3645  4221  4797
  5373  5949  6525   477  1053  1629  2205  2781  3357  3933  4509  5085
  5661  6237  6813   189   213   789  1365  1941  2517  3093  3669  4245
  4821  5397  5973  6549   501  1077  1653  2229  2805  3381  3957  4533
  5109  5685  6261  6837   213   237   813  1389  1965  2541  3117  3693
  4269  4845  5421  5997  6573   525  1101  1677  2253  2829  3405  3981
  4557  5133  5709  6285  6861   237   261   837  1413  1989  2565  3141
  3717  4293  4869  5445  6021  6597   549  1125  1701  2277  2853  3429
  4005  4581  5157  5733  6309  6885   261   285   861  1437  2013  2589
  3165  3741  4317  4893  5469  6045  6621   573  1149  1725  2301  2877
  3453  4029  4605  5181  5757  6333  6909   285   309   885  1461  2037
  2613  3189  3765  4341  4917  5493  6069  6645    21   597  1173  1749
  2325  2901  3477  4053  4629  5205  5781  6357   309   333   909  1485
  2061  2637  3213  3789  4365  4941  5517  6093  6669    45   621  1197
  1773  2349  2925  3501  4077  4653  5229  5805  6381   333   357   933
  1509  2085  2661  3237  3813  4389  4965  5541  6117  6693    69   645
  1221  1797  2373  2949  3525  4101  4677  5253  5829  6405   357   381
   957  1533  2109  2685  3261  3837  4413  4989  5565  6141  6717    93
   669  1245  1821  2397  2973  3549  4125  4701  5277  5853  6429   381
   405   981  1557  2133  2709  3285  3861  4437  5013  5589  6165  6741
   117   693  1269  1845  2421  2997  3573  4149  4725  5301  5877  6453
   405   429  1005  1581  2157  2733  3309  3885  4461  5037  5613  6189
  6765   141   717  1293  1869  2445  3021  3597  4173  4749  5325  5901
  6477   429   453  1029  1605  2181  2757  3333  3909  4485  5061  5637
  6213  6789   165   741  1317  1893  2469  3045  3621  4197  4773  5349
  5925  6501   453   477  1053  1629  2205  2781  3357  3933  4509  5085
  5661  6237  6813   189   765  1341  1917  2493  3069  3645  4221  4797
  5373  5949  6525   477   501  1077  1653  2229  2805  3381  3957  4533
  5109  5685  6261  6837   213   789  1365  1941  2517  3093  3669  4245
  4821  5397  5973  6549   501   525  1101  1677  2253  2829  3405  3981
  4557  5133  5709  6285  6861   237   813  1389  1965  2541  3117  3693
  4269  4845  5421  5997  6573   525   549  1125  1701  2277  2853  3429
  4005  4581  5157  5733  6309  6885   261   837  1413  1989  2565  3141
  3717  4293  4869  5445  6021  6597   549   573  1149  1725  2301  2877
  3453  4029  4605  5181  5757  6333  6909   285   861  1437  2013  2589
  3165  3741  4317  4893  5469  6045  6621   573    21   597  1173  1749
  2325  2901  3477  4053  4629  5205  5781  6357   309   885  1461  2037
  2613  3189  3765  4341  4917  5493  6069  6645    21    22   598  1174
  1750  2326  2902  3478  4054  4630  5206  5782  6358   310   886  1462
  2038  2614  3190  3766  4342  4918  5494  6070  6646    22    46   622
  1198  1774  2350  2926  3502  4078  4654  5230  5806  6382   334   910
  1486  2062  2638  3214  3790  4366  4942  5518  6094  6670    46    70
   646  1222  1798  2374  2950  3526  4102  4678  5254  5830  6406   358
   934  1510  2086  2662  3238  3814  4390  4966  5542  6118  6694    70
    94   670  1246  1822  2398  2974  3550  4126  4702  5278  5854  6430
   382   958  1534  2110  2686  3262  3838  4414  4990  5566  6142  6718
    94   118   694  1270  1846  2422  2998  3574  4150  4726  5302  5878
  6454   406   982  1558  2134  2710  3286  3862  4438  5014  5590  6166
  6742   118   142   718  1294  1870  2446  3022  3598  4174  4750  5326
  5902  6478   430  1006  1582  2158  2734  3310  3886  4462  5038  5614
  6190  6766   142   166   742  1318  1894  2470  3046  3622  4198  4774
  5350  5926  6502   454  1030  1606  2182  2758  3334  3910  4486  5062
  5638  6214  6790   166   190   766  1342  1918  2494  3070  3646  4222
  4798  5374  5950  6526   478  1054  1630  2206  2782  3358  3934  4510
  5086  5662  6238  6814   190   214   790  1366  1942  2518  3094  3670
  4246  4822  5398  5974  6550   502  1078  1654  2230  2806  3382  3958
  4534  5110  5686  6262  6838   214   238   814  1390  1966  2542  3118
  3694  4270  4846  5422  5998  6574   526  1102  1678  2254  2830  3406
  3982  4558  5134  5710  6286  6862   238   262   838  1414  1990  2566
  3142  3718  4294  4870  5446  6022  6598   550  1126  1702  2278  2854
  3430  4006  4582  5158  5734  6310  6886   262   286   862  1438  2014
  2590  3166  3742  4318  4894  5470  6046  6622   574  1150  1726  2302
  2878  3454  4030  4606  5182  5758  6334  6910   286   310   886  1462
  2038  2614  3190  3766  4342  4918  5494  6070  6646    22   598  1174
  1750  2326  2902  3478  4054  4630  5206  5782  6358   310   334   910
  1486  2062  2638  3214  3790  4366  4942  5518  6094  6670    46   622
  1198  1774  2350  2926  3502  4078  4654  5230  5806  6382   334   358
   934  1510  2086  2662  3238  3814  4390  4966  5542  6118  6694    70
   646  1222  1798  2374  2950  3526  4102  4678  5254  5830  6406   358
   382   958  1534  2110  2686  3262  3838  4414  4990  5566  6142  6718
    94   670  1246  1822  2398  2974  3550  4126  4702  5278  5854  6430
   382   406   982  1558  2134  2710  3286  3862  4438  5014  5590  6166
  6742   118   694  1270  1846  2422  2998  3574  4150  4726  5302  5878
  6454   406   430  1006  1582  2158  2734  3310  3886  4462  5038  5614
  6190  6766   142   718  1294  1870  2446  3022  3598  4174  4750  5326
  5902  6478   430   454  1030  1606  2182  2758  3334  3910  4486  5062
  5638  6214  6790   166   742  1318  1894  2470  3046  3622  4198  4774
  5350  5926  6502   454   478  1054  1630  2206  2782  3358  3934  4510
  5086  5662  6238  6814   190   766  1342  1918  2494  3070  3646  4222
  4798  5374  5950  6526   478   502  1078  1654  2230  2806  3382  3958
  4534  5110  5686  6262  6838   214   790  1366  1942  2518  3094  3670
  4246  4822  5398  5974  6550   502   526  1102  1678  2254  2830  3406
  3982  4558  5134  5710  6286  6862   238   814  1390  1966  2542  3118
  3694  4270  4846  5422  5998  6574   526   550  1126  1702  2278  2854
  3430  4006  4582  5158  5734  6310  6886   262   838  1414  1990  2566
  3142  3718  4294  4870  5446  6022  6598   550   574  1150  1726  2302
  2878  3454  4030  4606  5182  5758  6334  6910   286   862  1438  2014
  2590  3166  3742  4318  4894  5470  6046  6622   574    22   598  1174
  1750  2326  2902  3478  4054  4630  5206  5782  6358   310   886  1462
  2038  2614  3190  3766  4342  4918  5494  6070  6646    22    23   599
  1175  1751  2327  2903  3479  4055  4631  5207  5783  6359   311   887
  1463  2039  2615  3191  3767  4343  4919  5495  6071  6647    23    47
   623  1199  1775  2351  2927  3503  4079  4655  5231  5807  6383   335
   911  1487  2063  2639  3215  3791  4367  4943  5519  6095  6671    47
    71   647  1223  1799  2375  2951  3527  4103  4679  5255  5831  6407
   359   935  1511  2087  2663  3239  3815  4391  4967  5543  6119  6695
    71    95   671  1247  1823  2399  2975  3551  4127  4703  5279  5855
  6431   383   959  1535  2111  2687  3263  3839  4415  4991  5567  6143
  6719    95   119   695  1271  1847  2423  2999  3575  4151  4727  5303
  5879  6455   407   983  1559  2135  2711  3287  3863  4439  5015  5591
  6167  6743   119   143   719  1295  1871  2447  3023  3599  4175  4751
  5327  5903  6479   431  1007  1583  2159  2735  3311  3887  4463  5039
  5615  6191  6767   143   167   743  1319  1895  2471  3047  3623  4199
  4775  5351  5927  6503   455  1031  1607  2183  2759  3335  3911  4487
  5063  5639  6215  6791   167   191   767  1343  1919  2495  3071  3647
  4223  4799  5375  5951  6527   479  1055  1631  2207  2783  3359  3935
  4511  5087  5663  6239  6815   191   215   791  1367  1943  2519  3095
  3671  4247  4823  5399  5975  6551   503  1079  1655  2231  2807  3383
  3959  4535  5111  5687  6263  6839   215   239   815  1391  1967  2543
  3119  3695  4271  4847  5423  5999  6575   527  1103  1679  2255  2831
  3407  3983  4559  5135  5711  6287  6863   239   263   839  1415  1991
  2567  3143  3719  4295  4871  5447  6023  6599   551  1127  1703  2279
  2855  3431  4007  4583  5159  5735  6311  6887   263   287   863  1439
  2015  2591  3167  3743  4319  4895  5471  6047  6623   575  1151  1727
  2303  2879  3455  4031  4607  5183  5759  6335  6911   287   311   887
  1463  2039  2615  3191  3767  4343  4919  5495  6071  6647    23   599
  1175  1751  2327  2903  3479  4055  4631  5207  5783  6359   311   335
   911  1487  2063  2639  3215  3791  4367  4943  5519  6095  6671    47
   623  1199  1775  2351  2927  3503  4079  4655  5231  5807  6383   335
   359   935  1511  2087  2663  3239  3815  4391  4967  5543  6119  6695
    71   647  1223  1799  2375  2951  3527  4103  4679  5255  5831  6407
   359   383   959  1535  2111  2687  3263  3839  4415  4991  5567  6143
  6719    95   671  1247  1823  2399  2975  3551  4127  4703  5279  5855
  6431   383   407   983  1559  2135  2711  3287  3863  4439  5015  5591
  6167  6743   119   695  1271  1847  2423  2999  3575  4151  4727  5303
  5879  6455   407   431  1007  1583  2159  2735  3311  3887  4463  5039
  5615  6191  6767   143   719  1295  1871  2447  3023  3599  4175  4751
  5327  5903  6479   431   455  1031  1607  2183  2759  3335  3911  4487
  5063  5639  6215  6791   167   743  1319  1895  2471  3047  3623  4199
  4775  5351  5927  6503   455   479  1055  1631  2207  2783  3359  3935
  4511  5087  5663  6239  6815   191   767  1343  1919  2495  3071  3647
  4223  4799  5375  5951  6527   479   503  1079  1655  2231  2807  3383
  3959  4535  5111  5687  6263  6839   215   791  1367  1943  2519  3095
  3671  4247  4823  5399  5975  6551   503   527  1103  1679  2255  2831
  3407  3983  4559  5135  5711  6287  6863   239   815  1391  1967  2543
  3119  3695  4271  4847  5423  5999  6575   527   551  1127  1703  2279
  2855  3431  4007  4583  5159  5735  6311  6887   263   839  1415  1991
  2567  3143  3719  4295  4871  5447  6023  6599   551   575  1151  1727
  2303  2879  3455  4031  4607  5183  5759  6335  6911   287   863  1439
  2015  2591  3167  3743  4319  4895  5471  6047  6623   575    23   599
  1175  1751  2327  2903  3479  4055  4631  5207  5783  6359   311   887
  1463  2039  2615  3191  3767  4343  4919  5495  6071  6647    23    24
   600  1176  1752  2328  2904  3480  4056  4632  5208  5784  6360   312
   888  1464  2040  2616  3192  3768  4344  4920  5496  6072  6648    24
    48   624  1200  1776  2352  2928  3504  4080  4656  5232  5808  6384
   336   912  1488  2064  2640  3216  3792  4368  4944  5520  6096  6672
    48    72   648  1224  1800  2376  2952  3528  4104  4680  5256  5832
  6408   360   936  1512  2088  2664  3240  3816  4392  4968  5544  6120
  6696    72    96   672  1248  1824  2400  2976  3552  4128  4704  5280
  5856  6432   384   960  1536  2112  2688  3264  3840  4416  4992  5568
  6144  6720    96   120   696  1272  1848  2424  3000  3576  4152  4728
  5304  5880  6456   408   984  1560  2136  2712  3288  3864  4440  5016
  5592  6168  6744   120   144   720  1296  1872  2448  3024  3600  4176
  4752  5328  5904  6480   432  1008  1584  2160  2736  3312  3888  4464
  5040  5616  6192  6768   144   168   744  1320  1896  2472  3048  3624
  4200  4776  5352  5928  6504   456  1032  1608  2184  2760  3336  3912
  4488  5064  5640  6216  6792   168   192   768  1344  1920  2496  3072
  3648  4224  4800  5376  5952  6528   480  1056  1632  2208  2784  3360
  3936  4512  5088  5664  6240  6816   192   216   792  1368  1944  2520
  3096  3672  4248  4824  5400  5976  6552   504  1080  1656  2232  2808
  3384  3960  4536  5112  5688  6264  6840   216   240   816  1392  1968
  2544  3120  3696  4272  4848  5424  6000  6576   528  1104  1680  2256
  2832  3408  3984  4560  5136  5712  6288  6864   240   264   840  1416
  1992  2568  3144  3720  4296  4872  5448  6024  6600   552  1128  1704
  2280  2856  3432  4008  4584  5160  5736  6312  6888   264   288   864
  1440  2016  2592  3168  3744  4320  4896  5472  6048  6624   576  1152
  1728  2304  2880  3456  4032  4608  5184  5760  6336  6912   288   312
   888  1464  2040  2616  3192  3768  4344  4920  5496  6072  6648    24
   600  1176  1752  2328  2904  3480  4056  4632  5208  5784  6360   312
   336   912  1488  2064  2640  3216  3792  4368  4944  5520  6096  6672
    48   624  1200  1776  2352  2928  3504  4080  4656  5232  5808  6384
   336   360   936  1512  2088  2664  3240  3816  4392  4968  5544  6120
  6696    72   648  1224  1800  2376  2952  3528  4104  4680  5256  5832
  6408   360   384   960  1536  2112  2688  3264  3840  4416  4992  5568
  6144  6720    96   672  1248  1824  2400  2976  3552  4128  4704  5280
  5856  6432   384   408   984  1560  2136  2712  3288  3864  4440  5016
  5592  6168  6744   120   696  1272  1848  2424  3000  3576  4152  4728
  5304  5880  6456   408   432  1008  1584  2160  2736  3312  3888  4464
  5040  5616  6192  6768   144   720  1296  1872  2448  3024  3600  4176
  4752  5328  5904  6480   432   456  1032  1608  2184  2760  3336  3912
  4488  5064  5640  6216  6792   168   744  1320  1896  2472  3048  3624
  4200  4776  5352  5928  6504   456   480  1056  1632  2208  2784  3360
  3936  4512  5088  5664  6240  6816   192   768  1344  1920  2496  3072
  3648  4224  4800  5376  5952  6528   480   504  1080  1656  2232  2808
  3384  3960  4536  5112  5688  6264  6840   216   792  1368  1944  2520
  3096  3672  4248  4824  5400  5976  6552   504   528  1104  1680  2256
  2832  3408  3984  4560  5136  5712  6288  6864   240   816  1392  1968
  2544  3120  3696  4272  4848  5424  6000  6576   528   552  1128  1704
  2280  2856  3432  4008  4584  5160  5736  6312  6888   264   840  1416
  1992  2568  3144  3720  4296  4872  5448  6024  6600   552   576  1152
  1728  2304  2880  3456  4032  4608  5184  5760  6336  6912   288   864
  1440  2016  2592  3168  3744  4320  4896  5472  6048  6624   576    24
   600  1176  1752  2328  2904  3480  4056  4632  5208  5784  6360   312
   888  1464  2040  2616  3192  3768  4344  4920  5496  6072  6648    24
     1   577  1153  1729  2305  2881  3457  4033  4609  5185  5761  6337
   289   865  1441  2017  2593  3169  3745  4321  4897  5473  6049  6625
     1    25   601  1177  1753  2329  2905  3481  4057  4633  5209  5785
  6361   313   889  1465  2041  2617  3193  3769  4345  4921  5497  6073
  6649    25    49   625  1201  1777  2353  2929  3505  4081  4657  5233
  5809  6385   337   913  1489  2065  2641  3217  3793  4369  4945  5521
  6097  6673    49    73   649  1225  1801  2377  2953  3529  4105  4681
  5257  5833  6409   361   937  1513  2089  2665  3241  3817  4393  4969
  5545  6121  6697    73    97   673  1249  1825  2401  2977  3553  4129
  4705  5281  5857  6433   385   961  1537  2113  2689  3265  3841  4417
  4993  5569  6145  6721    97   121   697  1273  1849  2425  3001  3577
  4153  4729  5305  5881  6457   409   985  1561  2137  2713  3289  3865
  4441  5017  5593  6169  6745   121   145   721  1297  1873  2449  3025
  3601  4177  4753  5329  5905  6481   433  1009  1585  2161  2737  3313
  3889  4465  5041  5617  6193  6769   145   169   745  1321  1897  2473
  3049  3625  4201  4777  5353  5929  6505   457  1033  1609  2185  2761
  3337  3913  4489  5065  5641  6217  6793   169   193   769  1345  1921
  2497  3073  3649  4225  4801  5377  5953  6529   481  1057  1633  2209
  2785  3361  3937  4513  5089  5665  6241  6817   193   217   793  1369
  1945  2521  3097  3673  4249  4825  5401  5977  6553   505  1081  1657
  2233  2809  3385  3961  4537  5113  5689  6265  6841   217   241   817
  1393  1969  2545  3121  3697  4273  4849  5425  6001  6577   529  1105
  1681  2257  2833  3409  3985  4561  5137  5713  6289  6865   241   265
   841  1417  1993  2569  3145  3721  4297  4873  5449  6025  6601   553
  1129  1705  2281  2857  3433  4009  4585  5161  5737  6313  6889   265
   289   865  1441  2017  2593  3169  3745  4321  4897  5473  6049  6625
     1   577  1153  1729  2305  2881  3457  4033  4609  5185  5761  6337
   289   313   889  1465  2041  2617  3193  3769  4345  4921  5497  6073
  6649    25   601  1177  1753  2329  2905  3481  4057  4633  5209  5785
  6361   313   337   913  1489  2065  2641  3217  3793  4369  4945  5521
  6097  6673    49   625  1201  1777  2353  2929  3505  4081  4657  5233
  5809  6385   337   361   937  1513  2089  2665  3241  3817  4393  4969
  5545  6121  6697    73   649  1225  1801  2377  2953  3529  4105  4681
  5257  5833  6409   361   385   961  1537  2113  2689  3265  3841  4417
  4993  5569  6145  6721    97   673  1249  1825  2401  2977  3553  4129
  4705  5281  5857  6433   385   409   985  1561  2137  2713  3289  3865
  4441  5017  5593  6169  6745   121   697  1273  1849  2425  3001  3577
  4153  4729  5305  5881  6457   409   433  1009  1585  2161  2737  3313
  3889  4465  5041  5617  6193  6769   145   721  1297  1873  2449  3025
  3601  4177  4753  5329  5905  6481   433   457  1033  1609  2185  2761
  3337  3913  4489  5065  5641  6217  6793   169   745  1321  1897  2473
  3049  3625  4201  4777  5353  5929  6505   457   481  1057  1633  2209
  2785  3361  3937  4513  5089  5665  6241  6817   193   769  1345  1921
  2497  3073  3649  4225  4801  5377  5953  6529   481   505  1081  1657
  2233  2809  3385  3961  4537  5113  5689  6265  6841   217   793  1369
  1945  2521  3097  3673  4249  4825  5401  5977  6553   505   529  1105
  1681  2257  2833  3409  3985  4561  5137  5713  6289  6865   241   817
  1393  1969  2545  3121  3697  4273  4849  5425  6001  6577   529   553
  1129  1705  2281  2857  3433  4009  4585  5161  5737  6313  6889   265
   841  1417  1993  2569  3145  3721  4297  4873  5449  6025  6601   553
     1   577  1153  1729  2305  2881  3457  4033  4609  5185  5761  6337
   289   865  1441  2017  2593  3169  3745  4321  4897  5473  6049  6625
     1
