# k(0:nx, 0:ny, 0:nz) <= 3456
# nx, ny, nz
 24 24 24
#
     1   289   577   865  1153  1441  1729  2017  2305  2593  2881  3169
    13   301   589   877  1165  1453  1741  2029  2317  2605  2893  3181
     1    25   313   601   889  1177  1465  1753  2041  2329  2617  2905
  3193    37   325   613   901  1189  1477  1765  2053  2341  2629  2917
  3205    25    49   337   625   913  1201  1489  1777  2065  2353  2641
  2929  3217    61   349   637   925  1213  1501  1789  2077  2365  2653
  2941  3229    49    73   361   649   937  1225  1513  1801  2089  2377
  2665  2953  3241    85   373   661   949  1237  1525  1813  2101  2389
  2677  2965  3253    73    97   385   673   961  1249  1537  1825  2113
  2401  2689  2977  3265   109   397   685   973  1261  1549  1837  2125
  2413  2701  2989  3277    97   121   409   697   985  1273  1561  1849
  2137  2425  2713  3001  3289   133   421   709   997  1285  1573  1861
  2149  2437  2725  3013  3301   121   145   433   721  1009  1297  1585
  1873  2161  2449  2737  3025  3313   157   445   733  1021  1309  1597
  1885  2173  2461  2749  3037  3325   145   169   457   745  1033  1321
  1609  1897  2185  2473  2761  3049  3337   181   469   757  1045  1333
  1621  1909  2197  2485  2773  3061  3349   169   193   481   769  1057
  1345  1633  1921  2209  2497  2785  3073  3361   205   493   781  1069
  1357  1645  1933  2221  2509  2797  3085  3373   193   217   505   793
  1081  1369  1657  1945  2233  2521  2809  3097  3385   229   517   805
  1093  1381  1669  1957  2245  2533  2821  3109  3397   217   241   529
   817  1105  1393  1681  1969  2257  2545  2833  3121  3409   253   541
   829  1117  1405  1693  1981  2269  2557  2845  3133  3421   241   265
   553   841  1129  1417  1705  1993  2281  2569  2857  3145  3433   277
   565   853  1141  1429  1717  2005  2293  2581  2869  3157  3445   265
    13   301   589   877  1165  1453  1741  2029  2317  2605  2893  3181
     1   289   577   865  1153  1441  1729  2017  2305  2593  2881  3169
    13    37   325   613   901  1189  1477  1765  2053  2341  2629  2917
  3205    25   313   601   889  1177  1465  1753  2041  2329  2617  2905
  3193    37    61   349   637   925  1213  1501  1789  2077  2365  2653
  2941  3229    49   337   625   913  1201  1489  1777  2065  2353  2641
  2929  3217    61    85   373   661   949  1237  1525  1813  2101  2389
  2677  2965  3253    73   361   649   937  1225  1513  1801  2089  2377
  2665  2953  3241    85   109   397   685   973  1261  1549  1837  2125
  2413  2701  2989  3277    97   385   673   961  1249  1537  1825  2113
  2401  2689  2977  3265   109   133   421   709   997  1285  1573  1861
  2149  2437  2725  3013  3301   121   409   697   985  1273  1561  1849
  2137  2425  2713  3001  3289   133   157   445   733  1021  1309  1597
  1885  2173  2461  2749  3037  3325   145   433   721  1009  1297  1585
  1873  2161  2449  2737  3025  3313   157   181   469   757  1045  1333
  1621  1909  2197  2485  2773  3061  3349   169   457   745  1033  1321
  1609  1897  2185  2473  2761  3049  3337   181   205   493   781  1069
  1357  1645  1933  2221  2509  2797  3085  3373   193   481   769  1057
  1345  1633  1921  2209  2497  2785  3073  3361   205   229   517   805
  1093  1381  1669  1957  2245  2533  2821  3109  3397   217   505   793
  1081  1369  1657  1945  2233  2521  2809  3097  3385   229   253   541
   829  1117  1405  1693  1981  2269  2557  2845  3133  3421   241   529
   817  1105  1393  1681  1969  2257  2545  2833  3121  3409   253   277
   565   853  1141  1429  1717  2005  2293  2581  2869  3157  3445   265
   553   841  1129  1417  1705  1993  2281  2569  2857  3145  3433   277
     1   289   577   865  1153  1441  1729  2017  2305  2593  2881  3169
    13   301   589   877  1165  1453  1741  2029  2317  2605  2893  3181
     1     2   290   578   866  1154  1442  1730  2018  2306  2594  2882
  3170    14   302   590   878  1166  1454  1742  2030  2318  2606  2894
  3182     2    26   314   602   890  1178  1466  1754  2042  2330  2618
  2906  3194    38   326   614   902  1190  1478  1766  2054  2342  2630
  2918  3206    26    50   338   626   914  1202  1490  1778  2066  2354
  2642  2930  3218    62   350   638   926  1214  1502  1790  2078  2366
  2654  2942  3230    50    74   362   650   938  1226  1514  1802  2090
  2378  2666  2954  3242    86   374   662   950  1238  1526  1814  2102
  2390  2678  2966  3254    74    98   386   674   962  1250  1538  1826
  2114  2402  2690  2978  3266   110   398   686   974  1262  1550  1838
  2126  2414  2702  2990  3278    98   122   410   698   986  1274  1562
  1850  2138  2426  2714  3002  3290   134   422   710   998  1286  1574
  1862  2150  2438  2726  3014  3302   122   146   434   722  1010  1298
  1586  1874  2162  2450  2738  3026  3314   158   446   734  1022  1310
  1598  1886  2174  2462  2750  3038  3326   146   170   458   746  1034
  1322  1610  1898  2186  2474  2762  3050  3338   182   470   758  1046
  1334  1622  1910  2198  2486  2774  3062  3350   170   194   482   770
  1058  1346  1634  1922  2210  2498  2786  3074  3362   206   494   782
  1070  1358  1646  1934  2222  2510  2798  3086  3374   194   218   506
   794  1082  1370  1658  1946  2234  2522  2810  3098  3386   230   518
   806  1094  1382  1670  1958  2246  2534  2822  3110  3398   218   242
   530   818  1106  1394  1682  1970  2258  2546  2834  3122  3410   254
   542   830  1118  1406  1694  1982  2270  2558  2846  3134  3422   242
   266   554   842  1130  1418  1706  1994  2282  2570  2858  3146  3434
   278   566   854  1142  1430  1718  2006  2294  2582  2870  3158  3446
   266    14   302   590   878  1166  1454  1742  2030  2318  2606  2894
  3182     2   290   578   866  1154  1442  1730  2018  2306  2594  2882
  3170    14    38   326   614   902  1190  1478  1766  2054  2342  2630
  2918  3206    26   314   602   890  1178  1466  1754  2042  2330  2618
  2906  3194    38    62   350   638   926  1214  1502  1790  2078  2366
  2654  2942  3230    50   338   626   914  1202  1490  1778  2066  2354
  2642  2930  3218    62    86   374   662   950  1238  1526  1814  2102
  2390  2678  2966  3254    74   362   650   938  1226  1514  1802  2090
  2378  2666  2954  3242    86   110   398   686   974  1262  1550  1838
  2126  2414  2702  2990  3278    98   386   674   962  1250  1538  1826
  2114  2402  2690  2978  3266   110   134   422   710   998  1286  1574
  1862  2150  2438  2726  3014  3302   122   410   698   986  1274  1562
  1850  2138  2426  2714  3002  3290   134   158   446   734  1022  1310
  1598  1886  2174  2462  2750  3038  3326   146   434   722  1010  1298
  1586  1874  2162  2450  2738  3026  3314   158   182   470   758  1046
  1334  1622  1910  2198  2486  2774  3062  3350   170   458   746  1034
  1322  1610  1898  2186  2474  2762  3050  3338   182   206   494   782
  1070  1358  1646  1934  2222  2510  2798  3086  3374   194   482   770
  1058  1346  1634  1922  2210  2498  2786  3074  3362   206   230   518
   806  1094  1382  1670  1958  2246  2534  2822  3110  3398   218   506
   794  1082  1370  1658  1946  2234  2522  2810  3098  3386   230   254
   542   830  1118  1406  1694  1982  2270  2558  2846  3134  3422   242
   530   818  1106  1394  1682  1970  2258  2546  2834  3122  3410   254
   278   566   854  1142  1430  1718  2006  2294  2582  2870  3158  3446
   266   554   842  1130  1418  1706  1994  2282  2570  2858  3146  3434
   278     2   290   578   866  1154  1442  1730  2018  2306  2594  2882
  3170    14   302   590   878  1166  1454  1742  2030  2318  2606  2894
  3182     2     3   291   579   867  1155  1443  1731  2019  2307  2595
  2883  3171    15   303   591   879  1167  1455  1743  2031  2319  2607
  2895  3183     3    27   315   603   891  1179  1467  1755  2043  2331
  2619  2907  3195    39   327   615   903  1191  1479  1767  2055  2343
  2631  2919  3207    27    51   339   627   915  1203  1491  1779  2067
  2355  2643  2931  3219    63   351   639   927  1215  1503  1791  2079
  2367  2655  2943  3231    51    75   363   651   939  1227  1515  1803
  2091  2379  2667  2955  3243    87   375   663   951  1239  1527  1815
  2103  2391  2679  2967  3255    75    99   387   675   963  1251  1539
  1827  2115  2403  2691  2979  3267   111   399   687   975  1263  1551
  1839  2127  2415  2703  2991  3279    99   123   411   699   987  1275
  1563  1851  2139  2427  2715  3003  3291   135   423   711   999  1287
  1575  1863  2151  2439  2727  3015  3303   123   147   435   723  1011
  1299  1587  1875  2163  2451  2739  3027  3315   159   447   735  1023
  1311  1599  1887  2175  2463  2751  3039  3327   147   171   459   747
  1035  1323  1611  1899  2187  2475  2763  3051  3339   183   471   759
  1047  1335  1623  1911  2199  2487  2775  3063  3351   171   195   483
   771  1059  1347  1635  1923  2211  2499  2787  3075  3363   207   495
   783  1071  1359  1647  1935  2223  2511  2799  3087  3375   195   219
   507   795  1083  1371  1659  1947  2235  2523  2811  3099  3387   231
   519   807  1095  1383  1671  1959  2247  2535  2823  3111  3399   219
   243   531   819  1107  1395  1683  1971  2259  2547  2835  3123  3411
   255   543   831  1119  1407  1695  1983  2271  2559  2847  3135  3423
   243   267   555   843  1131  1419  1707  1995  2283  2571  2859  3147
  3435   279   567   855  1143  1431  1719  2007  2295  2583  2871  3159
  3447   267    15   303   591   879  1167  1455  1743  2031  2319  2607
  2895  3183     3   291   579   867  1155  1443  1731  2019  2307  2595
  2883  3171    15    39   327   615   903  1191  1479  1767  2055  2343
  2631  2919  3207    27   315   603   891  1179  1467  1755  2043  2331
  2619  2907  3195    39    63   351   639   927  1215  1503  1791  2079
  2367  2655  2943  3231    51   339   627   915  1203  1491  1779  2067
  2355  2643  2931  3219    63    87   375   663   951  1239  1527  1815
  2103  2391  2679  2967  3255    75   363   651   939  1227  1515  1803
  2091  2379  2667  2955  3243    87   111   399   687   975  1263  1551
  1839  2127  2415  2703  2991  3279    99   387   675   963  1251  1539
  1827  2115  2403  2691  2979  3267   111   135   423   711   999  1287
  1575  1863  2151  2439  2727  3015  3303   123   411   699   987  1275
  1563  1851  2139  2427  2715  3003  3291   135   159   447   735  1023
  1311  1599  1887  2175  2463  2751  3039  3327   147   435   723  1011
  1299  1587  1875  2163  2451  2739  3027  3315   159   183   471   759
  1047  1335  1623  1911  2199  2487  2775  3063  3351   171   459   747
  1035  1323  1611  1899  2187  2475  2763  3051  3339   183   207   495
   783  1071  1359  1647  1935  2223  2511  2799  3087  3375   195   483
   771  1059  1347  1635  1923  2211  2499  2787  3075  3363   207   231
   519   807  1095  1383  1671  1959  2247  2535  2823  3111  3399   219
   507   795  1083  1371  1659  1947  2235  2523  2811  3099  3387   231
   255   543   831  1119  1407  1695  1983  2271  2559  2847  3135  3423
   243   531   819  1107  1395  1683  1971  2259  2547  2835  3123  3411
   255   279   567   855  1143  1431  1719  2007  2295  2583  2871  3159
  3447   267   555   843  1131  1419  1707  1995  2283  2571  2859  3147
  3435   279     3   291   579   867  1155  1443  1731  2019  2307  2595
  2883  3171    15   303   591   879  1167  1455  1743  2031  2319  2607
  2895  3183     3     4   292   580   868  1156  1444  1732  2020  2308
  2596  2884  3172    16   304   592   880  1168  1456  1744  2032  2320
  2608  2896  3184     4    28   316   604   892  1180  1468  1756  2044
  2332  2620  2908  3196    40   328   616   904  1192  1480  1768  2056
  2344  2632  2920  3208    28    52   340   628   916  1204  1492  1780
  2068  2356  2644  2932  3220    64   352   640   928  1216  1504  1792
  2080  2368  2656  2944  3232    52    76   364   652   940  1228  1516
  1804  2092  2380  2668  2956  3244    88   376   664   952  1240  1528
  1816  2104  2392  2680  2968  3256    76   100   388   676   964  1252
  1540  1828  2116  2404  2692  2980  3268   112   400   688   976  1264
  1552  1840  2128  2416  2704  2992  3280   100   124   412   700   988
  1276  1564  1852  2140  2428  2716  3004  3292   136   424   712  1000
  1288  1576  1864  2152  2440  2728  3016  3304   124   148   436   724
  1012  1300  1588  1876  2164  2452  2740  3028  3316   160   448   736
  1024  1312  1600  1888  2176  2464  2752  3040  3328   148   172   460
   748  1036  1324  1612  1900  2188  2476  2764  3052  3340   184   472
   760  1048  1336  1624  1912  2200  2488  2776  3064  3352   172   196
   484   772  1060  1348  1636  1924  2212  2500  2788  3076  3364   208
   496   784  1072  1360  1648  1936  2224  2512  2800  3088  3376   196
   220   508   796  1084  1372  1660  1948  2236  2524  2812  3100  3388
   232   520   808  1096  1384  1672  1960  2248  2536  2824  3112  3400
   220   244   532   820  1108  1396  1684  1972  2260  2548  2836  3124
  3412   256   544   832  1120  1408  1696  1984  2272  2560  2848  3136
  3424   244   268   556   844  1132  1420  1708  1996  2284  2572  2860
  3148  3436   280   568   856  1144  1432  1720  2008  2296  2584  2872
  3160  3448   268    16   304   592   880  1168  1456  1744  2032  2320
  2608  2896  3184     4   292   580   868  1156  1444  1732  2020  2308
  2596  2884  3172    16    40   328   616   904  1192  1480  1768  2056
  2344  2632  2920  3208    28   316   604   892  1180  1468  1756  2044
  2332  2620  2908  3196    40    64   352   640   928  1216  1504  1792
  2080  2368  2656  2944  3232    52   340   628   916  1204  1492  1780
  2068  2356  2644  2932  3220    64    88   376   664   952  1240  1528
  1816  2104  2392  2680  2968  3256    76   364   652   940  1228  1516
  1804  2092  2380  2668  2956  3244    88   112   400   688   976  1264
  1552  1840  2128  2416  2704  2992  3280   100   388   676   964  1252
  1540  1828  2116  2404  2692  2980  3268   112   136   424   712  1000
  1288  1576  1864  2152  2440  2728  3016  3304   124   412   700   988
  1276  1564  1852  2140  2428  2716  3004  3292   136   160   448   736
  1024  1312  1600  1888  2176  2464  2752  3040  3328   148   436   724
  1012  1300  1588  1876  2164  2452  2740  3028  3316   160   184   472
   760  1048  1336  1624  1912  2200  2488  2776  3064  3352   172   460
   748  1036  1324  1612  1900  2188  2476  2764  3052  3340   184   208
   496   784  1072  1360  1648  1936  2224  2512  2800  3088  3376   196
   484   772  1060  1348  1636  1924  2212  2500  2788  3076  3364   208
   232   520   808  1096  1384  1672  1960  2248  2536  2824  3112  3400
   220   508   796  1084  1372  1660  1948  2236  2524  2812  3100  3388
   232   256   544   832  1120  1408  1696  1984  2272  2560  2848  3136
  3424   244   532   820  1108  1396  1684  1972  2260  2548  2836  3124
  3412   256   280   568   856  1144  1432  1720  2008  2296  2584  2872
  3160  3448   268   556   844  1132  1420  1708  1996  2284  2572  2860
  3148  3436   280     4   292   580   868  1156  1444  1732  2020  2308
  2596  2884  3172    16   304   592   880  1168  1456  1744  2032  2320
  2608  2896  3184     4     5   293   581   869  1157  1445  1733  2021
  2309  2597  2885  3173    17   305   593   881  1169  1457  1745  2033
  2321  2609  2897  3185     5    29   317   605   893  1181  1469  1757
  2045  2333  2621  2909  3197    41   329   617   905  1193  1481  1769
  2057  2345  2633  2921  3209    29    53   341   629   917  1205  1493
  1781  2069  2357  2645  2933  3221    65   353   641   929  1217  1505
  1793  2081  2369  2657  2945  3233    53    77   365   653   941  1229
  1517  1805  2093  2381  2669  2957  3245    89   377   665   953  1241
  1529  1817  2105  2393  2681  2969  3257    77   101   389   677   965
  1253  1541  1829  2117  2405  2693  2981  3269   113   401   689   977
  1265  1553  1841  2129  2417  2705  2993  3281   101   125   413   701
   989  1277  1565  1853  2141  2429  2717  3005  3293   137   425   713
  1001  1289  1577  1865  2153  2441  2729  3017  3305   125   149   437
   725  1013  1301  1589  1877  2165  2453  2741  3029  3317   161   449
   737  1025  1313  1601  1889  2177  2465  2753  3041  3329   149   173
   461   749  1037  1325  1613  1901  2189  2477  2765  3053  3341   185
   473   761  1049  1337  1625  1913  2201  2489  2777  3065  3353   173
   197   485   773  1061  1349  1637  1925  2213  2501  2789  3077  3365
   209   497   785  1073  1361  1649  1937  2225  2513  2801  3089  3377
   197   221   509   797  1085  1373  1661  1949  2237  2525  2813  3101
  3389   233   521   809  1097  1385  1673  1961  2249  2537  2825  3113
  3401   221   245   533   821  1109  1397  1685  1973  2261  2549  2837
  3125  3413   257   545   833  1121  1409  1697  1985  2273  2561  2849
  3137  3425   245   269   557   845  1133  1421  1709  1997  2285  2573
  2861  3149  3437   281   569   857  1145  1433  1721  2009  2297  2585
  2873  3161  3449   269    17   305   593   881  1169  1457  1745  2033
  2321  2609  2897  3185     5   293   581   869  1157  1445  1733  2021
  2309  2597  2885  3173    17    41   329   617   905  1193  1481  1769
  2057  2345  2633  2921  3209    29   317   605   893  1181  1469  1757
  2045  2333  2621  2909  3197    41    65   353   641   929  1217  1505
  1793  2081  2369  2657  2945  3233    53   341   629   917  1205  1493
  1781  2069  2357  2645  2933  3221    65    89   377   665   953  1241
  1529  1817  2105  2393  2681  2969  3257    77   365   653   941  1229
  1517  1805  2093  2381  2669  2957  3245    89   113   401   689   977
  1265  1553  1841  2129  2417  2705  2993  3281   101   389   677   965
  1253  1541  1829  2117  2405  2693  2981  3269   113   137   425   713
  1001  1289  1577  1865  2153  2441  2729  3017  3305   125   413   701
   989  1277  1565  1853  2141  2429  2717  3005  3293   137   161   449
   737  1025  1313  1601  1889  2177  2465  2753  3041  3329   149   437
   725  1013  1301  1589  1877  2165  2453  2741  3029  3317   161   185
   473   761  1049  1337  1625  1913  2201  2489  2777  3065  3353   173
   461   749  1037  1325  1613  1901  2189  2477  2765  3053  3341   185
   209   497   785  1073  1361  1649  1937  2225  2513  2801  3089  3377
   197   485   773  1061  1349  1637  1925  2213  2501  2789  3077  3365
   209   233   521   809  1097  1385  1673  1961  2249  2537  2825  3113
  3401   221   509   797  1085  1373  1661  1949  2237  2525  2813  3101
  3389   233   257   545   833  1121  1409  1697  1985  2273  2561  2849
  3137  3425   245   533   821  1109  1397  1685  1973  2261  2549  2837
  3125  3413   257   281   569   857  1145  1433  1721  2009  2297  2585
  2873  3161  3449   269   557   845  1133  1421  1709  1997  2285  2573
  2861  3149  3437   281     5   293   581   869  1157  1445  1733  2021
  2309  2597  2885  3173    17   305   593   881  1169  1457  1745  2033
  2321  2609  2897  3185     5     6   294   582   870  1158  1446  1734
  2022  2310  2598  2886  3174    18   306   594   882  1170  1458  1746
  2034  2322  2610  2898  3186     6    30   318   606   894  1182  1470
  1758  2046  2334  2622  2910  3198    42   330   618   906  1194  1482
  1770  2058  2346  2634  2922  3210    30    54   342   630   918  1206
  1494  1782  2070  2358  2646  2934  3222    66   354   642   930  1218
  1506  1794  2082  2370  2658  2946  3234    54    78   366   654   942
  1230  1518  1806  2094  2382  2670  2958  3246    90   378   666   954
  1242  1530  1818  2106  2394  2682  2970  3258    78   102   390   678
   966  1254  1542  1830  2118  2406  2694  2982  3270   114   402   690
   978  1266  1554  1842  2130  2418  2706  2994  3282   102   126   414
   702   990  1278  1566  1854  2142  2430  2718  3006  3294   138   426
   714  1002  1290  1578  1866  2154  2442  2730  3018  3306   126   150
   438   726  1014  1302  1590  1878  2166  2454  2742  3030  3318   162
   450   738  1026  1314  1602  1890  2178  2466  2754  3042  3330   150
   174   462   750  1038  1326  1614  1902  2190  2478  2766  3054  3342
   186   474   762  1050  1338  1626  1914  2202  2490  2778  3066  3354
   174   198   486   774  1062  1350  1638  1926  2214  2502  2790  3078
  3366   210   498   786  1074  1362  1650  1938  2226  2514  2802  3090
  3378   198   222   510   798  1086  1374  1662  1950  2238  2526  2814
  3102  3390   234   522   810  1098  1386  1674  1962  2250  2538  2826
  3114  3402   222   246   534   822  1110  1398  1686  1974  2262  2550
  2838  3126  3414   258   546   834  1122  1410  1698  1986  2274  2562
  2850  3138  3426   246   270   558   846  1134  1422  1710  1998  2286
  2574  2862  3150  3438   282   570   858  1146  1434  1722  2010  2298
  2586  2874  3162  3450   270    18   306   594   882  1170  1458  1746
  2034  2322  2610  2898  3186     6   294   582   870  1158  1446  1734
  2022  2310  2598  2886  3174    18    42   330   618   906  1194  1482
  1770  2058  2346  2634  2922  3210    30   318   606   894  1182  1470
  1758  2046  2334  2622  2910  3198    42    66   354   642   930  1218
  1506  1794  2082  2370  2658  2946  3234    54   342   630   918  1206
  1494  1782  2070  2358  2646  2934  3222    66    90   378   666   954
  1242  1530  1818  2106  2394  2682  2970  3258    78   366   654   942
  1230  1518  1806  2094  2382  2670  2958  3246    90   114   402   690
   978  1266  1554  1842  2130  2418  2706  2994  3282   102   390   678
   966  1254  1542  1830  2118  2406  2694  2982  3270   114   138   426
   714  1002  1290  1578  1866  2154  2442  2730  3018  3306   126   414
   702   990  1278  1566  1854  2142  2430  2718  3006  3294   138   162
   450   738  1026  1314  1602  1890  2178  2466  2754  3042  3330   150
   438   726  1014  1302  1590  1878  2166  2454  2742  3030  3318   162
   186   474   762  1050  1338  1626  1914  2202  2490  2778  3066  3354
   174   462   750  1038  1326  1614  1902  2190  2478  2766  3054  3342
   186   210   498   786  1074  1362  1650  1938  2226  2514  2802  3090
  3378   198   486   774  1062  1350  1638  1926  2214  2502  2790  3078
  3366   210   234   522   810  1098  1386  1674  1962  2250  2538  2826
  3114  3402   222   510   798  1086  1374  1662  1950  2238  2526  2814
  3102  3390   234   258   546   834  1122  1410  1698  1986  2274  2562
  2850  3138  3426   246   534   822  1110  1398  1686  1974  2262  2550
  2838  3126  3414   258   282   570   858  1146  1434  1722  2010  2298
  2586  2874  3162  3450   270   558   846  1134  1422  1710  1998  2286
  2574  2862  3150  3438   282     6   294   582   870  1158  1446  1734
  2022  2310  2598  2886  3174    18   306   594   882  1170  1458  1746
  2034  2322  2610  2898  3186     6     7   295   583   871  1159  1447
  1735  2023  2311  2599  2887  3175    19   307   595   883  1171  1459
  1747  2035  2323  2611  2899  3187     7    31   319   607   895  1183
  1471  1759  2047  2335  2623  2911  3199    43   331   619   907  1195
  1483  1771  2059  2347  2635  2923  3211    31    55   343   631   919
  1207  1495  1783  2071  2359  2647  2935  3223    67   355   643   931
  1219  1507  1795  2083  2371  2659  2947  3235    55    79   367   655
   943  1231  1519  1807  2095  2383  2671  2959  3247    91   379   667
   955  1243  1531  1819  2107  2395  2683  2971  3259    79   103   391
   679   967  1255  1543  1831  2119  2407  2695  2983  3271   115   403
   691   979  1267  1555  1843  2131  2419  2707  2995  3283   103   127
   415   703   991  1279  1567  1855  2143  2431  2719  3007  3295   139
   427   715  1003  1291  1579  1867  2155  2443  2731  3019  3307   127
   151   439   727  1015  1303  1591  1879  2167  2455  2743  3031  3319
   163   451   739  1027  1315  1603  1891  2179  2467  2755  3043  3331
   151   175   463   751  1039  1327  1615  1903  2191  2479  2767  3055
  3343   187   475   763  1051  1339  1627  1915  2203  2491  2779  3067
  3355   175   199   487   775  1063  1351  1639  1927  2215  2503  2791
  3079  3367   211   499   787  1075  1363  1651  1939  2227  2515  2803
  3091  3379   199   223   511   799  1087  1375  1663  1951  2239  2527
  2815  3103  3391   235   523   811  1099  1387  1675  1963  2251  2539
  2827  3115  3403   223   247   535   823  1111  1399  1687  1975  2263
  2551  2839  3127  3415   259   547   835  1123  1411  1699  1987  2275
  2563  2851  3139  3427   247   271   559   847  1135  1423  1711  1999
  2287  2575  2863  3151  3439   283   571   859  1147  1435  1723  2011
  2299  2587  2875  3163  3451   271    19   307   595   883  1171  1459
  1747  2035  2323  2611  2899  3187     7   295   583   871  1159  1447
  1735  2023  2311  2599  2887  3175    19    43   331   619   907  1195
  1483  1771  2059  2347  2635  2923  3211    31   319   607   895  1183
  1471  1759  2047  2335  2623  2911  3199    43    67   355   643   931
  1219  1507  1795  2083  2371  2659  2947  3235    55   343   631   919
  1207  1495  1783  2071  2359  2647  2935  3223    67    91   379   667
   955  1243  1531  1819  2107  2395  2683  2971  3259    79   367   655
   943  1231  1519  1807  2095  2383  2671  2959  3247    91   115   403
   691   979  1267  1555  1843  2131  2419  2707  2995  3283   103   391
   679   967  1255  1543  1831  2119  2407  2695  2983  3271   115   139
   427   715  1003  1291  1579  1867  2155  2443  2731  3019  3307   127
   415   703   991  1279  1567  1855  2143  2431  2719  3007  3295   139
   163   451   739  1027  1315  1603  1891  2179  2467  2755  3043  3331
   151   439   727  1015  1303  1591  1879  2167  2455  2743  3031  3319
   163   187   475   763  1051  1339  1627  1915  2203  2491  2779  3067
  3355   175   463   751  1039  1327  1615  1903  2191  2479  2767  3055
  3343   187   211   499   787  1075  1363  1651  1939  2227  2515  2803
  3091  3379   199   487   775  1063  1351  1639  1927  2215  2503  2791
  3079  3367   211   235   523   811  1099  1387  1675  1963  2251  2539
  2827  3115  3403   223   511   799  1087  1375  1663  1951  2239  2527
  2815  3103  3391   235   259   547   835  1123  1411  1699  1987  2275
  2563  2851  3139  3427   247   535   823  1111  1399  1687  1975  2263
  2551  2839  3127  3415   259   283   571   859  1147  1435  1723  2011
  2299  2587  2875  3163  3451   271   559   847  1135  1423  1711  1999
  2287  2575  2863  3151  3439   283     7   295   583   871  1159  1447
  1735  2023  2311  2599  2887  3175    19   307   595   883  1171  1459
  1747  2035  2323  2611  2899  3187     7     8   296   584   872  1160
  1448  1736  2024  2312  2600  2888  3176    20   308   596   884  1172
  1460  1748  2036  2324  2612  2900  3188     8    32   320   608   896
  1184  1472  1760  2048  2336  2624  2912  3200    44   332   620   908
  1196  1484  1772  2060  2348  2636  2924  3212    32    56   344   632
   920  1208  1496  1784  2072  2360  2648  2936  3224    68   356   644
   932  1220  1508  1796  2084  2372  2660  2948  3236    56    80   368
   656   944  1232  1520  1808  2096  2384  2672  2960  3248    92   380
   668   956  1244  1532  1820  2108  2396  2684  2972  3260    80   104
   392   680   968  1256  1544  1832  2120  2408  2696  2984  3272   116
   404   692   980  1268  1556  1844  2132  2420  2708  2996  3284   104
   128   416   704   992  1280  1568  1856  2144  2432  2720  3008  3296
   140   428   716  1004  1292  1580  1868  2156  2444  2732  3020  3308
   128   152   440   728  1016  1304  1592  1880  2168  2456  2744  3032
  3320   164   452   740  1028  1316  1604  1892  2180  2468  2756  3044
  3332   152   176   464   752  1040  1328  1616  1904  2192  2480  2768
  3056  3344   188   476   764  1052  1340  1628  1916  2204  2492  2780
  3068  3356   176   200   488   776  1064  1352  1640  1928  2216  2504
  2792  3080  3368   212   500   788  1076  1364  1652  1940  2228  2516
  2804  3092  3380   200   224   512   800  1088  1376  1664  1952  2240
  2528  2816  3104  3392   236   524   812  1100  1388  1676  1964  2252
  2540  2828  3116  3404   224   248   536   824  1112  1400  1688  1976
  2264  2552  2840  3128  3416   260   548   836  1124  1412  1700  1988
  2276  2564  2852  3140  3428   248   272   560   848  1136  1424  1712
  2000  2288  2576  2864  3152  3440   284   572   860  1148  1436  1724
  2012  2300  2588  2876  3164  3452   272    20   308   596   884  1172
  1460  1748  2036  2324  2612  2900  3188     8   296   584   872  1160
  1448  1736  2024  2312  2600  2888  3176    20    44   332   620   908
  1196  1484  1772  2060  2348  2636  2924  3212    32   320   608   896
  1184  1472  1760  2048  2336  2624  2912  3200    44    68   356   644
   932  1220  1508  1796  2084  2372  2660  2948  3236    56   344   632
   920  1208  1496  1784  2072  2360  2648  2936  3224    68    92   380
   668   956  1244  1532  1820  2108  2396  2684  2972  3260    80   368
   656   944  1232  1520  1808  2096  2384  2672  2960  3248    92   116
   404   692   980  1268  1556  1844  2132  2420  2708  2996  3284   104
   392   680   968  1256  1544  1832  2120  2408  2696  2984  3272   116
   140   428   716  1004  1292  1580  1868  2156  2444  2732  3020  3308
   128   416   704   992  1280  1568  1856  2144  2432  2720  3008  3296
   140   164   452   740  1028  1316  1604  1892  2180  2468  2756  3044
  3332   152   440   728  1016  1304  1592  1880  2168  2456  2744  3032
  3320   164   188   476   764  1052  1340  1628  1916  2204  2492  2780
  3068  3356   176   464   752  1040  1328  1616  1904  2192  2480  2768
  3056  3344   188   212   500   788  1076  1364  1652  1940  2228  2516
  2804  3092  3380   200   488   776  1064  1352  1640  1928  2216  2504
  2792  3080  3368   212   236   524   812  1100  1388  1676  1964  2252
  2540  2828  3116  3404   224   512   800  1088  1376  1664  1952  2240
  2528  2816  3104  3392   236   260   548   836  1124  1412  1700  1988
  2276  2564  2852  3140  3428   248   536   824  1112  1400  1688  1976
  2264  2552  2840  3128  3416   260   284   572   860  1148  1436  1724
  2012  2300  2588  2876  3164  3452   272   560   848  1136  1424  1712
  2000  2288  2576  2864  3152  3440   284     8   296   584   872  1160
  1448  1736  2024  2312  2600  2888  3176    20   308   596   884  1172
  1460  1748  2036  2324  2612  2900  3188     8     9   297   585   873
  1161  1449  1737  2025  2313  2601  2889  3177    21   309   597   885
  1173  1461  1749  2037  2325  2613  2901  3189     9    33   321   609
   897  1185  1473  1761  2049  2337  2625  2913  3201    45   333   621
   909  1197  1485  1773  2061  2349  2637  2925  3213    33    57   345
   633   921  1209  1497  1785  2073  2361  2649  2937  3225    69   357
   645   933  1221  1509  1797  2085  2373  2661  2949  3237    57    81
   369   657   945  1233  1521  1809  2097  2385  2673  2961  3249    93
   381   669   957  1245  1533  1821  2109  2397  2685  2973  3261    81
   105   393   681   969  1257  1545  1833  2121  2409  2697  2985  3273
   117   405   693   981  1269  1557  1845  2133  2421  2709  2997  3285
   105   129   417   705   993  1281  1569  1857  2145  2433  2721  3009
  3297   141   429   717  1005  1293  1581  1869  2157  2445  2733  3021
  3309   129   153   441   729  1017  1305  1593  1881  2169  2457  2745
  3033  3321   165   453   741  1029  1317  1605  1893  2181  2469  2757
  3045  3333   153   177   465   753  1041  1329  1617  1905  2193  2481
  2769  3057  3345   189   477   765  1053  1341  1629  1917  2205  2493
  2781  3069  3357   177   201   489   777  1065  1353  1641  1929  2217
  2505  2793  3081  3369   213   501   789  1077  1365  1653  1941  2229
  2517  2805  3093  3381   201   225   513   801  1089  1377  1665  1953
  2241  2529  2817  3105  3393   237   525   813  1101  1389  1677  1965
  2253  2541  2829  3117  3405   225   249   537   825  1113  1401  1689
  1977  2265  2553  2841  3129  3417   261   549   837  1125  1413  1701
  1989  2277  2565  2853  3141  3429   249   273   561   849  1137  1425
  1713  2001  2289  2577  2865  3153  3441   285   573   861  1149  1437
  1725  2013  2301  2589  2877  3165  3453   273    21   309   597   885
  1173  1461  1749  2037  2325  2613  2901  3189     9   297   585   873
  1161  1449  1737  2025  2313  2601  2889  3177    21    45   333   621
   909  1197  1485  1773  2061  2349  2637  2925  3213    33   321   609
   897  1185  1473  1761  2049  2337  2625  2913  3201    45    69   357
   645   933  1221  1509  1797  2085  2373  2661  2949  3237    57   345
   633   921  1209  1497  1785  2073  2361  2649  2937  3225    69    93
   381   669   957  1245  1533  1821  2109  2397  2685  2973  3261    81
   369   657   945  1233  1521  1809  2097  2385  2673  2961  3249    93
   117   405   693   981  1269  1557  1845  2133  2421  2709  2997  3285
   105   393   681   969  1257  1545  1833  2121  2409  2697  2985  3273
   117   141   429   717  1005  1293  1581  1869  2157  2445  2733  3021
  3309   129   417   705   993  1281  1569  1857  2145  2433  2721  3009
  3297   141   165   453   741  1029  1317  1605  1893  2181  2469  2757
  3045  3333   153   441   729  1017  1305  1593  1881  2169  2457  2745
  3033  3321   165   189   477   765  1053  1341  1629  1917  2205  2493
  2781  3069  3357   177   465   753  1041  1329  1617  1905  2193  2481
  2769  3057  3345   189   213   501   789  1077  1365  1653  1941  2229
  2517  2805  3093  3381   201   489   777  1065  1353  1641  1929  2217
  2505  2793  3081  3369   213   237   525   813  1101  1389  1677  1965
  2253  2541  2829  3117  3405   225   513   801  1089  1377  1665  1953
  2241  2529  2817  3105  3393   237   261   549   837  1125  1413  1701
  1989  2277  2565  2853  3141  3429   249   537   825  1113  1401  1689
  1977  2265  2553  2841  3129  3417   261   285   573   861  1149  1437
  1725  2013  2301  2589  2877  3165  3453   273   561   849  1137  1425
  1713  2001  2289  2577  2865  3153  3441   285     9   297   585   873
  1161  1449  1737  2025  2313  2601  2889  3177    21   309   597   885
  1173  1461  1749  2037  2325  2613  2901  3189     9    10   298   586
   874  1162  1450  1738  2026  2314  2602  2890  3178    22   310   598
   886  1174  1462  1750  2038  2326  2614  2902  3190    10    34   322
   610   898  1186  1474  1762  2050  2338  2626  2914  3202    46   334
   622   910  1198  1486  1774  2062  2350  2638  2926  3214    34    58
   346   634   922  1210  1498  1786  2074  2362  2650  2938  3226    70
   358   646   934  1222  1510  1798  2086  2374  2662  2950  3238    58
    82   370   658   946  1234  1522  1810  2098  2386  2674  2962  3250
    94   382   670   958  1246  1534  1822  2110  2398  2686  2974  3262
    82   106   394   682   970  1258  1546  1834  2122  2410  2698  2986
  3274   118   406   694   982  1270  1558  1846  2134  2422  2710  2998
  3286   106   130   418   706   994  1282  1570  1858  2146  2434  2722
  3010  3298   142   430   718  1006  1294  1582  1870  2158  2446  2734
  3022  3310   130   154   442   730  1018  1306  1594  1882  2170  2458
  2746  3034  3322   166   454   742  1030  1318  1606  1894  2182  2470
  2758  3046  3334   154   178   466   754  1042  1330  1618  1906  2194
  2482  2770  3058  3346   190   478   766  1054  1342  1630  1918  2206
  2494  2782  3070  3358   178   202   490   778  1066  1354  1642  1930
  2218  2506  2794  3082  3370   214   502   790  1078  1366  1654  1942
  2230  2518  2806  3094  3382   202   226   514   802  1090  1378  1666
  1954  2242  2530  2818  3106  3394   238   526   814  1102  1390  1678
  1966  2254  2542  2830  3118  3406   226   250   538   826  1114  1402
  1690  1978  2266  2554  2842  3130  3418   262   550   838  1126  1414
  1702  1990  2278  2566  2854  3142  3430   250   274   562   850  1138
  1426  1714  2002  2290  2578  2866  3154  3442   286   574   862  1150
  1438  1726  2014  2302  2590  2878  3166  3454   274    22   310   598
   886  1174  1462  1750  2038  2326  2614  2902  3190    10   298   586
   874  1162  1450  1738  2026  2314  2602  2890  3178    22    46   334
   622   910  1198  1486  1774  2062  2350  2638  2926  3214    34   322
   610   898  1186  1474  1762  2050  2338  2626  2914  3202    46    70
   358   646   934  1222  1510  1798  2086  2374  2662  2950  3238    58
   346   634   922  1210  1498  1786  2074  2362  2650  2938  3226    70
    94   382   670   958  1246  1534  1822  2110  2398  2686  2974  3262
    82   370   658   946  1234  1522  1810  2098  2386  2674  2962  3250
    94   118   406   694   982  1270  1558  1846  2134  2422  2710  2998
  3286   106   394   682   970  1258  1546  1834  2122  2410  2698  2986
  3274   118   142   430   718  1006  1294  1582  1870  2158  2446  2734
  3022  3310   130   418   706   994  1282  1570  1858  2146  2434  2722
  3010  3298   142   166   454   742  1030  1318  1606  1894  2182  2470
  2758  3046  3334   154   442   730  1018  1306  1594  1882  2170  2458
  2746  3034  3322   166   190   478   766  1054  1342  1630  1918  2206
  2494  2782  3070  3358   178   466   754  1042  1330  1618  1906  2194
  2482  2770  3058  3346   190   214   502   790  1078  1366  1654  1942
  2230  2518  2806  3094  3382   202   490   778  1066  1354  1642  1930
  2218  2506  2794  3082  3370   214   238   526   814  1102  1390  1678
  1966  2254  2542  2830  3118  3406   226   514   802  1090  1378  1666
  1954  2242  2530  2818  3106  3394   238   262   550   838  1126  1414
  1702  1990  2278  2566  2854  3142  3430   250   538   826  1114  1402
  1690  1978  2266  2554  2842  3130  3418   262   286   574   862  1150
  1438  1726  2014  2302  2590  2878  3166  3454   274   562   850  1138
  1426  1714  2002  2290  2578  2866  3154  3442   286    10   298   586
   874  1162  1450  1738  2026  2314  2602  2890  3178    22   310   598
   886  1174  1462  1750  2038  2326  2614  2902  3190    10    11   299
   587   875  1163  1451  1739  2027  2315  2603  2891  3179    23   311
   599   887  1175  1463  1751  2039  2327  2615  2903  3191    11    35
   323   611   899  1187  1475  1763  2051  2339  2627  2915  3203    47
   335   623   911  1199  1487  1775  2063  2351  2639  2927  3215    35
    59   347   635   923  1211  1499  1787  2075  2363  2651  2939  3227
    71   359   647   935  1223  1511  1799  2087  2375  2663  2951  3239
    59    83   371   659   947  1235  1523  1811  2099  2387  2675  2963
  3251    95   383   671   959  1247  1535  1823  2111  2399  2687  2975
  3263    83   107   395   683   971  1259  1547  1835  2123  2411  2699
  2987  3275   119   407   695   983  1271  1559  1847  2135  2423  2711
  2999  3287   107   131   419   707   995  1283  1571  1859  2147  2435
  2723  3011  3299   143   431   719  1007  1295  1583  1871  2159  2447
  2735  3023  3311   131   155   443   731  1019  1307  1595  1883  2171
  2459  2747  3035  3323   167   455   743  1031  1319  1607  1895  2183
  2471  2759  3047  3335   155   179   467   755  1043  1331  1619  1907
  2195  2483  2771  3059  3347   191   479   767  1055  1343  1631  1919
  2207  2495  2783  3071  3359   179   203   491   779  1067  1355  1643
  1931  2219  2507  2795  3083  3371   215   503   791  1079  1367  1655
  1943  2231  2519  2807  3095  3383   203   227   515   803  1091  1379
  1667  1955  2243  2531  2819  3107  3395   239   527   815  1103  1391
  1679  1967  2255  2543  2831  3119  3407   227   251   539   827  1115
  1403  1691  1979  2267  2555  2843  3131  3419   263   551   839  1127
  1415  1703  1991  2279  2567  2855  3143  3431   251   275   563   851
  1139  1427  1715  2003  2291  2579  2867  3155  3443   287   575   863
  1151  1439  1727  2015  2303  2591  2879  3167  3455   275    23   311
   599   887  1175  1463  1751  2039  2327  2615  2903  3191    11   299
   587   875  1163  1451  1739  2027  2315  2603  2891  3179    23    47
   335   623   911  1199  1487  1775  2063  2351  2639  2927  3215    35
   323   611   899  1187  1475  1763  2051  2339  2627  2915  3203    47
    71   359   647   935  1223  1511  1799  2087  2375  2663  2951  3239
    59   347   635   923  1211  1499  1787  2075  2363  2651  2939  3227
    71    95   383   671   959  1247  1535  1823  2111  2399  2687  2975
  3263    83   371   659   947  1235  1523  1811  2099  2387  2675  2963
  3251    95   119   407   695   983  1271  1559  1847  2135  2423  2711
  2999  3287   107   395   683   971  1259  1547  1835  2123  2411  2699
  2987  3275   119   143   431   719  1007  1295  1583  1871  2159  2447
  2735  3023  3311   131   419   707   995  1283  1571  1859  2147  2435
  2723  3011  3299   143   167   455   743  1031  1319  1607  1895  2183
  2471  2759  3047  3335   155   443   731  1019  1307  1595  1883  2171
  2459  2747  3035  3323   167   191   479   767  1055  1343  1631  1919
  2207  2495  2783  3071  3359   179   467   755  1043  1331  1619  1907
  2195  2483  2771  3059  3347   191   215   503   791  1079  1367  1655
  1943  2231  2519  2807  3095  3383   203   491   779  1067  1355  1643
  1931  2219  2507  2795  3083  3371   215   239   527   815  1103  1391
  1679  1967  2255  2543  2831  3119  3407   227   515   803  1091  1379
  1667  1955  2243  2531  2819  3107  3395   239   263   551   839  1127
  1415  1703  1991  2279  2567  2855  3143  3431   251   539   827  1115
  1403  1691  1979  2267  2555  2843  3131  3419   263   287   575   863
  1151  1439  1727  2015  2303  2591  2879  3167  3455   275   563   851
  1139  1427  1715  2003  2291  2579  2867  3155  3443   287    11   299
   587   875  1163  1451  1739  2027  2315  2603  2891  3179    23   311
   599   887  1175  1463  1751  2039  2327  2615  2903  3191    11    12
   300   588   876  1164  1452  1740  2028  2316  2604  2892  3180    24
   312   600   888  1176  1464  1752  2040  2328  2616  2904  3192    12
    36   324   612   900  1188  1476  1764  2052  2340  2628  2916  3204
    48   336   624   912  1200  1488  1776  2064  2352  2640  2928  3216
    36    60   348   636   924  1212  1500  1788  2076  2364  2652  2940
  3228    72   360   648   936  1224  1512  1800  2088  2376  2664  2952
  3240    60    84   372   660   948  1236  1524  1812  2100  2388  2676
  2964  3252    96   384   672   960  1248  1536  1824  2112  2400  2688
  2976  3264    84   108   396   684   972  1260  1548  1836  2124  2412
  2700  2988  3276   120   408   696   984  1272  1560  1848  2136  2424
  2712  3000  3288   108   132   420   708   996  1284  1572  1860  2148
  2436  2724  3012  3300   144   432   720  1008  1296  1584  1872  2160
  2448  2736  3024  3312   132   156   444   732  1020  1308  1596  1884
  2172  2460  2748  3036  3324   168   456   744  1032  1320  1608  1896
  2184  2472  2760  3048  3336   156   180   468   756  1044  1332  1620
  1908  2196  2484  2772  3060  3348   192   480   768  1056  1344  1632
  1920  2208  2496  2784  3072  3360   180   204   492   780  1068  1356
  1644  1932  2220  2508  2796  3084  3372   216   504   792  1080  1368
  1656  1944  2232  2520  2808  3096  3384   204   228   516   804  1092
  1380  1668  1956  2244  2532  2820  3108  3396   240   528   816  1104
  1392  1680  1968  2256  2544  2832  3120  3408   228   252   540   828
  1116  1404  1692  1980  2268  2556  2844  3132  3420   264   552   840
  1128  1416  1704  1992  2280  2568  2856  3144  3432   252   276   564
   852  1140  1428  1716  2004  2292  2580  2868  3156  3444   288   576
   864  1152  1440  1728  2016  2304  2592  2880  3168  3456   276    24
   312   600   888  1176  1464  1752  2040  2328  2616  2904  3192    12
   300   588   876  1164  1452  1740  2028  2316  2604  2892  3180    24
    48   336   624   912  1200  1488  1776  2064  2352  2640  2928  3216
    36   324   612   900  1188  1476  1764  2052  2340  2628  2916  3204
    48    72   360   648   936  1224  1512  1800  2088  2376  2664  2952
  3240    60   348   636   924  1212  1500  1788  2076  2364  2652  2940
  3228    72    96   384   672   960  1248  1536  1824  2112  2400  2688
  2976  3264    84   372   660   948  1236  1524  1812  2100  2388  2676
  2964  3252    96   120   408   696   984  1272  1560  1848  2136  2424
  2712  3000  3288   108   396   684   972  1260  1548  1836  2124  2412
  2700  2988  3276   120   144   432   720  1008  1296  1584  1872  2160
  2448  2736  3024  3312   132   420   708   996  1284  1572  1860  2148
  2436  2724  3012  3300   144   168   456   744  1032  1320  1608  1896
  2184  2472  2760  3048  3336   156   444   732  1020  1308  1596  1884
  2172  2460  2748  3036  3324   168   192   480   768  1056  1344  1632
  1920  2208  2496  2784  3072  3360   180   468   756  1044  1332  1620
  1908  2196  2484  2772  3060  3348   192   216   504   792  1080  1368
  1656  1944  2232  2520  2808  3096  3384   204   492   780  1068  1356
  1644  1932  2220  2508  2796  3084  3372   216   240   528   816  1104
  1392  1680  1968  2256  2544  2832  3120  3408   228   516   804  1092
  1380  1668  1956  2244  2532  2820  3108  3396   240   264   552   840
  1128  1416  1704  1992  2280  2568  2856  3144  3432   252   540   828
  1116  1404  1692  1980  2268  2556  2844  3132  3420   264   288   576
   864  1152  1440  1728  2016  2304  2592  2880  3168  3456   276   564
   852  1140  1428  1716  2004  2292  2580  2868  3156  3444   288    12
   300   588   876  1164  1452  1740  2028  2316  2604  2892  3180    24
   312   600   888  1176  1464  1752  2040  2328  2616  2904  3192    12
    13   301   589   877  1165  1453  1741  2029  2317  2605  2893  3181
     1   289   577   865  1153  1441  1729  2017  2305  2593  2881  3169
    13    37   325   613   901  1189  1477  1765  2053  2341  2629  2917
  3205    25   313   601   889  1177  1465  1753  2041  2329  2617  2905
  3193    37    61   349   637   925  1213  1501  1789  2077  2365  2653
  2941  3229    49   337   625   913  1201  1489  1777  2065  2353  2641
  2929  3217    61    85   373   661   949  1237  1525  1813  2101  2389
  2677  2965  3253    73   361   649   937  1225  1513  1801  2089  2377
  2665  2953  3241    85   109   397   685   973  1261  1549  1837  2125
  2413  2701  2989  3277    97   385   673   961  1249  1537  1825  2113
  2401  2689  2977  3265   109   133   421   709   997  1285  1573  1861
  2149  2437  2725  3013  3301   121   409   697   985  1273  1561  1849
  2137  2425  2713  3001  3289   133   157   445   733  1021  1309  1597
  1885  2173  2461  2749  3037  3325   145   433   721  1009  1297  1585
  1873  2161  2449  2737  3025  3313   157   181   469   757  1045  1333
  1621  1909  2197  2485  2773  3061  3349   169   457   745  1033  1321
  1609  1897  2185  2473  2761  3049  3337   181   205   493   781  1069
  1357  1645  1933  2221  2509  2797  3085  3373   193   481   769  1057
  1345  1633  1921  2209  2497  2785  3073  3361   205   229   517   805
  1093  1381  1669  1957  2245  2533  2821  3109  3397   217   505   793
  1081  1369  1657  1945  2233  2521  2809  3097  3385   229   253   541
   829  1117  1405  1693  1981  2269  2557  2845  3133  3421   241   529
   817  1105  1393  1681  1969  2257  2545  2833  3121  3409   253   277
   565   853  1141  1429  1717  2005  2293  2581  2869  3157  3445   265
   553   841  1129  1417  1705  1993  2281  2569  2857  3145  3433   277
     1   289   577   865  1153  1441  1729  2017  2305  2593  2881  3169
    13   301   589   877  1165  1453  1741  2029  2317  2605  2893  3181
     1    25   313   601   889  1177  1465  1753  2041  2329  2617  2905
  3193    37   325   613   901  1189  1477  1765  2053  2341  2629  2917
  3205    25    49   337   625   913  1201  1489  1777  2065  2353  2641
  2929  3217    61   349   637   925  1213  1501  1789  2077  2365  2653
  2941  3229    49    73   361   649   937  1225  1513  1801  2089  2377
  2665  2953  3241    85   373   661   949  1237  1525  1813  2101  2389
  2677  2965  3253    73    97   385   673   961  1249  1537  1825  2113
  2401  2689  2977  3265   109   397   685   973  1261  1549  1837  2125
  2413  2701  2989  3277    97   121   409   697   985  1273  1561  1849
  2137  2425  2713  3001  3289   133   421   709   997  1285  1573  1861
  2149  2437  2725  3013  3301   121   145   433   721  1009  1297  1585
  1873  2161  2449  2737  3025  3313   157   445   733  1021  1309  1597
  1885  2173  2461  2749  3037  3325   145   169   457   745  1033  1321
  1609  1897  2185  2473  2761  3049  3337   181   469   757  1045  1333
  1621  1909  2197  2485  2773  3061  3349   169   193   481   769  1057
  1345  1633  1921  2209  2497  2785  3073  3361   205   493   781  1069
  1357  1645  1933  2221  2509  2797  3085  3373   193   217   505   793
  1081  1369  1657  1945  2233  2521  2809  3097  3385   229   517   805
  1093  1381  1669  1957  2245  2533  2821  3109  3397   217   241   529
   817  1105  1393  1681  1969  2257  2545  2833  3121  3409   253   541
   829  1117  1405  1693  1981  2269  2557  2845  3133  3421   241   265
   553   841  1129  1417  1705  1993  2281  2569  2857  3145  3433   277
   565   853  1141  1429  1717  2005  2293  2581  2869  3157  3445   265
    13   301   589   877  1165  1453  1741  2029  2317  2605  2893  3181
     1   289   577   865  1153  1441  1729  2017  2305  2593  2881  3169
    13    14   302   590   878  1166  1454  1742  2030  2318  2606  2894
  3182     2   290   578   866  1154  1442  1730  2018  2306  2594  2882
  3170    14    38   326   614   902  1190  1478  1766  2054  2342  2630
  2918  3206    26   314   602   890  1178  1466  1754  2042  2330  2618
  2906  3194    38    62   350   638   926  1214  1502  1790  2078  2366
  2654  2942  3230    50   338   626   914  1202  1490  1778  2066  2354
  2642  2930  3218    62    86   374   662   950  1238  1526  1814  2102
  2390  2678  2966  3254    74   362   650   938  1226  1514  1802  2090
  2378  2666  2954  3242    86   110   398   686   974  1262  1550  1838
  2126  2414  2702  2990  3278    98   386   674   962  1250  1538  1826
  2114  2402  2690  2978  3266   110   134   422   710   998  1286  1574
  1862  2150  2438  2726  3014  3302   122   410   698   986  1274  1562
  1850  2138  2426  2714  3002  3290   134   158   446   734  1022  1310
  1598  1886  2174  2462  2750  3038  3326   146   434   722  1010  1298
  1586  1874  2162  2450  2738  3026  3314   158   182   470   758  1046
  1334  1622  1910  2198  2486  2774  3062  3350   170   458   746  1034
  1322  1610  1898  2186  2474  2762  3050  3338   182   206   494   782
  1070  1358  1646  1934  2222  2510  2798  3086  3374   194   482   770
  1058  1346  1634  1922  2210  2498  2786  3074  3362   206   230   518
   806  1094  1382  1670  1958  2246  2534  2822  3110  3398   218   506
   794  1082  1370  1658  1946  2234  2522  2810  3098  3386   230   254
   542   830  1118  1406  1694  1982  2270  2558  2846  3134  3422   242
   530   818  1106  1394  1682  1970  2258  2546  2834  3122  3410   254
   278   566   854  1142  1430  1718  2006  2294  2582  2870  3158  3446
   266   554   842  1130  1418  1706  1994  2282  2570  2858  3146  3434
   278     2   290   578   866  1154  1442  1730  2018  2306  2594  2882
  3170    14   302   590   878  1166  1454  1742  2030  2318  2606  2894
  3182     2    26   314   602   890  1178  1466  1754  2042  2330  2618
  2906  3194    38   326   614   902  1190  1478  1766  2054  2342  2630
  2918  3206    26    50   338   626   914  1202  1490  1778  2066  2354
  2642  2930  3218    62   350   638   926  1214  1502  1790  2078  2366
  2654  2942  3230    50    74   362   650   938  1226  1514  1802  2090
  2378  2666  2954  3242    86   374   662   950  1238  1526  1814  2102
  2390  2678  2966  3254    74    98   386   674   962  1250  1538  1826
  2114  2402  2690  2978  3266   110   398   686   974  1262  1550  1838
  2126  2414  2702  2990  3278    98   122   410   698   986  1274  1562
  1850  2138  2426  2714  3002  3290   134   422   710   998  1286  1574
  1862  2150  2438  2726  3014  3302   122   146   434   722  1010  1298
  1586  1874  2162  2450  2738  3026  3314   158   446   734  1022  1310
  1598  1886  2174  2462  2750  3038  3326   146   170   458   746  1034
  1322  1610  1898  2186  2474  2762  3050  3338   182   470   758  1046
  1334  1622  1910  2198  2486  2774  3062  3350   170   194   482   770
  1058  1346  1634  1922  2210  2498  2786  3074  3362   206   494   782
  1070  1358  1646  1934  2222  2510  2798  3086  3374   194   218   506
   794  1082  1370  1658  1946  2234  2522  2810  3098  3386   230   518
   806  1094  1382  1670  1958  2246  2534  2822  3110  3398   218   242
   530   818  1106  1394  1682  1970  2258  2546  2834  3122  3410   254
   542   830  1118  1406  1694  1982  2270  2558  2846  3134  3422   242
   266   554   842  1130  1418  1706  1994  2282  2570  2858  3146  3434
   278   566   854  1142  1430  1718  2006  2294  2582  2870  3158  3446
   266    14   302   590   878  1166  1454  1742  2030  2318  2606  2894
  3182     2   290   578   866  1154  1442  1730  2018  2306  2594  2882
  3170    14    15   303   591   879  1167  1455  1743  2031  2319  2607
  2895  3183     3   291   579   867  1155  1443  1731  2019  2307  2595
  2883  3171    15    39   327   615   903  1191  1479  1767  2055  2343
  2631  2919  3207    27   315   603   891  1179  1467  1755  2043  2331
  2619  2907  3195    39    63   351   639   927  1215  1503  1791  2079
  2367  2655  2943  3231    51   339   627   915  1203  1491  1779  2067
  2355  2643  2931  3219    63    87   375   663   951  1239  1527  1815
  2103  2391  2679  2967  3255    75   363   651   939  1227  1515  1803
  2091  2379  2667  2955  3243    87   111   399   687   975  1263  1551
  1839  2127  2415  2703  2991  3279    99   387   675   963  1251  1539
  1827  2115  2403  2691  2979  3267   111   135   423   711   999  1287
  1575  1863  2151  2439  2727  3015  3303   123   411   699   987  1275
  1563  1851  2139  2427  2715  3003  3291   135   159   447   735  1023
  1311  1599  1887  2175  2463  2751  3039  3327   147   435   723  1011
  1299  1587  1875  2163  2451  2739  3027  3315   159   183   471   759
  1047  1335  1623  1911  2199  2487  2775  3063  3351   171   459   747
  1035  1323  1611  1899  2187  2475  2763  3051  3339   183   207   495
   783  1071  1359  1647  1935  2223  2511  2799  3087  3375   195   483
   771  1059  1347  1635  1923  2211  2499  2787  3075  3363   207   231
   519   807  1095  1383  1671  1959  2247  2535  2823  3111  3399   219
   507   795  1083  1371  1659  1947  2235  2523  2811  3099  3387   231
   255   543   831  1119  1407  1695  1983  2271  2559  2847  3135  3423
   243   531   819  1107  1395  1683  1971  2259  2547  2835  3123  3411
   255   279   567   855  1143  1431  1719  2007  2295  2583  2871  3159
  3447   267   555   843  1131  1419  1707  1995  2283  2571  2859  3147
  3435   279     3   291   579   867  1155  1443  1731  2019  2307  2595
  2883  3171    15   303   591   879  1167  1455  1743  2031  2319  2607
  2895  3183     3    27   315   603   891  1179  1467  1755  2043  2331
  2619  2907  3195    39   327   615   903  1191  1479  1767  2055  2343
  2631  2919  3207    27    51   339   627   915  1203  1491  1779  2067
  2355  2643  2931  3219    63   351   639   927  1215  1503  1791  2079
  2367  2655  2943  3231    51    75   363   651   939  1227  1515  1803
  2091  2379  2667  2955  3243    87   375   663   951  1239  1527  1815
  2103  2391  2679  2967  3255    75    99   387   675   963  1251  1539
  1827  2115  2403  2691  2979  3267   111   399   687   975  1263  1551
  1839  2127  2415  2703  2991  3279    99   123   411   699   987  1275
  1563  1851  2139  2427  2715  3003  3291   135   423   711   999  1287
  1575  1863  2151  2439  2727  3015  3303   123   147   435   723  1011
  1299  1587  1875  2163  2451  2739  3027  3315   159   447   735  1023
  1311  1599  1887  2175  2463  2751  3039  3327   147   171   459   747
  1035  1323  1611  1899  2187  2475  2763  3051  3339   183   471   759
  1047  1335  1623  1911  2199  2487  2775  3063  3351   171   195   483
   771  1059  1347  1635  1923  2211  2499  2787  3075  3363   207   495
   783  1071  1359  1647  1935  2223  2511  2799  3087  3375   195   219
   507   795  1083  1371  1659  1947  2235  2523  2811  3099  3387   231
   519   807  1095  1383  1671  1959  2247  2535  2823  3111  3399   219
   243   531   819  1107  1395  1683  1971  2259  2547  2835  3123  3411
   255   543   831  1119  1407  1695  1983  2271  2559  2847  3135  3423
   243   267   555   843  1131  1419  1707  1995  2283  2571  2859  3147
  3435   279   567   855  1143  1431  1719  2007  2295  2583  2871  3159
  3447   267    15   303   591   879  1167  1455  1743  2031  2319  2607
  2895  3183     3   291   579   867  1155  1443  1731  2019  2307  2595
  2883  3171    15    16   304   592   880  1168  1456  1744  2032  2320
  2608  2896  3184     4   292   580   868  1156  1444  1732  2020  2308
  2596  2884  3172    16    40   328   616   904  1192  1480  1768  2056
  2344  2632  2920  3208    28   316   604   892  1180  1468  1756  2044
  2332  2620  2908  3196    40    64   352   640   928  1216  1504  1792
  2080  2368  2656  2944  3232    52   340   628   916  1204  1492  1780
  2068  2356  2644  2932  3220    64    88   376   664   952  1240  1528
  1816  2104  2392  2680  2968  3256    76   364   652   940  1228  1516
  1804  2092  2380  2668  2956  3244    88   112   400   688   976  1264
  1552  1840  2128  2416  2704  2992  3280   100   388   676   964  1252
  1540  1828  2116  2404  2692  2980  3268   112   136   424   712  1000
  1288  1576  1864  2152  2440  2728  3016  3304   124   412   700   988
  1276  1564  1852  2140  2428  2716  3004  3292   136   160   448   736
  1024  1312  1600  1888  2176  2464  2752  3040  3328   148   436   724
  1012  1300  1588  1876  2164  2452  2740  3028  3316   160   184   472
   760  1048  1336  1624  1912  2200  2488  2776  3064  3352   172   460
   748  1036  1324  1612  1900  2188  2476  2764  3052  3340   184   208
   496   784  1072  1360  1648  1936  2224  2512  2800  3088  3376   196
   484   772  1060  1348  1636  1924  2212  2500  2788  3076  3364   208
   232   520   808  1096  1384  1672  1960  2248  2536  2824  3112  3400
   220   508   796  1084  1372  1660  1948  2236  2524  2812  3100  3388
   232   256   544   832  1120  1408  1696  1984  2272  2560  2848  3136
  3424   244   532   820  1108  1396  1684  1972  2260  2548  2836  3124
  3412   256   280   568   856  1144  1432  1720  2008  2296  2584  2872
  3160  3448   268   556   844  1132  1420  1708  1996  2284  2572  2860
  3148  3436   280     4   292   580   868  1156  1444  1732  2020  2308
  2596  2884  3172    16   304   592   880  1168  1456  1744  2032  2320
  2608  2896  3184     4    28   316   604   892  1180  1468  1756  2044
  2332  2620  2908  3196    40   328   616   904  1192  1480  1768  2056
  2344  2632  2920  3208    28    52   340   628   916  1204  1492  1780
  2068  2356  2644  2932  3220    64   352   640   928  1216  1504  1792
  2080  2368  2656  2944  3232    52    76   364   652   940  1228  1516
  1804  2092  2380  2668  2956  3244    88   376   664   952  1240  1528
  1816  2104  2392  2680  2968  3256    76   100   388   676   964  1252
  1540  1828  2116  2404  2692  2980  3268   112   400   688   976  1264
  1552  1840  2128  2416  2704  2992  3280   100   124   412   700   988
  1276  1564  1852  2140  2428  2716  3004  3292   136   424   712  1000
  1288  1576  1864  2152  2440  2728  3016  3304   124   148   436   724
  1012  1300  1588  1876  2164  2452  2740  3028  3316   160   448   736
  1024  1312  1600  1888  2176  2464  2752  3040  3328   148   172   460
   748  1036  1324  1612  1900  2188  2476  2764  3052  3340   184   472
   760  1048  1336  1624  1912  2200  2488  2776  3064  3352   172   196
   484   772  1060  1348  1636  1924  2212  2500  2788  3076  3364   208
   496   784  1072  1360  1648  1936  2224  2512  2800  3088  3376   196
   220   508   796  1084  1372  1660  1948  2236  2524  2812  3100  3388
   232   520   808  1096  1384  1672  1960  2248  2536  2824  3112  3400
   220   244   532   820  1108  1396  1684  1972  2260  2548  2836  3124
  3412   256   544   832  1120  1408  1696  1984  2272  2560  2848  3136
  3424   244   268   556   844  1132  1420  1708  1996  2284  2572  2860
  3148  3436   280   568   856  1144  1432  1720  2008  2296  2584  2872
  3160  3448   268    16   304   592   880  1168  1456  1744  2032  2320
  2608  2896  3184     4   292   580   868  1156  1444  1732  2020  2308
  2596  2884  3172    16    17   305   593   881  1169  1457  1745  2033
  2321  2609  2897  3185     5   293   581   869  1157  1445  1733  2021
  2309  2597  2885  3173    17    41   329   617   905  1193  1481  1769
  2057  2345  2633  2921  3209    29   317   605   893  1181  1469  1757
  2045  2333  2621  2909  3197    41    65   353   641   929  1217  1505
  1793  2081  2369  2657  2945  3233    53   341   629   917  1205  1493
  1781  2069  2357  2645  2933  3221    65    89   377   665   953  1241
  1529  1817  2105  2393  2681  2969  3257    77   365   653   941  1229
  1517  1805  2093  2381  2669  2957  3245    89   113   401   689   977
  1265  1553  1841  2129  2417  2705  2993  3281   101   389   677   965
  1253  1541  1829  2117  2405  2693  2981  3269   113   137   425   713
  1001  1289  1577  1865  2153  2441  2729  3017  3305   125   413   701
   989  1277  1565  1853  2141  2429  2717  3005  3293   137   161   449
   737  1025  1313  1601  1889  2177  2465  2753  3041  3329   149   437
   725  1013  1301  1589  1877  2165  2453  2741  3029  3317   161   185
   473   761  1049  1337  1625  1913  2201  2489  2777  3065  3353   173
   461   749  1037  1325  1613  1901  2189  2477  2765  3053  3341   185
   209   497   785  1073  1361  1649  1937  2225  2513  2801  3089  3377
   197   485   773  1061  1349  1637  1925  2213  2501  2789  3077  3365
   209   233   521   809  1097  1385  1673  1961  2249  2537  2825  3113
  3401   221   509   797  1085  1373  1661  1949  2237  2525  2813  3101
  3389   233   257   545   833  1121  1409  1697  1985  2273  2561  2849
  3137  3425   245   533   821  1109  1397  1685  1973  2261  2549  2837
  3125  3413   257   281   569   857  1145  1433  1721  2009  2297  2585
  2873  3161  3449   269   557   845  1133  1421  1709  1997  2285  2573
  2861  3149  3437   281     5   293   581   869  1157  1445  1733  2021
  2309  2597  2885  3173    17   305   593   881  1169  1457  1745  2033
  2321  2609  2897  3185     5    29   317   605   893  1181  1469  1757
  2045  2333  2621  2909  3197    41   329   617   905  1193  1481  1769
  2057  2345  2633  2921  3209    29    53   341   629   917  1205  1493
  1781  2069  2357  2645  2933  3221    65   353   641   929  1217  1505
  1793  2081  2369  2657  2945  3233    53    77   365   653   941  1229
  1517  1805  2093  2381  2669  2957  3245    89   377   665   953  1241
  1529  1817  2105  2393  2681  2969  3257    77   101   389   677   965
  1253  1541  1829  2117  2405  2693  2981  3269   113   401   689   977
  1265  1553  1841  2129  2417  2705  2993  3281   101   125   413   701
   989  1277  1565  1853  2141  2429  2717  3005  3293   137   425   713
  1001  1289  1577  1865  2153  2441  2729  3017  3305   125   149   437
   725  1013  1301  1589  1877  2165  2453  2741  3029  3317   161   449
   737  1025  1313  1601  1889  2177  2465  2753  3041  3329   149   173
   461   749  1037  1325  1613  1901  2189  2477  2765  3053  3341   185
   473   761  1049  1337  1625  1913  2201  2489  2777  3065  3353   173
   197   485   773  1061  1349  1637  1925  2213  2501  2789  3077  3365
   209   497   785  1073  1361  1649  1937  2225  2513  2801  3089  3377
   197   221   509   797  1085  1373  1661  1949  2237  2525  2813  3101
  3389   233   521   809  1097  1385  1673  1961  2249  2537  2825  3113
  3401   221   245   533   821  1109  1397  1685  1973  2261  2549  2837
  3125  3413   257   545   833  1121  1409  1697  1985  2273  2561  2849
  3137  3425   245   269   557   845  1133  1421  1709  1997  2285  2573
  2861  3149  3437   281   569   857  1145  1433  1721  2009  2297  2585
  2873  3161  3449   269    17   305   593   881  1169  1457  1745  2033
  2321  2609  2897  3185     5   293   581   869  1157  1445  1733  2021
  2309  2597  2885  3173    17    18   306   594   882  1170  1458  1746
  2034  2322  2610  2898  3186     6   294   582   870  1158  1446  1734
  2022  2310  2598  2886  3174    18    42   330   618   906  1194  1482
  1770  2058  2346  2634  2922  3210    30   318   606   894  1182  1470
  1758  2046  2334  2622  2910  3198    42    66   354   642   930  1218
  1506  1794  2082  2370  2658  2946  3234    54   342   630   918  1206
  1494  1782  2070  2358  2646  2934  3222    66    90   378   666   954
  1242  1530  1818  2106  2394  2682  2970  3258    78   366   654   942
  1230  1518  1806  2094  2382  2670  2958  3246    90   114   402   690
   978  1266  1554  1842  2130  2418  2706  2994  3282   102   390   678
   966  1254  1542  1830  2118  2406  2694  2982  3270   114   138   426
   714  1002  1290  1578  1866  2154  2442  2730  3018  3306   126   414
   702   990  1278  1566  1854  2142  2430  2718  3006  3294   138   162
   450   738  1026  1314  1602  1890  2178  2466  2754  3042  3330   150
   438   726  1014  1302  1590  1878  2166  2454  2742  3030  3318   162
   186   474   762  1050  1338  1626  1914  2202  2490  2778  3066  3354
   174   462   750  1038  1326  1614  1902  2190  2478  2766  3054  3342
   186   210   498   786  1074  1362  1650  1938  2226  2514  2802  3090
  3378   198   486   774  1062  1350  1638  1926  2214  2502  2790  3078
  3366   210   234   522   810  1098  1386  1674  1962  2250  2538  2826
  3114  3402   222   510   798  1086  1374  1662  1950  2238  2526  2814
  3102  3390   234   258   546   834  1122  1410  1698  1986  2274  2562
  2850  3138  3426   246   534   822  1110  1398  1686  1974  2262  2550
  2838  3126  3414   258   282   570   858  1146  1434  1722  2010  2298
  2586  2874  3162  3450   270   558   846  1134  1422  1710  1998  2286
  2574  2862  3150  3438   282     6   294   582   870  1158  1446  1734
  2022  2310  2598  2886  3174    18   306   594   882  1170  1458  1746
  2034  2322  2610  2898  3186     6    30   318   606   894  1182  1470
  1758  2046  2334  2622  2910  3198    42   330   618   906  1194  1482
  1770  2058  2346  2634  2922  3210    30    54   342   630   918  1206
  1494  1782  2070  2358  2646  2934  3222    66   354   642   930  1218
  1506  1794  2082  2370  2658  2946  3234    54    78   366   654   942
  1230  1518  1806  2094  2382  2670  2958  3246    90   378   666   954
  1242  1530  1818  2106  2394  2682  2970  3258    78   102   390   678
   966  1254  1542  1830  2118  2406  2694  2982  3270   114   402   690
   978  1266  1554  1842  2130  2418  2706  2994  3282   102   126   414
   702   990  1278  1566  1854  2142  2430  2718  3006  3294   138   426
   714  1002  1290  1578  1866  2154  2442  2730  3018  3306   126   150
   438   726  1014  1302  1590  1878  2166  2454  2742  3030  3318   162
   450   738  1026  1314  1602  1890  2178  2466  2754  3042  3330   150
   174   462   750  1038  1326  1614  1902  2190  2478  2766  3054  3342
   186   474   762  1050  1338  1626  1914  2202  2490  2778  3066  3354
   174   198   486   774  1062  1350  1638  1926  2214  2502  2790  3078
  3366   210   498   786  1074  1362  1650  1938  2226  2514  2802  3090
  3378   198   222   510   798  1086  1374  1662  1950  2238  2526  2814
  3102  3390   234   522   810  1098  1386  1674  1962  2250  2538  2826
  3114  3402   222   246   534   822  1110  1398  1686  1974  2262  2550
  2838  3126  3414   258   546   834  1122  1410  1698  1986  2274  2562
  2850  3138  3426   246   270   558   846  1134  1422  1710  1998  2286
  2574  2862  3150  3438   282   570   858  1146  1434  1722  2010  2298
  2586  2874  3162  3450   270    18   306   594   882  1170  1458  1746
  2034  2322  2610  2898  3186     6   294   582   870  1158  1446  1734
  2022  2310  2598  2886  3174    18    19   307   595   883  1171  1459
  1747  2035  2323  2611  2899  3187     7   295   583   871  1159  1447
  1735  2023  2311  2599  2887  3175    19    43   331   619   907  1195
  1483  1771  2059  2347  2635  2923  3211    31   319   607   895  1183
  1471  1759  2047  2335  2623  2911  3199    43    67   355   643   931
  1219  1507  1795  2083  2371  2659  2947  3235    55   343   631   919
  1207  1495  1783  2071  2359  2647  2935  3223    67    91   379   667
   955  1243  1531  1819  2107  2395  2683  2971  3259    79   367   655
   943  1231  1519  1807  2095  2383  2671  2959  3247    91   115   403
   691   979  1267  1555  1843  2131  2419  2707  2995  3283   103   391
   679   967  1255  1543  1831  2119  2407  2695  2983  3271   115   139
   427   715  1003  1291  1579  1867  2155  2443  2731  3019  3307   127
   415   703   991  1279  1567  1855  2143  2431  2719  3007  3295   139
   163   451   739  1027  1315  1603  1891  2179  2467  2755  3043  3331
   151   439   727  1015  1303  1591  1879  2167  2455  2743  3031  3319
   163   187   475   763  1051  1339  1627  1915  2203  2491  2779  3067
  3355   175   463   751  1039  1327  1615  1903  2191  2479  2767  3055
  3343   187   211   499   787  1075  1363  1651  1939  2227  2515  2803
  3091  3379   199   487   775  1063  1351  1639  1927  2215  2503  2791
  3079  3367   211   235   523   811  1099  1387  1675  1963  2251  2539
  2827  3115  3403   223   511   799  1087  1375  1663  1951  2239  2527
  2815  3103  3391   235   259   547   835  1123  1411  1699  1987  2275
  2563  2851  3139  3427   247   535   823  1111  1399  1687  1975  2263
  2551  2839  3127  3415   259   283   571   859  1147  1435  1723  2011
  2299  2587  2875  3163  3451   271   559   847  1135  1423  1711  1999
  2287  2575  2863  3151  3439   283     7   295   583   871  1159  1447
  1735  2023  2311  2599  2887  3175    19   307   595   883  1171  1459
  1747  2035  2323  2611  2899  3187     7    31   319   607   895  1183
  1471  1759  2047  2335  2623  2911  3199    43   331   619   907  1195
  1483  1771  2059  2347  2635  2923  3211    31    55   343   631   919
  1207  1495  1783  2071  2359  2647  2935  3223    67   355   643   931
  1219  1507  1795  2083  2371  2659  2947  3235    55    79   367   655
   943  1231  1519  1807  2095  2383  2671  2959  3247    91   379   667
   955  1243  1531  1819  2107  2395  2683  2971  3259    79   103   391
   679   967  1255  1543  1831  2119  2407  2695  2983  3271   115   403
   691   979  1267  1555  1843  2131  2419  2707  2995  3283   103   127
   415   703   991  1279  1567  1855  2143  2431  2719  3007  3295   139
   427   715  1003  1291  1579  1867  2155  2443  2731  3019  3307   127
   151   439   727  1015  1303  1591  1879  2167  2455  2743  3031  3319
   163   451   739  1027  1315  1603  1891  2179  2467  2755  3043  3331
   151   175   463   751  1039  1327  1615  1903  2191  2479  2767  3055
  3343   187   475   763  1051  1339  1627  1915  2203  2491  2779  3067
  3355   175   199   487   775  1063  1351  1639  1927  2215  2503  2791
  3079  3367   211   499   787  1075  1363  1651  1939  2227  2515  2803
  3091  3379   199   223   511   799  1087  1375  1663  1951  2239  2527
  2815  3103  3391   235   523   811  1099  1387  1675  1963  2251  2539
  2827  3115  3403   223   247   535   823  1111  1399  1687  1975  2263
  2551  2839  3127  3415   259   547   835  1123  1411  1699  1987  2275
  2563  2851  3139  3427   247   271   559   847  1135  1423  1711  1999
  2287  2575  2863  3151  3439   283   571   859  1147  1435  1723  2011
  2299  2587  2875  3163  3451   271    19   307   595   883  1171  1459
  1747  2035  2323  2611  2899  3187     7   295   583   871  1159  1447
  1735  2023  2311  2599  2887  3175    19    20   308   596   884  1172
  1460  1748  2036  2324  2612  2900  3188     8   296   584   872  1160
  1448  1736  2024  2312  2600  2888  3176    20    44   332   620   908
  1196  1484  1772  2060  2348  2636  2924  3212    32   320   608   896
  1184  1472  1760  2048  2336  2624  2912  3200    44    68   356   644
   932  1220  1508  1796  2084  2372  2660  2948  3236    56   344   632
   920  1208  1496  1784  2072  2360  2648  2936  3224    68    92   380
   668   956  1244  1532  1820  2108  2396  2684  2972  3260    80   368
   656   944  1232  1520  1808  2096  2384  2672  2960  3248    92   116
   404   692   980  1268  1556  1844  2132  2420  2708  2996  3284   104
   392   680   968  1256  1544  1832  2120  2408  2696  2984  3272   116
   140   428   716  1004  1292  1580  1868  2156  2444  2732  3020  3308
   128   416   704   992  1280  1568  1856  2144  2432  2720  3008  3296
   140   164   452   740  1028  1316  1604  1892  2180  2468  2756  3044
  3332   152   440   728  1016  1304  1592  1880  2168  2456  2744  3032
  3320   164   188   476   764  1052  1340  1628  1916  2204  2492  2780
  3068  3356   176   464   752  1040  1328  1616  1904  2192  2480  2768
  3056  3344   188   212   500   788  1076  1364  1652  1940  2228  2516
  2804  3092  3380   200   488   776  1064  1352  1640  1928  2216  2504
  2792  3080  3368   212   236   524   812  1100  1388  1676  1964  2252
  2540  2828  3116  3404   224   512   800  1088  1376  1664  1952  2240
  2528  2816  3104  3392   236   260   548   836  1124  1412  1700  1988
  2276  2564  2852  3140  3428   248   536   824  1112  1400  1688  1976
  2264  2552  2840  3128  3416   260   284   572   860  1148  1436  1724
  2012  2300  2588  2876  3164  3452   272   560   848  1136  1424  1712
  2000  2288  2576  2864  3152  3440   284     8   296   584   872  1160
  1448  1736  2024  2312  2600  2888  3176    20   308   596   884  1172
  1460  1748  2036  2324  2612  2900  3188     8    32   320   608   896
  1184  1472  1760  2048  2336  2624  2912  3200    44   332   620   908
  1196  1484  1772  2060  2348  2636  2924  3212    32    56   344   632
   920  1208  1496  1784  2072  2360  2648  2936  3224    68   356   644
   932  1220  1508  1796  2084  2372  2660  2948  3236    56    80   368
   656   944  1232  1520  1808  2096  2384  2672  2960  3248    92   380
   668   956  1244  1532  1820  2108  2396  2684  2972  3260    80   104
   392   680   968  1256  1544  1832  2120  2408  2696  2984  3272   116
   404   692   980  1268  1556  1844  2132  2420  2708  2996  3284   104
   128   416   704   992  1280  1568  1856  2144  2432  2720  3008  3296
   140   428   716  1004  1292  1580  1868  2156  2444  2732  3020  3308
   128   152   440   728  1016  1304  1592  1880  2168  2456  2744  3032
  3320   164   452   740  1028  1316  1604  1892  2180  2468  2756  3044
  3332   152   176   464   752  1040  1328  1616  1904  2192  2480  2768
  3056  3344   188   476   764  1052  1340  1628  1916  2204  2492  2780
  3068  3356   176   200   488   776  1064  1352  1640  1928  2216  2504
  2792  3080  3368   212   500   788  1076  1364  1652  1940  2228  2516
  2804  3092  3380   200   224   512   800  1088  1376  1664  1952  2240
  2528  2816  3104  3392   236   524   812  1100  1388  1676  1964  2252
  2540  2828  3116  3404   224   248   536   824  1112  1400  1688  1976
  2264  2552  2840  3128  3416   260   548   836  1124  1412  1700  1988
  2276  2564  2852  3140  3428   248   272   560   848  1136  1424  1712
  2000  2288  2576  2864  3152  3440   284   572   860  1148  1436  1724
  2012  2300  2588  2876  3164  3452   272    20   308   596   884  1172
  1460  1748  2036  2324  2612  2900  3188     8   296   584   872  1160
  1448  1736  2024  2312  2600  2888  3176    20    21   309   597   885
  1173  1461  1749  2037  2325  2613  2901  3189     9   297   585   873
  1161  1449  1737  2025  2313  2601  2889  3177    21    45   333   621
   909  1197  1485  1773  2061  2349  2637  2925  3213    33   321   609
   897  1185  1473  1761  2049  2337  2625  2913  3201    45    69   357
   645   933  1221  1509  1797  2085  2373  2661  2949  3237    57   345
   633   921  1209  1497  1785  2073  2361  2649  2937  3225    69    93
   381   669   957  1245  1533  1821  2109  2397  2685  2973  3261    81
   369   657   945  1233  1521  1809  2097  2385  2673  2961  3249    93
   117   405   693   981  1269  1557  1845  2133  2421  2709  2997  3285
   105   393   681   969  1257  1545  1833  2121  2409  2697  2985  3273
   117   141   429   717  1005  1293  1581  1869  2157  2445  2733  3021
  3309   129   417   705   993  1281  1569  1857  2145  2433  2721  3009
  3297   141   165   453   741  1029  1317  1605  1893  2181  2469  2757
  3045  3333   153   441   729  1017  1305  1593  1881  2169  2457  2745
  3033  3321   165   189   477   765  1053  1341  1629  1917  2205  2493
  2781  3069  3357   177   465   753  1041  1329  1617  1905  2193  2481
  2769  3057  3345   189   213   501   789  1077  1365  1653  1941  2229
  2517  2805  3093  3381   201   489   777  1065  1353  1641  1929  2217
  2505  2793  3081  3369   213   237   525   813  1101  1389  1677  1965
  2253  2541  2829  3117  3405   225   513   801  1089  1377  1665  1953
  2241  2529  2817  3105  3393   237   261   549   837  1125  1413  1701
  1989  2277  2565  2853  3141  3429   249   537   825  1113  1401  1689
  1977  2265  2553  2841  3129  3417   261   285   573   861  1149  1437
  1725  2013  2301  2589  2877  3165  3453   273   561   849  1137  1425
  1713  2001  2289  2577  2865  3153  3441   285     9   297   585   873
  1161  1449  1737  2025  2313  2601  2889  3177    21   309   597   885
  1173  1461  1749  2037  2325  2613  2901  3189     9    33   321   609
   897  1185  1473  1761  2049  2337  2625  2913  3201    45   333   621
   909  1197  1485  1773  2061  2349  2637  2925  3213    33    57   345
   633   921  1209  1497  1785  2073  2361  2649  2937  3225    69   357
   645   933  1221  1509  1797  2085  2373  2661  2949  3237    57    81
   369   657   945  1233  1521  1809  2097  2385  2673  2961  3249    93
   381   669   957  1245  1533  1821  2109  2397  2685  2973  3261    81
   105   393   681   969  1257  1545  1833  2121  2409  2697  2985  3273
   117   405   693   981  1269  1557  1845  2133  2421  2709  2997  3285
   105   129   417   705   993  1281  1569  1857  2145  2433  2721  3009
  3297   141   429   717  1005  1293  1581  1869  2157  2445  2733  3021
  3309   129   153   441   729  1017  1305  1593  1881  2169  2457  2745
  3033  3321   165   453   741  1029  1317  1605  1893  2181  2469  2757
  3045  3333   153   177   465   753  1041  1329  1617  1905  2193  2481
  2769  3057  3345   189   477   765  1053  1341  1629  1917  2205  2493
  2781  3069  3357   177   201   489   777  1065  1353  1641  1929  2217
  2505  2793  3081  3369   213   501   789  1077  1365  1653  1941  2229
  2517  2805  3093  3381   201   225   513   801  1089  1377  1665  1953
  2241  2529  2817  3105  3393   237   525   813  1101  1389  1677  1965
  2253  2541  2829  3117  3405   225   249   537   825  1113  1401  1689
  1977  2265  2553  2841  3129  3417   261   549   837  1125  1413  1701
  1989  2277  2565  2853  3141  3429   249   273   561   849  1137  1425
  1713  2001  2289  2577  2865  3153  3441   285   573   861  1149  1437
  1725  2013  2301  2589  2877  3165  3453   273    21   309   597   885
  1173  1461  1749  2037  2325  2613  2901  3189     9   297   585   873
  1161  1449  1737  2025  2313  2601  2889  3177    21    22   310   598
   886  1174  1462  1750  2038  2326  2614  2902  3190    10   298   586
   874  1162  1450  1738  2026  2314  2602  2890  3178    22    46   334
   622   910  1198  1486  1774  2062  2350  2638  2926  3214    34   322
   610   898  1186  1474  1762  2050  2338  2626  2914  3202    46    70
   358   646   934  1222  1510  1798  2086  2374  2662  2950  3238    58
   346   634   922  1210  1498  1786  2074  2362  2650  2938  3226    70
    94   382   670   958  1246  1534  1822  2110  2398  2686  2974  3262
    82   370   658   946  1234  1522  1810  2098  2386  2674  2962  3250
    94   118   406   694   982  1270  1558  1846  2134  2422  2710  2998
  3286   106   394   682   970  1258  1546  1834  2122  2410  2698  2986
  3274   118   142   430   718  1006  1294  1582  1870  2158  2446  2734
  3022  3310   130   418   706   994  1282  1570  1858  2146  2434  2722
  3010  3298   142   166   454   742  1030  1318  1606  1894  2182  2470
  2758  3046  3334   154   442   730  1018  1306  1594  1882  2170  2458
  2746  3034  3322   166   190   478   766  1054  1342  1630  1918  2206
  2494  2782  3070  3358   178   466   754  1042  1330  1618  1906  2194
  2482  2770  3058  3346   190   214   502   790  1078  1366  1654  1942
  2230  2518  2806  3094  3382   202   490   778  1066  1354  1642  1930
  2218  2506  2794  3082  3370   214   238   526   814  1102  1390  1678
  1966  2254  2542  2830  3118  3406   226   514   802  1090  1378  1666
  1954  2242  2530  2818  3106  3394   238   262   550   838  1126  1414
  1702  1990  2278  2566  2854  3142  3430   250   538   826  1114  1402
  1690  1978  2266  2554  2842  3130  3418   262   286   574   862  1150
  1438  1726  2014  2302  2590  2878  3166  3454   274   562   850  1138
  1426  1714  2002  2290  2578  2866  3154  3442   286    10   298   586
   874  1162  1450  1738  2026  2314  2602  2890  3178    22   310   598
   886  1174  1462  1750  2038  2326  2614  2902  3190    10    34   322
   610   898  1186  1474  1762  2050  2338  2626  2914  3202    46   334
   622   910  1198  1486  1774  2062  2350  2638  2926  3214    34    58
   346   634   922  1210  1498  1786  2074  2362  2650  2938  3226    70
   358   646   934  1222  1510  1798  2086  2374  2662  2950  3238    58
    82   370   658   946  1234  1522  1810  2098  2386  2674  2962  3250
    94   382   670   958  1246  1534  1822  2110  2398  2686  2974  3262
    82   106   394   682   970  1258  1546  1834  2122  2410  2698  2986
  3274   118   406   694   982  1270  1558  1846  2134  2422  2710  2998
  3286   106   130   418   706   994  1282  1570  1858  2146  2434  2722
  3010  3298   142   430   718  1006  1294  1582  1870  2158  2446  2734
  3022  3310   130   154   442   730  1018  1306  1594  1882  2170  2458
  2746  3034  3322   166   454   742  1030  1318  1606  1894  2182  2470
  2758  3046  3334   154   178   466   754  1042  1330  1618  1906  2194
  2482  2770  3058  3346   190   478   766  1054  1342  1630  1918  2206
  2494  2782  3070  3358   178   202   490   778  1066  1354  1642  1930
  2218  2506  2794  3082  3370   214   502   790  1078  1366  1654  1942
  2230  2518  2806  3094  3382   202   226   514   802  1090  1378  1666
  1954  2242  2530  2818  3106  3394   238   526   814  1102  1390  1678
  1966  2254  2542  2830  3118  3406   226   250   538   826  1114  1402
  1690  1978  2266  2554  2842  3130  3418   262   550   838  1126  1414
  1702  1990  2278  2566  2854  3142  3430   250   274   562   850  1138
  1426  1714  2002  2290  2578  2866  3154  3442   286   574   862  1150
  1438  1726  2014  2302  2590  2878  3166  3454   274    22   310   598
   886  1174  1462  1750  2038  2326  2614  2902  3190    10   298   586
   874  1162  1450  1738  2026  2314  2602  2890  3178    22    23   311
   599   887  1175  1463  1751  2039  2327  2615  2903  3191    11   299
   587   875  1163  1451  1739  2027  2315  2603  2891  3179    23    47
   335   623   911  1199  1487  1775  2063  2351  2639  2927  3215    35
   323   611   899  1187  1475  1763  2051  2339  2627  2915  3203    47
    71   359   647   935  1223  1511  1799  2087  2375  2663  2951  3239
    59   347   635   923  1211  1499  1787  2075  2363  2651  2939  3227
    71    95   383   671   959  1247  1535  1823  2111  2399  2687  2975
  3263    83   371   659   947  1235  1523  1811  2099  2387  2675  2963
  3251    95   119   407   695   983  1271  1559  1847  2135  2423  2711
  2999  3287   107   395   683   971  1259  1547  1835  2123  2411  2699
  2987  3275   119   143   431   719  1007  1295  1583  1871  2159  2447
  2735  3023  3311   131   419   707   995  1283  1571  1859  2147  2435
  2723  3011  3299   143   167   455   743  1031  1319  1607  1895  2183
  2471  2759  3047  3335   155   443   731  1019  1307  1595  1883  2171
  2459  2747  3035  3323   167   191   479   767  1055  1343  1631  1919
  2207  2495  2783  3071  3359   179   467   755  1043  1331  1619  1907
  2195  2483  2771  3059  3347   191   215   503   791  1079  1367  1655
  1943  2231  2519  2807  3095  3383   203   491   779  1067  1355  1643
  1931  2219  2507  2795  3083  3371   215   239   527   815  1103  1391
  1679  1967  2255  2543  2831  3119  3407   227   515   803  1091  1379
  1667  1955  2243  2531  2819  3107  3395   239   263   551   839  1127
  1415  1703  1991  2279  2567  2855  3143  3431   251   539   827  1115
  1403  1691  1979  2267  2555  2843  3131  3419   263   287   575   863
  1151  1439  1727  2015  2303  2591  2879  3167  3455   275   563   851
  1139  1427  1715  2003  2291  2579  2867  3155  3443   287    11   299
   587   875  1163  1451  1739  2027  2315  2603  2891  3179    23   311
   599   887  1175  1463  1751  2039  2327  2615  2903  3191    11    35
   323   611   899  1187  1475  1763  2051  2339  2627  2915  3203    47
   335   623   911  1199  1487  1775  2063  2351  2639  2927  3215    35
    59   347   635   923  1211  1499  1787  2075  2363  2651  2939  3227
    71   359   647   935  1223  1511  1799  2087  2375  2663  2951  3239
    59    83   371   659   947  1235  1523  1811  2099  2387  2675  2963
  3251    95   383   671   959  1247  1535  1823  2111  2399  2687  2975
  3263    83   107   395   683   971  1259  1547  1835  2123  2411  2699
  2987  3275   119   407   695   983  1271  1559  1847  2135  2423  2711
  2999  3287   107   131   419   707   995  1283  1571  1859  2147  2435
  2723  3011  3299   143   431   719  1007  1295  1583  1871  2159  2447
  2735  3023  3311   131   155   443   731  1019  1307  1595  1883  2171
  2459  2747  3035  3323   167   455   743  1031  1319  1607  1895  2183
  2471  2759  3047  3335   155   179   467   755  1043  1331  1619  1907
  2195  2483  2771  3059  3347   191   479   767  1055  1343  1631  1919
  2207  2495  2783  3071  3359   179   203   491   779  1067  1355  1643
  1931  2219  2507  2795  3083  3371   215   503   791  1079  1367  1655
  1943  2231  2519  2807  3095  3383   203   227   515   803  1091  1379
  1667  1955  2243  2531  2819  3107  3395   239   527   815  1103  1391
  1679  1967  2255  2543  2831  3119  3407   227   251   539   827  1115
  1403  1691  1979  2267  2555  2843  3131  3419   263   551   839  1127
  1415  1703  1991  2279  2567  2855  3143  3431   251   275   563   851
  1139  1427  1715  2003  2291  2579  2867  3155  3443   287   575   863
  1151  1439  1727  2015  2303  2591  2879  3167  3455   275    23   311
   599   887  1175  1463  1751  2039  2327  2615  2903  3191    11   299
   587   875  1163  1451  1739  2027  2315  2603  2891  3179    23    24
   312   600   888  1176  1464  1752  2040  2328  2616  2904  3192    12
   300   588   876  1164  1452  1740  2028  2316  2604  2892  3180    24
    48   336   624   912  1200  1488  1776  2064  2352  2640  2928  3216
    36   324   612   900  1188  1476  1764  2052  2340  2628  2916  3204
    48    72   360   648   936  1224  1512  1800  2088  2376  2664  2952
  3240    60   348   636   924  1212  1500  1788  2076  2364  2652  2940
  3228    72    96   384   672   960  1248  1536  1824  2112  2400  2688
  2976  3264    84   372   660   948  1236  1524  1812  2100  2388  2676
  2964  3252    96   120   408   696   984  1272  1560  1848  2136  2424
  2712  3000  3288   108   396   684   972  1260  1548  1836  2124  2412
  2700  2988  3276   120   144   432   720  1008  1296  1584  1872  2160
  2448  2736  3024  3312   132   420   708   996  1284  1572  1860  2148
  2436  2724  3012  3300   144   168   456   744  1032  1320  1608  1896
  2184  2472  2760  3048  3336   156   444   732  1020  1308  1596  1884
  2172  2460  2748  3036  3324   168   192   480   768  1056  1344  1632
  1920  2208  2496  2784  3072  3360   180   468   756  1044  1332  1620
  1908  2196  2484  2772  3060  3348   192   216   504   792  1080  1368
  1656  1944  2232  2520  2808  3096  3384   204   492   780  1068  1356
  1644  1932  2220  2508  2796  3084  3372   216   240   528   816  1104
  1392  1680  1968  2256  2544  2832  3120  3408   228   516   804  1092
  1380  1668  1956  2244  2532  2820  3108  3396   240   264   552   840
  1128  1416  1704  1992  2280  2568  2856  3144  3432   252   540   828
  1116  1404  1692  1980  2268  2556  2844  3132  3420   264   288   576
   864  1152  1440  1728  2016  2304  2592  2880  3168  3456   276   564
   852  1140  1428  1716  2004  2292  2580  2868  3156  3444   288    12
   300   588   876  1164  1452  1740  2028  2316  2604  2892  3180    24
   312   600   888  1176  1464  1752  2040  2328  2616  2904  3192    12
    36   324   612   900  1188  1476  1764  2052  2340  2628  2916  3204
    48   336   624   912  1200  1488  1776  2064  2352  2640  2928  3216
    36    60   348   636   924  1212  1500  1788  2076  2364  2652  2940
  3228    72   360   648   936  1224  1512  1800  2088  2376  2664  2952
  3240    60    84   372   660   948  1236  1524  1812  2100  2388  2676
  2964  3252    96   384   672   960  1248  1536  1824  2112  2400  2688
  2976  3264    84   108   396   684   972  1260  1548  1836  2124  2412
  2700  2988  3276   120   408   696   984  1272  1560  1848  2136  2424
  2712  3000  3288   108   132   420   708   996  1284  1572  1860  2148
  2436  2724  3012  3300   144   432   720  1008  1296  1584  1872  2160
  2448  2736  3024  3312   132   156   444   732  1020  1308  1596  1884
  2172  2460  2748  3036  3324   168   456   744  1032  1320  1608  1896
  2184  2472  2760  3048  3336   156   180   468   756  1044  1332  1620
  1908  2196  2484  2772  3060  3348   192   480   768  1056  1344  1632
  1920  2208  2496  2784  3072  3360   180   204   492   780  1068  1356
  1644  1932  2220  2508  2796  3084  3372   216   504   792  1080  1368
  1656  1944  2232  2520  2808  3096  3384   204   228   516   804  1092
  1380  1668  1956  2244  2532  2820  3108  3396   240   528   816  1104
  1392  1680  1968  2256  2544  2832  3120  3408   228   252   540   828
  1116  1404  1692  1980  2268  2556  2844  3132  3420   264   552   840
  1128  1416  1704  1992  2280  2568  2856  3144  3432   252   276   564
   852  1140  1428  1716  2004  2292  2580  2868  3156  3444   288   576
   864  1152  1440  1728  2016  2304  2592  2880  3168  3456   276    24
   312   600   888  1176  1464  1752  2040  2328  2616  2904  3192    12
   300   588   876  1164  1452  1740  2028  2316  2604  2892  3180    24
     1   289   577   865  1153  1441  1729  2017  2305  2593  2881  3169
    13   301   589   877  1165  1453  1741  2029  2317  2605  2893  3181
     1    25   313   601   889  1177  1465  1753  2041  2329  2617  2905
  3193    37   325   613   901  1189  1477  1765  2053  2341  2629  2917
  3205    25    49   337   625   913  1201  1489  1777  2065  2353  2641
  2929  3217    61   349   637   925  1213  1501  1789  2077  2365  2653
  2941  3229    49    73   361   649   937  1225  1513  1801  2089  2377
  2665  2953  3241    85   373   661   949  1237  1525  1813  2101  2389
  2677  2965  3253    73    97   385   673   961  1249  1537  1825  2113
  2401  2689  2977  3265   109   397   685   973  1261  1549  1837  2125
  2413  2701  2989  3277    97   121   409   697   985  1273  1561  1849
  2137  2425  2713  3001  3289   133   421   709   997  1285  1573  1861
  2149  2437  2725  3013  3301   121   145   433   721  1009  1297  1585
  1873  2161  2449  2737  3025  3313   157   445   733  1021  1309  1597
  1885  2173  2461  2749  3037  3325   145   169   457   745  1033  1321
  1609  1897  2185  2473  2761  3049  3337   181   469   757  1045  1333
  1621  1909  2197  2485  2773  3061  3349   169   193   481   769  1057
  1345  1633  1921  2209  2497  2785  3073  3361   205   493   781  1069
  1357  1645  1933  2221  2509  2797  3085  3373   193   217   505   793
  1081  1369  1657  1945  2233  2521  2809  3097  3385   229   517   805
  1093  1381  1669  1957  2245  2533  2821  3109  3397   217   241   529
   817  1105  1393  1681  1969  2257  2545  2833  3121  3409   253   541
   829  1117  1405  1693  1981  2269  2557  2845  3133  3421   241   265
   553   841  1129  1417  1705  1993  2281  2569  2857  3145  3433   277
   565   853  1141  1429  1717  2005  2293  2581  2869  3157  3445   265
    13   301   589   877  1165  1453  1741  2029  2317  2605  2893  3181
     1   289   577   865  1153  1441  1729  2017  2305  2593  2881  3169
    13    37   325   613   901  1189  1477  1765  2053  2341  2629  2917
  3205    25   313   601   889  1177  1465  1753  2041  2329  2617  2905
  3193    37    61   349   637   925  1213  1501  1789  2077  2365  2653
  2941  3229    49   337   625   913  1201  1489  1777  2065  2353  2641
  2929  3217    61    85   373   661   949  1237  1525  1813  2101  2389
  2677  2965  3253    73   361   649   937  1225  1513  1801  2089  2377
  2665  2953  3241    85   109   397   685   973  1261  1549  1837  2125
  2413  2701  2989  3277    97   385   673   961  1249  1537  1825  2113
  2401  2689  2977  3265   109   133   421   709   997  1285  1573  1861
  2149  2437  2725  3013  3301   121   409   697   985  1273  1561  1849
  2137  2425  2713  3001  3289   133   157   445   733  1021  1309  1597
  1885  2173  2461  2749  3037  3325   145   433   721  1009  1297  1585
  1873  2161  2449  2737  3025  3313   157   181   469   757  1045  1333
  1621  1909  2197  2485  2773  3061  3349   169   457   745  1033  1321
  1609  1897  2185  2473  2761  3049  3337   181   205   493   781  1069
  1357  1645  1933  2221  2509  2797  3085  3373   193   481   769  1057
  1345  1633  1921  2209  2497  2785  3073  3361   205   229   517   805
  1093  1381  1669  1957  2245  2533  2821  3109  3397   217   505   793
  1081  1369  1657  1945  2233  2521  2809  3097  3385   229   253   541
   829  1117  1405  1693  1981  2269  2557  2845  3133  3421   241   529
   817  1105  1393  1681  1969  2257  2545  2833  3121  3409   253   277
   565   853  1141  1429  1717  2005  2293  2581  2869  3157  3445   265
   553   841  1129  1417  1705  1993  2281  2569  2857  3145  3433   277
     1   289   577   865  1153  1441  1729  2017  2305  2593  2881  3169
    13   301   589   877  1165  1453  1741  2029  2317  2605  2893  3181
     1
