T         <M>             <M^2>           <M^4>       U_{Binder}        \chi         C_v(tot)         <E>           <E_{exc}>     <E_{lsf}>
0000 2.00967855E+00 4.03880789E+00 1.63119692E+01 6.66666666E-01 8.12870570E-02 2.40856878E+05 -1.62721107E+01 -1.62721107E+01 0.00000000E+00
0010 2.00465146E+00 4.01862746E+00 1.61493668E+01 6.66666666E-01 1.22083871E-05 1.07367787E+00 -1.62087699E+01 -1.62087699E+01 0.00000000E+00
0030 1.99354295E+00 3.97421354E+00 1.57943737E+01 6.66666657E-01 3.56931981E-05 1.03567431E+00 -1.60816006E+01 -1.60816006E+01 0.00000000E+00
0050 1.98241586E+00 3.92997276E+00 1.54446876E+01 6.66666630E-01 7.98580242E-05 1.02230248E+00 -1.59539411E+01 -1.59539411E+01 0.00000000E+00
0070 1.97092808E+00 3.88455769E+00 1.50897916E+01 6.66666598E-01 1.07417109E-04 1.01835570E+00 -1.58257154E+01 -1.58257154E+01 0.00000000E+00
0090 1.95980967E+00 3.84085424E+00 1.47521657E+01 6.66666567E-01 1.19072099E-04 9.85274677E-01 -1.56969291E+01 -1.56969291E+01 0.00000000E+00
0110 1.94813994E+00 3.79524961E+00 1.44039252E+01 6.66666536E-01 1.26179861E-04 9.56213153E-01 -1.55676393E+01 -1.55676393E+01 0.00000000E+00
0130 1.93645637E+00 3.74986385E+00 1.40614877E+01 6.66666456E-01 1.70233084E-04 9.67468791E-01 -1.54376409E+01 -1.54376409E+01 0.00000000E+00
0150 1.92464865E+00 3.70427334E+00 1.37216548E+01 6.66666332E-01 2.32066776E-04 9.10885173E-01 -1.53072836E+01 -1.53072836E+01 0.00000000E+00
0170 1.91314239E+00 3.66011470E+00 1.33964527E+01 6.66666342E-01 1.96137140E-04 9.60545970E-01 -1.51763231E+01 -1.51763231E+01 0.00000000E+00
0190 1.90111129E+00 3.61422526E+00 1.30626405E+01 6.66666251E-01 2.21761338E-04 1.00721882E+00 -1.50445719E+01 -1.50445719E+01 0.00000000E+00
0210 1.88842304E+00 3.56614274E+00 1.27173903E+01 6.66666239E-01 2.04036006E-04 9.46274016E-01 -1.49122979E+01 -1.49122979E+01 0.00000000E+00
0230 1.87673943E+00 3.52215280E+00 1.24055876E+01 6.66665935E-01 3.14360955E-04 1.01895818E+00 -1.47793623E+01 -1.47793623E+01 0.00000000E+00
0250 1.86449869E+00 3.47635696E+00 1.20850800E+01 6.66666052E-01 2.39811879E-04 9.32641293E-01 -1.46457204E+01 -1.46457204E+01 0.00000000E+00
0270 1.85226635E+00 3.43089267E+00 1.17710522E+01 6.66665881E-01 2.80352437E-04 9.41913923E-01 -1.45113918E+01 -1.45113918E+01 0.00000000E+00
0290 1.83981608E+00 3.38492542E+00 1.14577503E+01 6.66665788E-01 2.87825063E-04 9.79071736E-01 -1.43765886E+01 -1.43765886E+01 0.00000000E+00
0310 1.82670724E+00 3.33686201E+00 1.11346839E+01 6.66665595E-01 3.23850534E-04 9.86660747E-01 -1.42402833E+01 -1.42402833E+01 0.00000000E+00
0330 1.81464688E+00 3.29294697E+00 1.08435479E+01 6.66665186E-01 4.14627554E-04 1.03243259E+00 -1.41035298E+01 -1.41035298E+01 0.00000000E+00
0350 1.80095120E+00 3.24342994E+00 1.05198991E+01 6.66664724E-01 5.05534088E-04 1.00434347E+00 -1.39662114E+01 -1.39662114E+01 0.00000000E+00
0370 1.78823324E+00 3.19778334E+00 1.02258849E+01 6.66664493E-01 5.27433404E-04 9.37891939E-01 -1.38280551E+01 -1.38280551E+01 0.00000000E+00
0390 1.77547251E+00 3.15230797E+00 9.93711270E+00 6.66664414E-01 5.11371188E-04 1.03664444E+00 -1.36890581E+01 -1.36890581E+01 0.00000000E+00
0410 1.76183573E+00 3.10407101E+00 9.63532988E+00 6.66664141E-01 5.36930644E-04 1.10340721E+00 -1.35488946E+01 -1.35488946E+01 0.00000000E+00
0430 1.74862372E+00 3.05769046E+00 9.34953868E+00 6.66664252E-01 4.82152032E-04 1.10607673E+00 -1.34082745E+01 -1.34082745E+01 0.00000000E+00
0450 1.73514931E+00 3.01075017E+00 9.06470137E+00 6.66663549E-01 5.85339773E-04 1.12237822E+00 -1.32660162E+01 -1.32660162E+01 0.00000000E+00
0470 1.72079564E+00 2.96114385E+00 8.76844670E+00 6.66663862E-01 4.96041802E-04 1.10557230E+00 -1.31230256E+01 -1.31230256E+01 0.00000000E+00
0490 1.70741316E+00 2.91526702E+00 8.49886696E+00 6.66663325E-01 5.58024636E-04 1.10286126E+00 -1.29793419E+01 -1.29793419E+01 0.00000000E+00
0510 1.69324925E+00 2.86710087E+00 8.22035730E+00 6.66663021E-01 5.75388824E-04 1.16601422E+00 -1.28343725E+01 -1.28343725E+01 0.00000000E+00
0530 1.67894813E+00 2.81887630E+00 7.94617040E+00 6.66662186E-01 6.68808853E-04 1.18730422E+00 -1.26876849E+01 -1.26876849E+01 0.00000000E+00
0550 1.66275877E+00 2.76478016E+00 7.64415783E+00 6.66660191E-01 9.13948933E-04 1.18480249E+00 -1.25398837E+01 -1.25398837E+01 0.00000000E+00
0570 1.64820055E+00 2.71657856E+00 7.37994594E+00 6.66660032E-01 8.87419769E-04 1.20606430E+00 -1.23910721E+01 -1.23910721E+01 0.00000000E+00
0590 1.63328200E+00 2.66762381E+00 7.11636310E+00 6.66659813E-01 8.70295630E-04 1.21406476E+00 -1.22415818E+01 -1.22415818E+01 0.00000000E+00
0610 1.61755217E+00 2.61649148E+00 6.84619986E+00 6.66658283E-01 1.01006812E-03 1.20776204E+00 -1.20893162E+01 -1.20893162E+01 0.00000000E+00
0630 1.60058632E+00 2.56189669E+00 6.56352062E+00 6.66656206E-01 1.19565653E-03 1.25430183E+00 -1.19367633E+01 -1.19367633E+01 0.00000000E+00
0650 1.58597569E+00 2.51533547E+00 6.32707918E+00 6.66657886E-01 9.53917226E-04 1.30967436E+00 -1.17820674E+01 -1.17820674E+01 0.00000000E+00
0670 1.57046085E+00 2.46636472E+00 6.08312670E+00 6.66657253E-01 9.73103818E-04 1.28210217E+00 -1.16262462E+01 -1.16262462E+01 0.00000000E+00
0690 1.55352688E+00 2.41346768E+00 5.82503773E+00 6.66654565E-01 1.18927649E-03 1.33101059E+00 -1.14685459E+01 -1.14685459E+01 0.00000000E+00
0710 1.53627936E+00 2.36018415E+00 5.57075118E+00 6.66649796E-01 1.57585093E-03 1.29999815E+00 -1.13076868E+01 -1.13076868E+01 0.00000000E+00
0730 1.51748602E+00 2.30279017E+00 5.30308531E+00 6.66651407E-01 1.35081403E-03 1.27943716E+00 -1.11455141E+01 -1.11455141E+01 0.00000000E+00
0750 1.50053004E+00 2.25162509E+00 5.07012780E+00 6.66646137E-01 1.73126204E-03 1.38408071E+00 -1.09824316E+01 -1.09824316E+01 0.00000000E+00
0770 1.48302536E+00 2.19939320E+00 4.83758493E+00 6.66649131E-01 1.40835806E-03 1.23098955E+00 -1.08155866E+01 -1.08155866E+01 0.00000000E+00
0790 1.46307812E+00 2.14063248E+00 4.58260606E+00 6.66644941E-01 1.65282878E-03 1.28570489E+00 -1.06473961E+01 -1.06473961E+01 0.00000000E+00
0810 1.44457717E+00 2.08684281E+00 4.35524345E+00 6.66641366E-01 1.82959138E-03 1.35990795E+00 -1.04763678E+01 -1.04763678E+01 0.00000000E+00
0830 1.42439531E+00 2.02893947E+00 4.11689929E+00 6.66642057E-01 1.68894268E-03 1.32587486E+00 -1.03036422E+01 -1.03036422E+01 0.00000000E+00
0850 1.40431932E+00 1.97214864E+00 3.88965319E+00 6.66642419E-01 1.57983871E-03 1.38718208E+00 -1.01275869E+01 -1.01275869E+01 0.00000000E+00
0870 1.38307559E+00 1.91294342E+00 3.65969921E+00 6.66635089E-01 1.95064284E-03 1.39234776E+00 -9.94845518E+00 -9.94845518E+00 0.00000000E+00
0890 1.36320934E+00 1.85838746E+00 3.45395831E+00 6.66632464E-01 2.00761295E-03 1.54488577E+00 -9.76633682E+00 -9.76633682E+00 0.00000000E+00
0910 1.33877000E+00 1.79236094E+00 3.21295699E+00 6.66625239E-01 2.29538677E-03 1.51041417E+00 -9.58075093E+00 -9.58075093E+00 0.00000000E+00
0930 1.31626353E+00 1.73261092E+00 3.00236409E+00 6.66619640E-01 2.46365629E-03 1.53707847E+00 -9.39100048E+00 -9.39100048E+00 0.00000000E+00
0950 1.29253807E+00 1.67070222E+00 2.79156359E+00 6.66628731E-01 1.87410479E-03 1.55491256E+00 -9.19794210E+00 -9.19794210E+00 0.00000000E+00
0970 1.26845693E+00 1.60905736E+00 2.58954374E+00 6.66605107E-01 2.86950733E-03 1.48972913E+00 -9.00068144E+00 -9.00068144E+00 0.00000000E+00
0990 1.24309227E+00 1.54534930E+00 2.38854222E+00 6.66605566E-01 2.68031750E-03 1.44758700E+00 -8.80087942E+00 -8.80087942E+00 0.00000000E+00
1010 1.21723366E+00 1.48174093E+00 2.19604760E+00 6.66592057E-01 3.08064289E-03 1.66836949E+00 -8.59527102E+00 -8.59527102E+00 0.00000000E+00
1030 1.18719609E+00 1.40952601E+00 1.98727780E+00 6.66580391E-01 3.32258573E-03 1.71729074E+00 -8.38612271E+00 -8.38612271E+00 0.00000000E+00
1050 1.15724682E+00 1.33930966E+00 1.79422910E+00 6.66577702E-01 3.18827921E-03 1.60605514E+00 -8.17090181E+00 -8.17090181E+00 0.00000000E+00
1070 1.12536578E+00 1.26656070E+00 1.60474419E+00 6.66548606E-01 3.93701621E-03 1.64590023E+00 -7.94971351E+00 -7.94971351E+00 0.00000000E+00
1090 1.09102553E+00 1.19045795E+00 1.41776540E+00 6.66531358E-01 4.16249614E-03 1.75345962E+00 -7.72345425E+00 -7.72345425E+00 0.00000000E+00
1110 1.05549400E+00 1.11420628E+00 1.24207355E+00 6.66500753E-01 4.67617865E-03 1.96192465E+00 -7.49043063E+00 -7.49043063E+00 0.00000000E+00
1130 1.01929073E+00 1.03911997E+00 1.08046091E+00 6.66453476E-01 5.51011220E-03 2.04362096E+00 -7.25208979E+00 -7.25208979E+00 0.00000000E+00
1150 9.76000098E-01 9.52737963E-01 9.08324996E-01 6.66440688E-01 5.26454791E-03 2.00989020E+00 -7.00507231E+00 -7.00507231E+00 0.00000000E+00
1170 9.31298004E-01 8.67549601E-01 7.53444381E-01 6.66311442E-01 7.47297501E-03 2.05757747E+00 -6.75062934E+00 -6.75062934E+00 0.00000000E+00
1190 8.80096931E-01 7.74763747E-01 6.00857142E-01 6.66334433E-01 6.07404312E-03 2.16531423E+00 -6.48428302E+00 -6.48428302E+00 0.00000000E+00
1210 8.23273891E-01 6.78110688E-01 4.60722470E-01 6.66022691E-01 1.02310136E-02 2.18444635E+00 -6.20750573E+00 -6.20750573E+00 0.00000000E+00
1230 7.56244082E-01 5.72386286E-01 3.28718724E-01 6.65554969E-01 1.46403579E-02 2.44091908E+00 -5.92198315E+00 -5.92198315E+00 0.00000000E+00
1250 6.77481997E-01 4.59530419E-01 2.12166371E-01 6.65091044E-01 1.64236665E-02 2.44081045E+00 -5.61965577E+00 -5.61965577E+00 0.00000000E+00
1270 5.72833047E-01 3.29116700E-01 1.09579473E-01 6.62784046E-01 2.88491628E-02 2.72064244E+00 -5.29549588E+00 -5.29549588E+00 0.00000000E+00
1290 4.25234535E-01 1.83364814E-01 3.53341682E-02 6.49698812E-01 7.36999215E-02 2.98804018E+00 -4.94591485E+00 -4.94591485E+00 0.00000000E+00
1310 1.68003643E-01 3.22621806E-02 1.55854963E-03 5.00871988E-01 1.15328490E-01 2.30818068E+00 -4.58911776E+00 -4.58911776E+00 0.00000000E+00
1330 8.87122535E-02 9.04916578E-03 1.26340356E-04 4.85715126E-01 3.31838805E-02 1.55741226E+00 -4.36114174E+00 -4.36114174E+00 0.00000000E+00
1350 5.89367631E-02 4.10423064E-03 2.79268094E-05 4.47367337E-01 1.74837680E-02 1.33200944E+00 -4.17260092E+00 -4.17260092E+00 0.00000000E+00
1370 4.79710845E-02 2.70287279E-03 1.20698176E-05 4.49283307E-01 1.09718206E-02 1.16944157E+00 -4.01831270E+00 -4.01831270E+00 0.00000000E+00
1390 4.15958150E-02 2.04474055E-03 7.08606659E-06 4.35053194E-01 8.46836061E-03 1.05686991E+00 -3.87758152E+00 -3.87758152E+00 0.00000000E+00
1410 3.67193646E-02 1.62251254E-03 4.61816784E-06 4.15247167E-01 7.27785571E-03 9.50263811E-01 -3.75294059E+00 -3.75294059E+00 0.00000000E+00
1430 3.25259839E-02 1.25724534E-03 2.71062748E-06 4.28378558E-01 5.21599953E-03 8.88306184E-01 -3.63800317E+00 -3.63800317E+00 0.00000000E+00
1450 3.05657544E-02 1.09378323E-03 1.95692041E-06 4.54757888E-01 4.11713589E-03 8.01297945E-01 -3.53283622E+00 -3.53283622E+00 0.00000000E+00
1470 2.78105892E-02 9.15243763E-04 1.41857686E-06 4.35507650E-01 3.61042506E-03 7.80365624E-01 -3.43481620E+00 -3.43481620E+00 0.00000000E+00
1490 2.60826799E-02 8.05175859E-04 1.11276230E-06 4.27863496E-01 3.13635004E-03 7.23144633E-01 -3.34318171E+00 -3.34318171E+00 0.00000000E+00
1510 2.48178004E-02 7.29029445E-04 9.01800967E-07 4.34413150E-01 2.80326013E-03 6.78109077E-01 -3.25869639E+00 -3.25869639E+00 0.00000000E+00
1530 2.35958038E-02 6.51127343E-04 7.15707702E-07 4.37292674E-01 2.30820895E-03 5.90134477E-01 -3.17666753E+00 -3.17666753E+00 0.00000000E+00
1550 2.22057054E-02 5.81277960E-04 5.74510666E-07 4.33227032E-01 2.12919246E-03 5.92597986E-01 -3.10106887E+00 -3.10106887E+00 0.00000000E+00
1570 2.14259014E-02 5.40488086E-04 4.88682802E-07 4.42386153E-01 1.94079230E-03 5.42487867E-01 -3.03000689E+00 -3.03000689E+00 0.00000000E+00
1590 2.02977253E-02 4.86854592E-04 4.04119980E-07 4.31683159E-01 1.76193055E-03 5.49733238E-01 -2.96070894E+00 -2.96070894E+00 0.00000000E+00
1610 1.95080465E-02 4.51819361E-04 3.44125302E-07 4.38091402E-01 1.65632756E-03 5.04649034E-01 -2.89730130E+00 -2.89730130E+00 0.00000000E+00
1630 1.92237398E-02 4.36578793E-04 3.18273777E-07 4.43385737E-01 1.53891118E-03 4.87483704E-01 -2.83618683E+00 -2.83618683E+00 0.00000000E+00
1650 1.78977101E-02 3.77437417E-04 2.41060397E-07 4.35953757E-01 1.29532100E-03 4.52171935E-01 -2.77644693E+00 -2.77644693E+00 0.00000000E+00
1670 1.77119543E-02 3.68544532E-04 2.26199211E-07 4.44876149E-01 1.22875465E-03 4.29823765E-01 -2.72198714E+00 -2.72198714E+00 0.00000000E+00
1690 1.74049059E-02 3.55186963E-04 2.06628554E-07 4.54047263E-01 1.15719107E-03 4.12827243E-01 -2.66851512E+00 -2.66851512E+00 0.00000000E+00
1710 1.68295273E-02 3.34199801E-04 1.88190120E-07 4.38353326E-01 1.11543736E-03 4.06637104E-01 -2.61729718E+00 -2.61729718E+00 0.00000000E+00
1730 1.61099045E-02 3.09618262E-04 1.70703958E-07 4.06433750E-01 1.08355803E-03 4.11417598E-01 -2.56864475E+00 -2.56864475E+00 0.00000000E+00
1750 1.58507843E-02 2.93919503E-04 1.44578123E-07 4.42140907E-01 9.12557424E-04 3.58977760E-01 -2.52107597E+00 -2.52107597E+00 0.00000000E+00
1770 1.56220473E-02 2.84821778E-04 1.32376507E-07 4.56069667E-01 8.62100042E-04 3.25433086E-01 -2.47686305E+00 -2.47686305E+00 0.00000000E+00
1790 1.54358355E-02 2.77526222E-04 1.23126164E-07 4.67130273E-01 8.20851164E-04 3.48030360E-01 -2.43366136E+00 -2.43366136E+00 0.00000000E+00
1810 1.50297065E-02 2.65823026E-04 1.16633606E-07 4.49804220E-01 8.25628915E-04 3.25058541E-01 -2.39074875E+00 -2.39074875E+00 0.00000000E+00
1830 1.49481571E-02 2.57311917E-04 1.02094641E-07 4.86001451E-01 6.92544384E-04 3.01619374E-01 -2.35110564E+00 -2.35110564E+00 0.00000000E+00
1850 1.47694282E-02 2.55569991E-04 1.06683260E-07 4.55553376E-01 7.57265384E-04 2.91423199E-01 -2.31278023E+00 -2.31278023E+00 0.00000000E+00
1870 1.43219913E-02 2.43354339E-04 1.00784531E-07 4.32723966E-01 7.65195179E-04 2.81066636E-01 -2.27497318E+00 -2.27497318E+00 0.00000000E+00
1890 1.40534693E-02 2.30511829E-04 8.66649608E-08 4.56329390E-01 6.53674642E-04 2.94751542E-01 -2.23973139E+00 -2.23973139E+00 0.00000000E+00
1910 1.40322576E-02 2.32055102E-04 8.89905617E-08 4.49140997E-01 6.88741552E-04 2.73875581E-01 -2.20464432E+00 -2.20464432E+00 0.00000000E+00
1930 1.35951539E-02 2.17237703E-04 7.73355509E-08 4.53754935E-01 6.28447155E-04 2.48574513E-01 -2.17086614E+00 -2.17086614E+00 0.00000000E+00
1950 1.30370232E-02 1.99526087E-04 6.51065879E-08 4.54864694E-01 5.67354723E-04 2.54329652E-01 -2.13824440E+00 -2.13824440E+00 0.00000000E+00
1970 1.32047950E-02 2.02005660E-04 6.50895538E-08 4.68304528E-01 5.25062143E-04 2.44875223E-01 -2.10670421E+00 -2.10670421E+00 0.00000000E+00
2000 1.28898475E-02 1.96044570E-04 6.44904296E-08 4.40674812E-01 5.59426158E-04 2.15073423E-01 -2.06072622E+00 -2.06072622E+00 0.00000000E+00
