    .    1    .    2    .    3    .    4    .    5    .    6    .    7
fftffffftffffffffffftftfffffffftfffftffffffftffffffffffffffftfffffttffff
 (/ 2i6, f6.0, 2i6, 2f6.0, 4l6, i6)
  lmax ntype  zval     . icorr     .  pmix   win   wmt f-rel sp-po     .
     8     6  88.0     8    04    1.  .050     t     t     t     t     1
 LABEL
 (f12.0)
  10.0962917
 (i6)
     0
 (/ 2f12.0, i6)
       W(Ry)        dE/W     .
       0.003         24.     0
 (i6)
     1 placeholder for obsolete panel index
 (/ i6, 3x, 3i1, i6, 2f6.0, f12.0 /)
  ntls   ... nsets     .     .   log(epst)
     3   111     2    .0    .0        -38.
         T^2   ...  ?   ... sc t^2 = a/S^2         + b
 (f12.0, f5.0, i1, i3, 3i2, l3, f6.0, i3, 6f12.0)
        -0.2   .01  0 1 0 1  f    .0  0          .0
        -2.3   .01  0 1 0 1  f    .0  0          .0
        -1.5   .01  0 1 0 1  f    .0  0          .0
 (3f6.0)
    .0    1.    1.
 (/ (3f18.0))
 R transpose
  1.00000000000000  .000000000000000  .000000000000000
 -.500000044522991  .866025480887281  .000000000000000
  .000000000000000  .000000000000000  .843600569922270
 (/ 3i6, 4x, 2i1, 2i6)
   ft1   ft2   ft3    ..  diag     .
    40    40    36    00     2     0
 (/ 3f18.0, 5x, a1 // f18.0, i24, f18.0)
                          axis                         coord
  1.00000000000000  .000000000000000  .000000000000000     l
    field(Ry/bohr)   field modulation star    spin mix ratio
              .000                       1               .10
 (// 2i8)
 TYPE 1: species: 51a
   natom   nharm  (L=   0   1   2   3   4   5   6   7   8)
       1      81  (n=   1   4   9  16  25  36  49  64  81)
 (/ (24i3))
 density exponents
  1
  1
  1
  1
 basis exponents
  5  4  3  2  1  0  0  0  0
 (/ (3f18.0, 5x, a1))
              tau1              tau2              tau3     c
  .000000000000000  .000000000000000  .000000000000008     l
 (/ i6, 2f12.0, 5x, a1 /)
     n           S          dx coord
   592  .814309652       0.025     v
   592  2.52790471       0.025     a
 (/f6.0, i6, f12.0, 2f6.0, 2x, 2i1, f2.0, 11x, a1//(2i6, f12.0, i12))
     Z    nc      Sinf/S     . Sws/S  ....     ScoFlag
   51.    12          1.    1.    1.  10.0           p
     n     k         occ        flag
     1    -1          2.           0
     2    -1          2.           0
     2     1          2.           0
     2    -2          4.           0
     3    -1          2.           0
     3     1          2.           0
     3    -2          4.           0
     3     2          4.           0
     3    -3          6.           0
     4    -1          2.           0
     4     1          2.           0
     4    -2          4.           0
    10 Bases
     0     1     1
     0     1     2
     0     1     3
     1     1     1
     1     1     2
     1     1     3
     2     1     1
     2     1     2
     2     2     1
     2     2     2
     5     5     5     4     5     6     7     8     9
     0     0    22     0     0     0     0     0     0
     5     5     5     4     5     6     7     8     9
     0     0    22     0     0     0     0     0     0
     5     5     4     4     5     6     7     8     9
     0     0    -1     0     0     0     0     0     0
     5     5     4     4     5     6     7     8     9
     0     0    -1     0     0     0     0     0     0
 (// 2i8)
 TYPE 2: species: 50a
   natom   nharm  (L=   0   1   2   3   4   5   6   7   8)
       1      81  (n=   1   4   9  16  25  36  49  64  81)
 (/ (24i3))
 density exponents
  1
  1
  1
  1
 basis exponents
  5  4  3  2  1  0  0  0  0
 (/ (3f18.0, 5x, a1))
              tau1              tau2              tau3     c
 -.333333333333333  .333333333333333  .499999000000014     l
 (/ i6, 2f12.0, 5x, a1 /)
     n           S          dx coord
   589  .811732247       0.025     v
   589  2.51990354       0.025     a
 (/f6.0, i6, f12.0, 2f6.0, 2x, 2i1, f2.0, 11x, a1//(2i6, f12.0, i12))
     Z    nc      Sinf/S     . Sws/S  ....     ScoFlag
   50.    12          1.    1.    1.  10.0           p
     n     k         occ        flag
     1    -1          2.           0
     2    -1          2.           0
     2     1          2.           0
     2    -2          4.           0
     3    -1          2.           0
     3     1          2.           0
     3    -2          4.           0
     3     2          4.           0
     3    -3          6.           0
     4    -1          2.           0
     4     1          2.           0
     4    -2          4.           0
    10 Bases
     0     1     1
     0     1     2
     0     1     3
     1     1     1
     1     1     2
     1     1     3
     2     1     1
     2     1     2
     2     2     1
     2     2     2
     5     5     5     4     5     6     7     8     9
     0     0    22     0     0     0     0     0     0
     5     5     5     4     5     6     7     8     9
     0     0    22     0     0     0     0     0     0
     5     5     4     4     5     6     7     8     9
     0     0     0     0     0     0     0     0     0
     5     5     4     4     5     6     7     8     9
     0     0     0     0     0     0     0     0     0
 (// 2i8)
 TYPE 3: species: 50a
   natom   nharm  (L=   0   1   2   3   4   5   6   7   8)
       1      81  (n=   1   4   9  16  25  36  49  64  81)
 (/ (24i3))
 density exponents
  1
  1
  1
  1
 basis exponents
  5  4  3  2  1  0  0  0  0
 (/ (3f18.0, 5x, a1))
              tau1              tau2              tau3     c
  .333333333333333 -.333333333333333  .499999000000004     l
 (/ i6, 2f12.0, 5x, a1 /)
     n           S          dx coord
   589  .811732247       0.025     v
   589  2.51990354       0.025     a
 (/f6.0, i6, f12.0, 2f6.0, 2x, 2i1, f2.0, 11x, a1//(2i6, f12.0, i12))
     Z    nc      Sinf/S     . Sws/S  ....     ScoFlag
   50.    12          1.    1.    1.  10.0           p
     n     k         occ        flag
     1    -1          2.           0
     2    -1          2.           0
     2     1          2.           0
     2    -2          4.           0
     3    -1          2.           0
     3     1          2.           0
     3    -2          4.           0
     3     2          4.           0
     3    -3          6.           0
     4    -1          2.           0
     4     1          2.           0
     4    -2          4.           0
    10 Bases
     0     1     1
     0     1     2
     0     1     3
     1     1     1
     1     1     2
     1     1     3
     2     1     1
     2     1     2
     2     2     1
     2     2     2
     5     5     5     4     5     6     7     8     9
     0     0    22     0     0     0     0     0     0
     5     5     5     4     5     6     7     8     9
     0     0    22     0     0     0     0     0     0
     5     5     4     4     5     6     7     8     9
     0     0     0     0     0     0     0     0     0
     5     5     4     4     5     6     7     8     9
     0     0     0     0     0     0     0     0     0
 (// 2i8)
 TYPE 4: species: 25up
   natom   nharm  (L=   0   1   2   3   4   5   6   7   8)
       1      81  (n=   1   4   9  16  25  36  49  64  81)
 (/ (24i3))
 density exponents
  1
  1
  1
  1
 basis exponents
  5  4  3  2  1  0  0  0  0
 (/ (3f18.0, 5x, a1))
              tau1              tau2              tau3     c
  .499999000000003  .000000000000000 -.000000000000015     l
 (/ i6, 2f12.0, 5x, a1 /)
     n           S          dx coord
   537  .731445268       0.025     v
   537  2.27066440       0.025     a
 (/f6.0, i6, f12.0, 2f6.0, 2x, 2i1, f2.0, 11x, a1//(2i6, f12.0, i12))
     Z    nc      Sinf/S     . Sws/S  ....     ScoFlag
   25.     7          1.    1.    1.  10.0           p
     n     k         occ        flag
     1    -1          2.           0
     2    -1          2.           0
     2     1          2.           0
     2    -2          4.           0
     3    -1          .0           0
     3     1          .0           0
     3    -2          .0           0
    12 Bases
     0     1     1
     0     1     2
     0     1     3
     1     1     1
     1     1     2
     1     1     3
     2     1     1
     2     1     2
     0     2     1
     0     2     2
     1     2     1
     1     2     2
     4     4     3     4     5     6     7     8     9
    20    21     0     0     0     0     0     0     0
     4     4     3     4     5     6     7     8     9
    20    21     0     0     0     0     0     0     0
     3     3     3     4     5     6     7     8     9
    -1    -1     0     0     0     0     0     0     0
     3     3     3     4     5     6     7     8     9
    -1    -1     0     0     0     0     0     0     0
 (// 2i8)
 TYPE 5: species: 25up
   natom   nharm  (L=   0   1   2   3   4   5   6   7   8)
       1      81  (n=   1   4   9  16  25  36  49  64  81)
 (/ (24i3))
 density exponents
  1
  1
  1
  1
 basis exponents
  5  4  3  2  1  0  0  0  0
 (/ (3f18.0, 5x, a1))
              tau1              tau2              tau3     c
  .000000000000000  .500000000000000 -.000000000000011     l
 (/ i6, 2f12.0, 5x, a1 /)
     n           S          dx coord
   537  .731445268       0.025     v
   537  2.27066440       0.025     a
 (/f6.0, i6, f12.0, 2f6.0, 2x, 2i1, f2.0, 11x, a1//(2i6, f12.0, i12))
     Z    nc      Sinf/S     . Sws/S  ....     ScoFlag
   25.     7          1.    1.    1.  10.0           p
     n     k         occ        flag
     1    -1          2.           0
     2    -1          2.           0
     2     1          2.           0
     2    -2          4.           0
     3    -1          .0           0
     3     1          .0           0
     3    -2          .0           0
    12 Bases
     0     1     1
     0     1     2
     0     1     3
     1     1     1
     1     1     2
     1     1     3
     2     1     1
     2     1     2
     0     2     1
     0     2     2
     1     2     1
     1     2     2
     4     4     3     4     5     6     7     8     9
    20    21     0     0     0     0     0     0     0
     4     4     3     4     5     6     7     8     9
    20    21     0     0     0     0     0     0     0
     3     3     3     4     5     6     7     8     9
    -1    -1     0     0     0     0     0     0     0
     3     3     3     4     5     6     7     8     9
    -1    -1     0     0     0     0     0     0     0
 (// 2i8)
 TYPE 6: species: 25up
   natom   nharm  (L=   0   1   2   3   4   5   6   7   8)
       1      81  (n=   1   4   9  16  25  36  49  64  81)
 (/ (24i3))
 density exponents
  1
  1
  1
  1
 basis exponents
  5  4  3  2  1  0  0  0  0
 (/ (3f18.0, 5x, a1))
              tau1              tau2              tau3     c
  .500000000000000  .500000000000000 -.000000000000006     l
 (/ i6, 2f12.0, 5x, a1 /)
     n           S          dx coord
   537  .731445268       0.025     v
   537  2.27066440       0.025     a
 (/f6.0, i6, f12.0, 2f6.0, 2x, 2i1, f2.0, 11x, a1//(2i6, f12.0, i12))
     Z    nc      Sinf/S     . Sws/S  ....     ScoFlag
   25.     7          1.    1.    1.  10.0           p
     n     k         occ        flag
     1    -1          2.           0
     2    -1          2.           0
     2     1          2.           0
     2    -2          4.           0
     3    -1          .0           0
     3     1          .0           0
     3    -2          .0           0
    12 Bases
     0     1     1
     0     1     2
     0     1     3
     1     1     1
     1     1     2
     1     1     3
     2     1     1
     2     1     2
     0     2     1
     0     2     2
     1     2     1
     1     2     2
     4     4     3     4     5     6     7     8     9
    20    21     0     0     0     0     0     0     0
     4     4     3     4     5     6     7     8     9
    20    21     0     0     0     0     0     0     0
     3     3     3     4     5     6     7     8     9
    -1    -1     0     0     0     0     0     0     0
     3     3     3     4     5     6     7     8     9
    -1    -1     0     0     0     0     0     0     0
